,R0,R1,R2,R3,R4,R5,R6,R7,R8,R9,R10,R11,R12,R13,R14,R15,R16,R17,R18,R19,R20,R21,R22,R23,R24,R25,R26,R27,R28,R29,R30,R31,R32,R33,R34,R35,R36,R37,R38,R39,R40,R41,R42,R43,R44,R45,R46,R47,R48,R49,R50,R51,R52,R53,R54,R55,R56,R57,R58,R59,R60,R61,R62,R63,R64,R65,R66,R67,R68,R69,R70,R71,R72,R73,R74,R75,R76,R77,R78,R79,R80,R81,R82,R83,R84,R85,R86,R87,R88,R89,R90,R91,R92,R93,R94,R95
0,0,0,0,0,0,0,0,0,0,0,0,0,0,0,0,0,0,0,0,0,0,0,0,0,0,0,0,0,0,0,0,0,0,0,0,0,0,0,0,0,0,0,0,0,0,0,0,0,0,0,0,0,0,0,0,0,0,0,0,0,0,0,0,0,0,0,0,0,0,0,0,0,0,0,0,0,0,0,0,0,0,0,0,0,0,0,0,0,0,0,0,0,0,0,0,0
1,0,0,0,0,0,0,0,0,0,0,0,0,0,0,0,0,0,0,0,0,0,0,0,0,0,0,0,0,0,0,0,0,0,0,0,0,0,0,0,0,0,0,0,0,0,0,0,0,0,0,0,0,0,0,0,0,0,0,0,0,0,0,0,0,0,0,0,0,0,0,0,0,0,0,0,0,0,0,0,0,0,0,0,0,0,0,0,0,0,0,0,0,0,0,0,0
2,0,0,0,0,0,0,0,0,0,0,0,0,0,0,0,0,0,0,0,0,0,0,0,0,0,0,0,0,0,0,0,0,0,0,0,0,0,0,0,0,0,0,0,0,0,0,0,0,0,0,0,0,1,0,0,0,0,0,0,0,0,0,0,0,0,0,0,0,0,0,0,0,0,0,0,0,0,0,0,0,0,0,0,0,0,0,0,0,0,0,0,0,0,0,0,0
3,0,0,0,0,0,0,0,0,0,0,0,0,0,0,0,0,0,0,0,0,0,0,0,0,0,0,0,0,0,0,0,0,0,0,0,0,0,0,0,0,0,0,0,0,0,0,0,0,0,0,0,0,1,0,0,0,0,0,0,0,0,0,0,0,0,0,0,0,0,0,0,0,0,0,0,0,0,0,0,0,0,0,0,0,0,0,0,0,0,0,0,0,0,0,0,0
4,0,0,0,0,0,0,0,0,0,0,0,0,0,0,0,0,0,0,0,0,0,0,0,0,0,0,0,0,0,0,0,0,0,0,0,0,0,0,0,0,0,0,0,0,0,0,0,0,0,0,0,0,1,0,0,0,0,0,0,0,0,0,0,0,0,0,0,0,0,0,0,0,0,0,0,0,0,0,0,0,0,0,0,0,0,0,0,0,0,0,0,0,0,0,0,0
5,0,0,0,0,0,0,0,0,0,0,0,0,0,0,0,0,0,0,0,0,0,0,0,0,0,0,0,0,0,0,0,0,0,0,0,0,0,0,0,0,0,0,0,0,0,0,0,0,0,0,0,0,1,0,0,0,0,0,0,0,0,0,0,0,0,0,0,0,0,0,0,0,0,0,0,0,0,0,0,0,0,0,0,0,0,0,0,0,0,0,0,0,0,0,0,0
6,0,0,0,0,0,0,0,0,0,0,0,0,0,0,0,0,0,0,0,0,0,0,0,0,0,0,0,0,0,0,0,0,0,0,0,0,0,0,0,0,0,0,1,0,0,0,0,0,0,0,0,0,1,0,0,0,0,0,0,0,0,0,0,0,0,0,0,0,0,0,0,0,0,0,0,0,0,0,0,0,0,0,0,0,0,0,0,0,0,0,0,0,0,0,0,0
7,0,0,0,0,0,0,0,0,0,0,0,0,0,0,0,0,0,0,0,0,0,0,0,0,0,0,0,0,0,0,0,0,0,0,0,0,0,0,0,0,0,0,1,0,0,0,0,0,0,0,0,0,1,0,0,0,0,0,0,0,0,0,0,0,0,0,0,0,0,0,0,0,0,0,0,0,0,0,0,0,0,0,0,0,0,0,0,0,0,0,0,0,0,0,0,0
8,0,0,0,0,0,0,0,0,0,0,0,0,0,0,0,0,0,0,0,0,0,0,0,0,0,0,0,0,0,0,0,0,0,0,0,0,0,0,0,0,0,0,1,0,0,0,0,0,0,0,0,0,1,0,0,0,0,0,0,0,0,0,0,0,0,0,0,0,0,0,0,0,0,0,0,0,0,0,0,0,0,0,0,0,0,0,0,0,0,0,0,0,0,0,0,0
9,0,0,0,0,0,0,0,0,0,0,0,0,0,0,0,0,0,0,0,0,0,0,0,0,0,0,0,0,0,0,0,0,0,0,0,0,0,0,0,0,0,0,1,0,0,0,0,0,0,0,0,0,1,0,0,0,0,0,0,0,0,0,0,0,0,0,0,0,0,0,0,0,0,0,0,0,0,0,0,0,0,0,0,0,0,0,0,0,0,0,0,0,0,0,0,0
10,0,0,0,0,0,0,0,0,0,0,0,0,0,0,0,0,0,0,0,0,0,0,0,0,0,0,0,0,0,0,0,0,0,0,0,0,0,0,0,0,0,0,1,0,0,0,0,0,0,0,0,0,1,0,0,0,0,0,0,0,0,0,0,0,0,0,0,0,0,0,0,0,0,0,0,0,0,0,0,0,0,0,0,0,0,0,0,0,0,0,0,0,0,0,0,0
11,0,0,0,0,0,0,0,0,0,0,0,0,0,0,0,0,0,0,0,0,0,0,0,0,0,0,0,0,0,0,0,0,0,0,0,1,0,0,0,0,0,0,1,0,0,0,0,0,0,0,0,0,1,0,0,0,0,0,0,0,0,0,0,0,0,0,0,0,0,0,0,0,0,0,0,0,0,0,0,0,0,0,0,0,0,0,0,0,0,0,0,0,0,0,0,0
12,0,0,0,0,0,0,0,0,0,0,0,0,0,0,0,0,0,0,0,0,0,0,0,0,0,0,0,0,0,0,0,0,0,0,0,1,0,0,0,0,0,0,1,0,0,0,0,0,0,0,0,0,1,0,0,0,0,0,0,0,0,0,0,0,0,0,0,0,0,0,0,0,0,0,0,0,0,0,0,0,0,0,0,0,0,0,0,0,0,0,0,0,0,0,0,0
13,0,0,0,0,0,0,0,0,0,0,0,0,0,0,0,0,0,0,0,0,0,0,0,0,0,0,0,0,0,0,0,0,0,0,0,1,0,0,0,0,0,0,1,0,0,0,0,0,0,0,0,0,1,0,0,0,0,0,0,0,0,0,0,0,0,0,0,0,0,0,0,0,0,0,0,0,0,0,0,0,0,0,0,0,0,0,0,0,0,0,0,0,0,0,0,0
14,1,0,0,0,0,0,0,0,0,0,0,0,0,0,0,0,0,0,0,0,0,0,0,0,0,0,0,0,0,0,0,0,0,0,0,1,0,0,0,0,0,0,1,0,0,0,0,0,0,0,0,0,1,0,0,0,0,0,0,0,0,0,0,0,0,0,0,0,0,0,0,0,0,0,0,0,0,0,0,0,0,0,0,0,0,0,0,0,0,0,0,0,0,0,0,0
15,1,0,0,0,0,0,0,0,0,0,0,0,0,0,0,0,0,0,0,0,0,0,0,0,0,0,0,0,0,0,0,0,0,0,0,1,0,0,0,0,0,0,1,0,0,0,0,0,0,0,0,0,1,0,0,0,0,0,0,0,0,0,0,0,0,0,0,0,0,0,0,0,0,0,0,0,0,0,0,0,0,0,0,0,0,0,0,0,0,0,0,0,0,0,0,0
16,1,0,0,0,0,0,0,0,0,0,0,0,0,0,0,0,0,0,0,0,0,0,0,0,0,0,0,0,0,0,0,0,0,0,0,1,0,0,0,0,0,0,1,0,0,0,0,0,0,0,0,0,1,0,0,0,0,0,0,0,0,0,0,0,0,0,0,0,0,0,0,0,0,0,0,0,0,0,0,0,0,0,0,0,0,0,0,0,0,0,0,0,0,0,0,0
17,1,0,0,0,0,0,0,0,0,0,0,0,0,0,0,0,0,0,0,0,0,0,0,0,0,0,0,0,0,0,0,0,0,0,0,1,0,0,0,0,0,0,1,0,0,0,0,0,0,0,0,0,1,0,0,0,0,0,0,0,0,0,0,0,0,0,0,0,0,0,0,0,0,0,0,0,0,0,0,0,0,0,0,0,0,0,0,0,0,0,0,0,0,0,0,0
18,1,0,0,0,0,0,0,0,0,0,0,0,0,0,0,0,0,0,0,0,0,0,0,0,0,0,0,0,0,0,0,0,0,0,0,1,0,0,0,0,0,0,1,0,0,0,0,0,0,0,0,0,1,0,0,0,0,0,0,0,0,0,0,0,0,0,0,0,0,0,0,0,0,0,0,0,0,0,0,0,0,0,0,0,0,0,0,0,0,0,0,0,0,0,0,0
19,1,0,0,0,0,0,0,0,0,0,0,0,0,0,0,0,0,0,0,0,0,0,0,0,0,0,0,0,0,0,0,0,0,0,0,1,0,0,0,0,0,0,1,0,0,0,0,0,0,0,0,0,1,0,0,0,0,0,0,0,0,0,0,0,0,0,0,0,0,0,0,0,0,0,0,0,0,0,0,0,0,0,0,0,0,0,0,0,0,0,0,0,0,0,0,0
20,1,0,0,0,0,0,0,0,0,0,0,0,0,0,0,0,0,0,0,0,0,0,0,0,0,0,0,0,0,0,0,0,0,0,0,1,0,0,0,0,0,0,1,0,0,0,0,0,0,0,0,0,1,0,0,0,0,0,0,0,0,0,0,0,0,0,0,0,0,0,0,0,0,0,0,0,0,0,0,0,0,0,0,0,0,0,0,0,0,0,0,0,0,0,0,0
21,1,0,0,0,0,0,0,0,0,0,0,0,0,0,0,0,0,0,0,0,0,0,0,0,0,0,0,0,0,0,0,0,0,0,0,1,0,0,0,0,0,0,1,0,0,0,0,0,0,0,0,0,1,0,0,0,0,0,0,0,0,0,0,0,0,0,0,0,0,0,0,0,0,0,0,0,0,0,0,0,0,0,0,0,0,0,0,0,0,0,0,0,0,0,0,0
22,1,0,0,0,0,0,0,0,0,0,0,0,0,0,0,0,0,0,0,0,0,0,0,0,0,0,0,0,0,0,0,0,0,0,0,1,0,0,0,0,0,0,1,0,0,0,0,0,0,0,0,0,1,0,0,0,0,0,0,0,0,0,0,0,0,0,0,0,0,0,0,0,0,0,0,0,0,0,0,0,0,0,0,0,0,0,0,0,0,0,0,0,0,0,0,0
23,1,0,0,0,0,0,0,0,0,0,0,0,0,0,0,0,0,0,0,0,0,0,0,0,0,0,0,0,0,0,0,0,0,0,0,1,0,0,0,0,0,0,1,0,0,0,0,0,0,0,0,0,1,0,0,0,0,0,0,0,0,0,0,0,0,0,0,0,0,0,0,0,0,0,0,0,0,0,0,0,0,0,0,0,0,0,0,0,0,0,0,0,0,0,0,0
24,1,0,0,0,0,0,0,0,0,0,0,0,0,0,0,0,0,0,0,0,0,0,0,0,0,0,0,0,0,0,0,0,0,0,0,1,0,0,0,0,0,0,1,0,0,0,0,0,0,0,0,0,1,0,0,0,0,0,0,0,0,0,0,0,0,0,0,0,0,0,0,0,0,0,0,0,0,0,0,0,0,0,0,0,0,0,0,0,0,0,0,0,0,0,0,0
25,1,0,0,0,0,0,0,0,0,0,0,0,0,0,0,0,0,0,0,0,0,0,0,0,0,0,0,0,0,0,0,0,0,0,0,1,0,0,0,0,0,0,1,0,0,0,0,0,0,0,0,0,1,0,0,0,0,0,0,0,0,0,0,0,0,0,0,0,0,0,0,0,0,0,0,0,0,0,0,0,0,0,0,0,0,0,0,0,0,0,0,0,0,0,0,0
26,1,0,0,0,0,0,0,0,0,0,0,0,0,0,0,0,0,0,0,0,0,0,0,0,0,0,0,0,0,0,0,0,0,0,0,1,0,0,0,0,0,0,1,0,0,0,0,0,0,0,0,0,1,0,0,0,0,0,0,0,0,0,0,0,0,0,0,0,0,0,0,0,0,0,0,0,0,0,0,0,0,0,0,0,0,0,0,0,0,0,0,0,0,0,0,0
27,1,0,0,0,0,0,0,0,0,0,0,0,0,0,0,0,0,0,0,0,0,0,0,0,0,0,0,0,0,0,0,0,0,0,0,1,0,0,0,0,0,0,1,0,0,0,0,0,0,0,0,0,1,0,0,0,0,0,0,0,0,0,0,0,0,0,0,0,0,0,0,0,0,0,0,0,0,0,0,0,0,0,0,0,0,0,0,0,0,0,0,0,0,0,0,0
28,1,0,0,0,0,0,0,0,0,0,0,0,0,0,0,0,0,0,0,0,0,0,0,0,0,0,0,0,0,0,0,0,0,0,0,1,0,0,0,0,0,0,1,0,0,0,0,0,0,0,0,0,1,0,0,0,0,0,0,0,0,0,0,0,0,0,0,0,0,0,0,0,0,0,0,0,0,0,0,0,0,1,0,0,0,0,0,0,0,0,0,0,0,0,0,0
29,1,0,0,0,0,0,0,0,0,0,0,0,0,0,0,0,0,0,0,0,0,0,0,0,0,0,0,0,0,0,0,0,0,0,0,1,0,0,0,0,0,0,1,0,0,0,0,0,0,0,0,0,1,0,0,0,0,0,0,0,0,0,0,0,0,1,0,0,0,0,0,0,0,0,0,0,0,0,0,0,0,1,0,0,0,0,0,0,0,0,0,0,0,0,0,0
30,1,0,0,0,0,0,0,0,0,0,0,0,0,0,0,0,0,0,0,0,0,0,0,0,0,0,0,0,0,0,0,0,0,0,0,1,0,0,0,0,0,0,1,0,0,0,0,0,0,0,0,0,1,0,0,0,0,0,0,0,0,0,0,0,0,1,0,0,0,0,0,0,0,0,0,0,0,0,0,0,0,1,0,0,0,0,0,0,0,0,0,0,0,0,0,0
31,1,0,0,0,0,0,0,0,0,0,0,0,0,0,0,0,0,0,0,0,0,0,0,0,0,0,0,0,0,0,0,0,0,0,0,1,0,0,0,0,0,0,1,0,0,0,0,0,0,0,0,0,1,0,0,0,0,0,0,0,0,0,0,0,0,1,0,0,0,0,0,0,0,0,0,0,0,0,0,0,0,1,0,0,0,0,0,0,0,0,0,0,0,0,0,0
32,1,0,0,0,0,0,0,0,0,0,0,0,0,0,0,0,0,0,0,0,0,0,0,0,0,0,0,0,0,0,0,0,0,0,0,1,0,0,0,0,0,0,1,0,0,0,0,0,0,0,0,0,1,0,0,0,0,0,0,0,0,0,0,0,0,1,0,0,0,0,0,0,0,0,0,0,0,0,0,0,0,1,0,0,0,0,0,0,0,0,0,0,0,0,0,0
33,1,0,0,0,0,0,0,0,0,0,0,0,0,0,0,0,0,0,0,0,0,0,0,0,0,0,0,0,0,0,0,0,0,0,0,1,0,0,0,0,0,0,1,0,0,0,0,0,0,0,0,0,1,0,0,0,0,0,0,0,0,0,0,0,0,1,0,0,0,0,0,0,0,0,0,0,0,0,0,0,0,1,0,0,0,0,0,0,0,0,0,0,0,0,0,0
34,1,0,0,0,0,0,0,0,0,0,0,0,0,0,0,0,0,0,0,0,0,0,0,0,0,0,0,0,0,0,0,0,0,0,0,1,0,0,0,0,0,0,1,0,0,0,0,0,0,0,0,0,1,0,0,0,0,0,0,0,0,0,0,0,0,1,0,0,0,0,0,0,0,0,0,0,0,0,0,0,0,1,0,0,0,0,0,0,0,0,0,0,0,0,0,0
35,1,0,0,0,0,0,0,0,0,0,0,0,0,0,0,0,0,0,0,0,0,0,0,0,0,0,0,0,0,0,0,0,0,0,0,1,0,0,0,0,0,0,1,0,0,0,0,0,0,0,0,0,1,0,0,0,0,0,0,0,0,0,0,0,0,1,0,0,0,0,0,0,0,0,0,0,0,0,0,0,0,1,0,0,0,0,0,0,0,0,0,0,0,0,0,0
36,1,0,0,0,0,0,0,0,0,0,0,0,0,0,0,0,0,0,0,0,0,0,0,0,0,0,0,0,0,0,0,0,0,0,0,1,0,0,0,0,0,0,1,0,0,0,0,0,0,0,0,0,1,0,0,0,0,0,0,0,0,0,0,0,0,1,0,0,0,0,0,0,0,0,0,0,0,0,0,0,0,1,0,0,0,0,0,0,0,0,0,0,0,0,0,0
37,1,0,0,0,0,0,0,0,0,0,0,0,0,0,0,0,0,0,0,0,0,0,0,0,0,0,0,0,0,0,0,0,0,0,0,1,0,0,0,0,0,0,1,0,0,0,0,0,0,0,0,0,1,0,0,0,0,0,0,0,0,0,0,0,0,1,0,0,0,0,0,0,0,0,0,0,0,0,0,0,0,1,0,0,0,0,0,0,0,0,0,0,0,0,0,0
38,1,0,0,0,0,0,0,0,0,0,0,0,0,0,0,0,0,0,0,0,0,0,0,0,0,0,0,0,0,0,0,0,0,0,0,1,0,0,0,0,0,0,1,0,0,0,0,0,0,0,0,0,1,0,0,0,0,0,0,0,0,0,0,0,0,1,0,0,0,0,0,0,0,1,0,0,0,0,0,0,0,1,0,0,0,0,0,0,0,0,0,0,0,0,0,0
39,1,0,0,0,0,0,0,0,0,0,0,0,0,0,0,0,0,0,1,0,0,0,0,0,0,0,0,0,0,0,0,0,0,0,0,1,0,0,0,0,0,0,1,0,0,0,0,0,0,0,0,0,1,0,0,0,0,0,0,0,0,0,0,0,0,1,0,0,0,0,0,0,0,1,0,1,0,0,0,0,0,1,0,0,0,0,0,0,0,0,0,0,0,0,0,0
40,1,0,0,0,0,0,0,0,0,0,0,0,0,0,0,0,0,0,1,0,0,0,0,0,0,0,0,0,0,0,0,0,0,0,0,1,0,0,0,0,0,0,1,0,0,0,0,0,0,0,0,0,1,0,0,0,0,0,0,0,0,0,0,0,0,1,0,1,0,0,0,0,0,1,0,1,0,0,0,0,0,1,0,0,0,0,0,0,0,0,0,0,0,0,0,0
41,1,0,0,0,0,0,0,0,0,0,0,0,0,0,0,0,0,0,1,0,0,0,0,0,0,0,0,0,0,0,0,0,0,0,0,1,0,0,0,0,0,0,1,0,0,0,0,0,0,0,0,0,1,0,0,0,0,0,0,0,0,0,0,0,0,1,0,1,0,0,0,0,0,1,0,1,0,0,0,0,0,1,0,0,0,0,0,0,0,0,0,0,0,0,0,0
42,1,0,0,0,0,0,0,0,0,0,0,0,0,0,0,0,0,0,1,0,0,0,0,0,0,0,0,0,0,0,0,0,0,0,0,1,0,0,0,0,0,0,1,0,0,0,0,0,0,0,0,0,1,0,0,0,0,0,0,0,0,0,0,0,0,1,0,1,0,0,0,0,0,1,0,1,0,0,0,0,0,1,0,0,0,0,0,0,0,0,0,0,0,0,0,0
43,1,0,0,0,0,0,0,0,0,0,0,0,0,0,0,0,0,0,1,0,0,0,0,0,0,0,0,0,0,0,0,0,0,0,0,1,0,0,0,0,0,0,1,0,0,0,0,0,0,0,0,0,1,0,0,0,0,0,0,0,0,0,0,0,0,1,0,1,0,0,0,0,0,1,0,1,0,0,0,0,0,1,0,0,0,0,0,0,0,0,0,0,0,0,0,0
44,1,0,0,0,0,0,0,0,0,0,0,0,0,0,0,0,0,0,1,0,0,0,0,0,0,0,0,0,0,0,0,0,0,0,0,1,0,0,0,0,0,0,1,0,0,0,0,0,0,0,0,0,1,0,0,0,0,0,0,0,0,0,0,0,0,1,0,1,0,0,0,0,0,1,0,1,0,0,0,0,0,1,0,0,0,0,0,0,0,0,0,0,0,0,0,0
45,1,0,0,0,0,0,0,0,0,0,0,0,0,0,0,0,0,0,1,0,0,0,0,0,0,0,0,0,0,0,0,0,0,0,0,1,0,0,0,0,0,0,1,0,0,0,0,0,0,0,0,0,1,0,0,0,0,0,0,0,0,0,0,0,0,1,0,1,0,0,0,0,0,1,0,1,0,0,0,0,0,1,0,0,0,0,0,0,0,0,0,0,0,0,0,0
46,1,0,0,0,0,0,0,0,0,0,0,0,0,0,0,0,0,0,1,0,0,0,0,0,0,0,0,0,0,0,0,0,0,0,0,1,0,0,0,0,0,0,1,0,0,0,0,0,0,0,0,0,1,0,0,0,0,0,0,0,0,0,0,0,0,1,0,1,0,0,0,0,0,1,0,1,0,0,0,0,0,1,0,0,0,0,0,0,0,0,0,0,0,0,0,0
47,1,0,0,0,0,0,0,0,0,0,0,0,0,0,0,0,0,0,1,0,0,0,0,0,0,0,0,0,0,0,0,0,0,0,0,1,0,0,0,0,0,0,1,0,0,0,0,0,0,0,0,0,1,0,0,0,0,0,0,0,0,0,0,0,0,1,0,1,0,0,0,0,0,1,0,1,0,0,0,0,0,1,0,0,0,0,0,0,0,0,0,0,0,0,0,0
48,1,0,0,0,0,0,0,0,0,0,0,0,0,0,0,0,0,0,1,0,0,0,0,0,0,0,0,0,0,0,0,0,0,0,0,1,0,0,0,0,0,0,1,0,0,0,0,0,0,0,0,0,1,0,0,0,0,0,0,0,0,0,0,0,0,1,0,1,0,0,0,0,0,1,0,1,0,0,0,0,0,1,0,0,0,0,0,0,0,0,0,0,0,0,0,0
49,1,0,0,0,0,0,0,0,0,0,0,0,0,0,0,0,0,0,1,0,0,0,1,0,0,0,0,0,0,0,0,0,0,0,0,1,0,0,0,0,0,0,1,0,0,0,0,0,0,0,0,0,1,0,0,0,0,0,0,0,0,0,0,0,0,1,0,1,0,0,0,0,0,1,0,1,0,0,0,0,0,1,0,1,0,0,0,0,0,0,0,0,0,0,0,0
50,1,0,0,0,0,0,0,0,0,0,0,0,0,0,0,0,0,0,1,0,0,0,1,0,0,0,0,0,0,0,0,0,0,0,0,1,0,0,0,0,0,0,1,0,0,0,0,0,0,0,0,0,1,0,0,0,0,0,0,0,0,0,0,0,0,1,0,1,0,0,0,0,0,1,0,1,0,0,0,0,0,1,0,1,0,0,0,0,0,0,0,0,0,0,0,0
51,1,0,0,0,0,0,0,0,0,0,0,0,0,0,0,0,0,0,1,0,0,0,1,0,0,0,0,0,0,0,0,0,0,0,0,1,0,0,0,0,0,0,1,0,0,0,0,0,0,0,0,0,1,0,0,0,0,0,0,0,0,0,0,0,0,1,0,1,0,0,0,0,0,1,0,1,0,0,0,0,0,1,0,1,0,0,0,0,0,0,0,0,0,0,0,0
52,1,0,0,0,0,0,0,0,0,0,0,0,0,0,0,0,0,0,1,0,0,0,1,0,0,0,0,0,0,0,0,0,0,0,0,1,0,0,0,0,0,0,1,0,0,0,0,0,0,0,0,0,1,0,0,0,0,0,0,0,0,0,0,0,0,1,0,1,0,0,0,0,0,1,0,1,0,0,0,0,0,1,1,1,0,0,0,0,0,0,0,0,0,0,0,0
53,1,0,0,0,0,0,0,0,0,0,0,0,0,0,0,0,0,0,1,0,0,0,1,0,0,0,0,0,0,0,0,0,0,0,0,1,0,0,0,0,0,0,1,0,0,0,0,0,0,0,0,0,1,0,0,0,0,0,0,0,0,0,0,0,0,1,0,1,0,0,0,0,0,1,0,1,0,0,0,0,0,1,1,1,0,0,0,0,0,0,0,0,0,0,0,0
54,1,0,0,0,0,0,0,0,0,0,0,0,0,0,0,0,0,0,1,0,0,0,1,0,0,0,0,0,0,0,0,0,0,0,0,1,0,0,0,0,0,0,1,0,0,0,0,0,0,0,0,0,1,0,0,0,0,0,0,0,0,0,0,0,0,1,0,1,0,0,0,0,0,1,0,1,0,0,0,0,0,1,1,1,0,0,0,0,0,0,0,0,0,0,0,0
55,1,0,0,0,0,0,0,0,0,0,0,0,0,0,0,0,0,0,1,0,0,0,1,0,0,0,0,0,0,0,0,0,0,0,0,1,0,0,0,0,0,0,1,0,0,0,0,0,0,0,0,0,1,0,0,0,0,0,0,0,0,0,0,0,0,1,0,1,0,0,0,0,0,1,0,1,0,0,0,0,0,1,1,1,0,0,0,0,0,0,0,0,0,0,0,0
56,1,0,0,0,0,0,0,0,0,0,0,0,0,0,0,0,0,0,1,0,0,0,1,0,0,0,0,0,0,0,0,0,0,0,0,1,0,0,0,0,0,0,1,0,0,0,0,0,0,0,0,0,1,0,0,0,0,0,0,0,0,0,0,0,0,1,0,1,0,0,0,0,0,1,0,1,0,0,0,0,0,1,1,1,0,0,0,0,0,0,0,0,0,0,0,0
57,1,0,0,0,0,0,0,0,0,0,0,0,0,0,0,0,0,0,1,0,0,0,1,0,0,0,0,0,0,0,0,0,0,0,0,1,0,0,0,0,0,0,1,0,0,0,0,0,0,0,0,0,1,0,0,0,0,0,0,0,0,0,0,0,0,1,0,1,0,0,0,0,0,1,0,1,0,0,0,0,0,1,1,1,0,0,0,0,0,0,0,0,0,0,0,0
58,1,0,0,0,0,0,0,0,0,0,0,0,0,0,0,0,0,0,1,0,0,0,1,0,0,0,0,0,0,0,0,0,0,0,0,1,0,0,0,0,0,0,1,0,0,0,0,0,0,0,0,0,1,0,0,0,0,0,0,0,0,0,0,0,0,1,0,1,0,0,0,0,0,1,0,1,0,0,0,0,0,1,1,1,0,0,0,0,0,0,0,0,0,0,0,0
59,1,0,0,0,0,0,0,0,0,0,0,0,0,0,0,0,0,0,1,0,0,0,1,0,0,0,0,0,0,0,0,0,0,0,0,1,0,0,0,0,0,0,1,0,0,0,0,0,0,0,0,0,1,0,0,0,0,0,0,0,0,0,0,0,0,1,0,1,0,0,0,0,0,1,0,1,0,0,0,0,0,1,1,1,0,0,0,0,0,0,0,0,0,0,0,0
60,1,0,0,0,0,0,0,0,0,0,0,0,0,0,0,0,0,0,1,0,0,0,1,0,0,0,0,0,0,0,0,0,0,0,0,1,0,0,0,0,0,0,1,0,0,0,0,0,0,0,0,0,1,0,0,0,0,0,0,0,0,0,0,0,0,1,0,1,0,0,0,0,0,1,0,1,0,0,0,0,0,1,1,1,0,0,0,0,0,0,0,0,0,0,0,0
61,1,0,0,0,0,0,0,0,0,0,0,0,0,0,0,0,0,0,1,0,0,0,1,0,0,0,0,0,0,0,0,0,0,0,0,1,0,0,0,0,0,0,1,0,0,0,0,0,0,0,0,0,1,0,0,0,0,0,0,0,0,0,0,0,0,1,0,1,0,0,0,0,0,1,0,1,0,1,0,0,0,1,1,1,0,0,0,0,0,0,0,0,0,0,0,0
62,1,0,0,0,0,0,0,0,0,0,0,0,0,0,0,0,0,0,1,0,0,0,1,0,0,0,0,0,0,0,0,0,0,0,0,1,0,0,0,0,0,0,1,0,0,0,0,0,0,0,0,0,1,0,0,0,0,0,0,0,0,0,0,0,0,1,0,1,0,0,0,0,0,1,0,1,0,1,0,0,0,1,1,1,0,0,0,0,0,0,0,0,0,0,0,0
63,1,0,0,0,0,0,0,0,0,0,0,0,0,0,0,0,0,0,1,0,0,0,1,0,0,0,0,0,0,0,0,0,0,0,0,1,0,0,0,0,0,0,1,0,0,0,0,0,0,0,0,0,1,0,0,0,0,0,0,0,0,0,0,0,0,1,0,1,0,0,0,0,0,1,0,1,0,1,0,0,0,1,1,1,0,0,0,0,0,0,0,0,0,0,0,0
64,1,0,0,0,0,0,0,0,0,0,0,0,0,0,0,0,0,0,1,0,0,0,1,0,0,0,0,0,0,0,0,0,0,0,0,1,0,1,0,0,0,0,1,0,0,0,0,0,0,0,0,0,1,0,0,0,0,0,0,0,0,0,0,0,0,1,0,1,0,0,0,0,0,1,0,1,0,1,0,0,0,1,1,1,0,0,0,0,0,0,0,0,0,0,0,0
65,1,0,0,0,0,0,0,0,0,0,0,0,0,0,0,0,0,0,1,0,0,0,1,0,0,0,0,0,0,0,0,0,0,0,0,1,0,1,0,0,0,0,1,0,0,0,0,0,0,0,0,0,1,0,0,0,0,0,0,0,0,0,0,0,0,1,0,1,0,0,0,0,0,1,0,1,0,1,0,0,0,1,1,1,0,0,0,0,0,0,0,0,0,0,0,0
66,1,0,0,0,0,0,0,0,0,0,0,0,0,0,0,0,0,0,1,0,0,0,1,0,0,0,0,0,0,0,0,0,0,0,0,1,0,1,0,0,0,0,1,0,0,0,0,0,0,0,0,0,1,0,0,0,0,0,0,0,0,0,0,0,0,1,0,1,0,0,0,0,0,1,0,1,0,1,0,0,0,1,1,2,0,0,0,0,0,0,0,0,0,0,0,0
67,1,0,0,0,0,0,0,0,0,0,0,0,0,0,0,0,0,0,1,0,0,0,1,0,0,0,0,0,0,0,0,0,0,0,0,1,0,1,0,0,0,0,1,0,0,0,0,0,0,0,0,0,1,0,0,0,0,0,0,0,0,0,0,0,0,1,0,1,0,0,0,0,0,1,0,1,0,1,0,0,0,1,1,2,0,0,0,0,0,0,0,0,0,0,0,0
68,1,0,0,0,0,0,0,0,0,0,0,0,0,0,0,0,0,0,1,0,0,0,1,0,0,0,0,0,0,0,0,0,0,0,0,1,0,1,0,0,0,0,1,0,0,0,0,0,0,0,0,0,1,0,0,0,0,0,0,0,0,0,0,0,0,1,0,1,0,0,0,0,0,1,0,1,0,1,0,0,0,1,1,2,0,0,0,0,0,0,0,0,0,0,0,0
69,1,0,0,0,0,0,0,0,0,0,0,0,0,0,0,0,0,0,1,0,0,0,1,0,0,0,0,0,0,0,0,0,0,0,0,1,0,1,0,0,0,0,1,0,0,0,0,0,0,0,0,0,1,0,0,0,0,0,0,0,0,0,0,0,0,1,0,1,0,0,0,0,0,1,0,1,0,1,0,0,0,1,1,2,0,0,0,0,0,0,0,0,0,0,0,0
70,1,0,0,0,0,0,0,0,0,0,0,0,0,0,0,0,0,0,1,0,0,0,1,0,0,0,0,0,0,0,0,0,0,0,0,1,0,1,0,0,0,0,1,0,0,0,0,0,0,0,0,0,1,0,0,0,0,0,0,0,0,0,0,0,0,1,0,1,0,0,0,0,0,1,0,1,0,1,0,0,0,1,1,2,0,0,0,0,0,0,0,0,0,0,0,0
71,1,0,0,0,0,0,0,0,0,0,0,0,0,0,0,0,0,0,1,0,0,0,1,0,0,0,0,0,0,0,0,0,0,0,0,1,0,1,0,0,0,0,1,0,0,0,0,0,0,0,0,0,1,0,0,0,0,0,0,0,0,0,0,0,0,1,0,1,0,0,0,0,0,1,0,1,0,1,0,0,0,1,1,2,0,0,0,0,0,0,0,0,0,0,0,0
72,1,0,0,0,0,0,0,0,0,0,0,0,0,0,0,0,0,0,1,0,0,0,1,0,0,0,0,0,0,0,0,0,0,0,0,1,1,1,0,0,0,0,1,0,0,0,0,0,0,0,0,0,1,0,0,0,0,0,0,0,0,0,0,0,0,1,0,1,0,0,0,0,0,1,0,1,0,1,0,0,0,1,1,2,0,0,0,0,0,0,0,0,0,0,0,0
73,1,0,0,0,0,0,0,0,0,0,0,0,0,0,0,0,0,0,1,0,0,0,1,0,0,0,0,0,0,0,0,0,0,0,0,1,1,1,0,0,0,0,1,0,0,0,0,0,0,0,0,0,1,0,0,0,0,0,0,0,0,0,0,0,0,1,0,1,0,0,0,0,0,1,0,1,0,1,0,0,0,1,1,2,0,0,0,0,0,0,0,0,0,0,0,0
74,1,0,0,0,0,0,0,0,0,0,0,0,0,0,0,0,0,0,1,0,0,0,1,0,0,0,0,0,0,0,0,0,0,0,0,1,1,1,0,0,0,0,1,0,0,0,0,0,0,0,0,0,1,0,0,0,0,0,0,0,0,0,0,0,0,1,0,1,0,0,0,0,0,1,0,1,0,1,0,0,0,1,1,2,0,0,0,0,0,0,0,0,0,0,0,0
75,1,0,0,0,0,0,0,0,0,0,0,1,0,0,0,0,0,0,1,0,0,0,1,0,0,0,0,0,0,0,0,0,0,0,0,1,1,1,0,0,0,0,1,0,0,0,0,0,0,0,0,0,1,0,0,0,0,0,0,0,0,0,0,0,0,1,0,1,0,0,0,0,0,1,0,1,0,1,0,0,0,1,1,2,0,0,0,0,0,0,0,0,0,0,0,0
76,1,0,0,0,0,0,0,0,0,0,0,1,0,0,0,0,0,0,1,0,0,0,1,0,0,0,0,0,0,0,0,0,0,0,0,1,1,1,0,0,0,0,1,0,0,0,0,0,0,0,0,0,1,0,0,0,0,0,0,0,0,0,0,0,0,1,0,1,0,0,0,0,0,1,0,1,0,1,0,0,0,1,1,2,0,0,0,0,0,0,0,0,0,0,0,0
77,1,0,0,0,0,0,0,0,0,0,0,1,0,0,0,0,0,0,1,0,0,0,1,0,0,0,0,0,0,0,0,0,0,0,0,1,1,1,0,0,0,0,1,0,0,0,0,0,0,0,0,0,1,0,0,0,0,0,0,0,0,0,0,0,0,1,0,1,0,0,0,0,0,1,0,1,0,1,0,0,0,1,1,2,0,0,0,0,0,0,0,0,0,0,0,0
78,1,0,0,0,0,0,0,0,0,0,0,1,0,0,0,0,0,0,1,0,0,0,1,0,0,0,0,0,0,0,0,0,0,0,0,1,1,1,0,0,0,0,1,0,0,0,0,0,0,0,0,0,1,0,0,0,0,0,0,0,0,0,0,0,0,1,0,1,0,0,0,0,0,1,0,1,0,1,0,0,0,1,1,2,0,0,0,0,0,0,0,0,0,0,0,0
79,1,0,0,0,0,0,0,0,0,0,0,1,0,0,0,0,0,0,1,0,0,0,1,0,0,0,0,0,0,0,0,0,0,0,0,1,1,1,0,0,0,0,1,0,0,0,0,0,0,0,0,0,1,0,0,0,0,0,0,0,0,0,0,0,0,1,0,1,0,0,0,0,0,1,0,1,0,1,0,0,0,1,1,2,0,0,0,0,0,0,0,0,0,0,0,0
80,1,0,0,0,0,0,0,0,0,0,0,1,0,0,0,0,0,0,1,0,0,0,1,0,0,0,0,0,0,0,0,0,0,0,0,1,1,1,0,0,0,0,1,0,0,0,0,0,0,0,0,0,1,0,0,0,0,0,0,0,0,0,0,0,0,1,0,1,0,0,1,0,0,1,0,1,0,1,0,0,0,1,1,2,0,0,0,0,1,0,0,0,0,0,0,0
81,1,0,0,0,0,0,0,0,0,0,0,1,0,0,0,0,0,0,1,0,0,0,1,0,0,0,0,0,0,0,0,0,0,0,0,1,1,1,0,0,0,0,1,0,0,0,0,0,0,0,0,0,1,0,0,0,0,0,0,0,0,0,0,0,0,1,0,1,0,0,1,0,0,1,0,1,0,1,0,0,0,1,1,2,0,0,0,0,1,0,0,0,0,0,0,0
82,1,0,0,0,0,0,0,0,0,0,0,1,0,0,0,0,0,0,1,0,0,0,1,0,0,0,0,0,0,0,0,0,0,0,0,1,1,1,0,0,0,0,1,0,0,0,0,0,0,0,0,0,1,0,0,0,0,0,0,0,0,0,0,0,0,1,0,1,0,0,1,0,0,1,0,1,0,1,0,0,0,1,1,2,0,0,0,0,1,0,0,0,0,0,0,0
83,1,0,0,0,0,0,0,0,0,0,0,1,0,0,0,0,0,0,1,0,0,0,1,0,0,0,0,0,0,0,0,0,0,0,0,1,1,1,0,0,0,0,1,0,0,0,0,0,0,0,0,0,1,0,0,0,0,0,0,0,0,0,0,0,0,1,0,1,0,0,1,0,0,1,0,1,0,1,0,0,0,1,1,2,0,0,0,0,1,0,0,0,0,0,0,0
84,1,0,0,0,0,0,0,1,0,0,0,1,0,0,0,0,0,0,1,0,0,0,1,0,0,0,0,0,0,0,0,0,0,0,0,1,1,1,0,0,0,0,1,0,0,0,0,0,0,0,0,0,1,0,0,0,0,0,0,0,0,0,0,0,0,1,0,1,0,0,1,0,0,1,0,1,0,1,0,0,0,1,1,2,0,0,0,0,1,0,0,0,0,0,0,1
85,1,0,0,0,0,0,0,1,1,0,0,1,0,0,0,0,0,0,1,0,1,0,1,0,0,0,0,0,0,0,0,0,0,0,0,1,1,1,0,0,0,0,1,0,0,0,0,0,0,0,0,0,1,0,0,0,0,0,0,0,0,0,0,0,0,1,0,1,0,0,1,0,0,1,0,1,0,1,0,0,0,1,1,2,0,0,0,0,1,0,0,0,0,0,0,1
86,1,0,0,0,0,0,0,1,1,0,0,1,0,0,0,0,0,0,1,0,1,0,1,0,0,0,0,0,0,0,0,0,0,0,0,1,1,1,0,0,0,0,1,0,0,0,0,0,0,0,0,0,1,0,0,0,0,0,0,0,0,0,0,0,0,1,0,1,0,0,1,0,0,1,0,1,0,1,0,0,0,1,1,2,0,0,0,0,1,0,0,0,0,0,0,1
87,1,1,0,0,0,0,0,1,1,0,0,1,0,0,0,0,0,0,1,0,1,0,1,0,0,0,0,0,0,0,0,0,0,0,0,1,1,1,0,0,0,0,1,0,0,0,0,0,0,0,0,0,1,0,0,0,0,0,0,0,0,0,0,0,0,1,0,1,0,0,1,0,0,1,0,1,0,1,0,0,0,1,1,2,0,0,0,0,1,0,0,0,0,0,0,1
88,1,1,0,0,0,0,0,1,1,0,0,1,0,0,0,0,0,0,1,0,1,0,1,0,0,0,0,0,0,0,0,0,0,0,0,1,1,1,0,0,0,0,1,0,1,0,0,0,0,0,0,0,1,0,0,0,0,0,0,0,0,0,0,0,0,1,0,1,0,0,1,0,0,1,0,1,0,1,0,0,0,1,1,2,0,0,0,0,1,0,0,0,0,0,0,1
89,1,1,0,0,0,0,0,1,1,0,0,1,0,0,0,0,0,0,1,0,1,0,1,0,0,0,0,0,0,0,0,0,0,0,0,1,1,1,0,0,0,0,1,0,1,0,0,0,0,0,0,0,1,0,0,0,0,0,0,0,0,0,0,0,0,1,0,1,0,0,1,0,0,1,0,1,0,1,0,0,0,1,1,2,0,0,0,0,1,0,0,0,0,0,0,1
90,1,1,0,0,0,0,0,1,1,0,0,1,0,0,0,0,0,0,1,0,1,0,1,0,0,0,0,0,0,0,0,0,0,0,0,1,1,1,0,0,0,0,1,0,1,0,0,0,0,0,0,0,1,0,0,0,0,0,0,0,0,0,0,0,0,1,0,1,0,0,1,0,0,1,0,1,0,1,0,0,0,1,1,2,0,0,0,0,1,0,0,0,0,0,0,1
91,1,1,0,0,0,0,0,2,1,0,0,1,0,0,0,0,0,0,1,0,1,0,1,0,0,0,0,0,0,0,0,0,0,0,0,1,1,1,0,0,0,0,1,0,1,0,0,0,0,0,0,0,1,0,0,0,0,0,0,0,0,0,0,0,0,1,0,1,0,0,1,0,0,1,0,1,0,1,0,0,0,1,1,2,0,0,0,0,1,0,0,0,0,0,0,1
92,1,1,0,0,0,0,0,2,1,0,0,1,0,0,0,0,0,0,1,0,1,0,1,0,0,0,0,0,0,0,0,0,0,0,0,1,1,1,0,0,0,0,1,0,1,0,0,0,0,0,0,0,1,0,0,0,0,0,0,0,0,0,0,0,0,1,0,1,0,0,1,0,0,1,0,1,0,1,0,0,0,1,1,2,0,0,0,0,1,0,0,0,0,0,1,1
93,1,1,0,0,0,0,0,2,1,0,0,1,0,0,0,0,0,0,1,0,1,0,1,0,0,0,0,0,0,0,0,0,0,0,0,1,1,1,0,0,0,0,1,0,1,0,0,0,0,0,0,0,1,0,0,0,0,0,0,0,0,0,0,0,0,1,0,1,0,0,1,0,0,1,0,1,1,1,0,0,0,1,1,2,0,0,0,0,1,0,0,0,0,0,1,1
94,1,1,0,0,0,0,0,2,1,0,0,1,0,0,0,0,0,0,1,0,1,0,1,0,0,0,0,0,0,0,0,0,0,0,0,1,1,1,0,0,0,0,1,0,1,0,0,0,0,0,0,0,1,0,0,0,0,0,0,0,0,0,0,0,0,1,0,1,0,0,1,0,0,1,0,1,1,1,0,0,0,1,1,2,0,0,0,0,1,0,0,0,0,0,1,1
95,1,1,0,0,0,0,0,2,1,0,0,1,0,0,0,0,0,0,2,0,1,0,1,0,0,0,0,0,0,0,0,0,0,0,0,1,1,1,0,0,0,0,1,0,1,0,0,0,0,0,0,0,1,0,0,0,0,0,0,0,0,0,0,0,0,1,0,1,0,0,1,0,0,1,0,1,1,1,0,0,0,1,1,2,0,0,0,0,1,0,0,0,0,0,1,1
96,1,1,0,0,0,0,0,2,1,0,0,1,0,0,0,0,0,0,2,0,1,0,1,0,0,0,0,0,0,0,0,0,0,0,0,1,1,1,0,0,0,0,1,1,1,0,0,0,0,0,0,0,1,0,0,0,0,0,0,0,0,0,0,0,0,1,0,1,0,0,1,0,0,1,0,1,1,1,0,0,0,1,1,2,0,0,0,0,1,0,0,0,0,0,1,1
97,1,1,0,0,0,0,0,2,1,0,0,1,0,0,0,0,0,0,2,0,1,0,1,0,0,0,0,0,0,0,0,0,0,0,0,1,1,1,0,0,0,0,1,1,1,0,0,0,0,0,0,0,1,0,0,0,0,0,0,0,0,0,0,0,0,1,0,1,0,1,1,0,0,1,0,1,1,1,0,0,0,1,1,2,0,0,0,0,1,0,0,0,0,0,1,1
98,1,1,0,0,0,0,0,2,1,0,0,1,0,0,0,0,0,0,2,0,1,0,1,0,0,0,0,0,0,0,0,0,0,0,0,1,1,1,0,0,0,0,1,1,1,0,0,0,0,0,0,0,1,0,0,0,0,0,0,0,0,0,0,0,0,1,0,1,0,1,1,0,0,1,0,1,1,1,0,0,0,1,1,2,0,0,0,0,1,0,0,0,0,0,1,1
99,1,1,0,0,0,0,0,2,1,0,0,1,0,0,0,0,0,0,2,0,1,0,1,0,0,0,0,0,0,0,0,0,0,0,0,1,1,1,0,0,0,0,1,1,1,0,0,0,0,0,0,0,1,0,0,0,0,0,0,0,0,0,0,0,0,1,0,1,0,1,1,0,0,1,0,1,1,1,0,0,0,1,1,2,0,0,0,0,1,0,0,0,0,0,1,1
100,1,1,0,0,0,0,0,2,1,0,0,1,0,0,0,0,0,0,2,0,1,0,1,0,0,0,0,0,0,0,0,0,0,0,0,1,1,1,0,0,0,0,1,1,1,0,0,0,0,0,0,0,1,0,0,0,0,0,0,0,0,0,0,0,0,1,0,1,0,1,1,0,0,1,0,1,1,1,0,0,0,1,1,2,0,0,0,0,1,0,0,0,0,0,1,1
101,1,1,0,0,0,0,0,2,1,0,0,1,0,0,0,0,0,0,2,0,1,0,1,0,0,0,0,0,0,0,0,0,0,0,0,1,1,1,0,0,0,0,1,1,1,0,0,0,0,0,0,0,1,0,0,0,0,0,0,0,0,0,0,0,0,1,0,1,0,1,1,0,0,1,0,1,1,1,0,0,0,1,1,2,0,0,0,0,1,0,0,0,0,0,1,1
102,1,1,0,0,0,0,0,2,1,0,0,1,0,0,0,0,0,0,2,0,1,0,1,0,0,0,0,0,0,0,0,0,0,0,0,1,1,1,0,0,0,0,1,1,1,0,0,0,0,0,0,0,1,0,0,0,0,0,0,0,0,0,0,0,0,1,0,1,0,1,1,0,0,1,0,1,1,1,0,0,0,1,1,2,0,0,0,0,1,0,0,0,0,0,1,1
103,1,1,0,0,0,1,0,2,1,0,0,1,0,0,0,0,0,0,2,0,1,0,1,0,0,0,0,0,0,0,0,0,0,0,0,1,1,1,0,0,0,0,1,1,1,0,0,0,0,0,0,0,1,0,0,0,0,0,0,0,0,0,0,0,0,1,0,1,0,1,1,0,0,1,0,1,1,1,0,0,0,1,1,2,0,0,0,0,1,0,0,0,0,0,1,1
104,1,1,0,0,0,1,0,2,1,0,0,1,0,0,0,0,0,0,2,0,1,0,1,0,0,0,0,0,0,0,0,0,0,0,0,1,1,1,0,0,0,0,1,1,1,0,0,0,0,0,0,0,1,0,0,0,0,0,0,0,0,0,0,0,0,1,0,1,0,1,1,0,0,1,0,1,1,1,0,0,0,1,1,2,0,0,0,0,1,0,0,0,0,0,1,1
105,1,1,0,0,0,1,0,2,1,0,0,1,0,0,0,0,0,0,2,0,1,0,1,0,0,0,0,0,0,0,0,0,0,0,0,1,1,1,0,0,0,0,1,1,1,0,0,0,0,0,0,0,1,0,0,0,0,0,0,0,0,0,0,0,0,1,0,1,0,1,1,0,0,1,0,1,1,1,0,0,0,1,1,2,0,0,0,0,1,0,0,0,0,0,1,1
106,1,1,0,0,0,1,0,2,1,0,0,1,0,0,0,0,0,0,2,0,1,0,1,0,0,0,0,0,0,0,0,0,0,0,0,1,1,1,0,0,0,0,1,1,1,0,0,0,0,0,0,0,1,0,0,0,0,0,0,0,0,0,0,0,0,1,0,1,0,1,1,0,0,1,0,1,1,1,0,0,0,1,1,2,0,0,0,0,1,0,0,0,0,0,1,1
107,1,1,0,0,0,1,0,2,1,0,0,1,0,0,0,0,0,0,2,0,1,0,1,0,0,0,0,0,0,0,0,0,0,0,0,1,1,1,0,0,0,0,1,1,1,0,0,0,0,0,0,0,1,0,0,0,0,0,0,0,0,0,0,0,0,1,0,1,0,1,1,0,0,1,0,1,1,1,0,0,0,1,1,2,0,1,0,0,1,0,0,0,0,0,1,1
108,1,1,0,0,0,1,0,2,1,0,0,1,0,0,0,0,0,0,2,0,1,0,1,0,0,0,0,0,0,0,0,0,0,0,0,1,1,1,0,0,0,0,1,1,1,0,0,0,0,0,0,0,1,0,0,0,0,0,0,0,0,0,0,0,0,1,0,1,0,1,1,0,0,1,0,1,1,1,0,0,0,1,1,2,0,1,0,0,1,0,0,0,0,0,1,1
109,1,1,0,0,0,1,0,2,1,0,0,1,0,0,0,0,0,0,2,0,1,0,1,0,0,0,0,0,0,0,0,0,0,0,0,1,1,1,0,0,0,0,1,1,1,0,0,0,0,0,0,0,1,0,0,0,0,0,0,0,0,0,0,0,0,1,0,1,0,1,1,0,0,1,0,1,1,1,0,0,0,1,1,2,0,1,0,0,1,0,0,0,0,0,1,1
110,1,1,0,0,0,1,0,2,1,0,0,1,0,0,0,0,0,0,2,0,1,0,1,0,0,0,0,0,0,0,0,0,0,0,0,1,1,1,0,0,0,0,1,1,1,0,0,0,0,0,0,0,1,0,1,0,0,0,0,0,0,0,0,0,0,1,0,1,0,1,1,0,0,1,0,1,1,1,0,0,0,1,1,2,0,1,0,0,1,1,0,1,0,0,1,1
111,1,1,0,0,0,1,0,2,1,0,0,1,0,0,0,0,0,0,2,0,1,0,1,0,0,0,0,0,0,0,0,0,0,0,0,1,1,1,0,0,0,0,1,1,1,0,0,0,0,0,1,0,1,0,1,0,0,0,0,0,0,0,0,0,0,1,0,1,0,1,1,0,0,1,0,1,1,1,0,0,0,1,1,2,0,1,0,0,1,1,0,1,0,0,1,1
112,1,1,0,0,0,1,0,2,1,0,0,1,0,0,0,0,0,0,2,0,1,0,1,0,0,0,0,0,0,0,0,0,0,0,0,1,1,1,0,0,0,0,1,1,1,0,0,0,0,0,1,0,1,0,1,0,0,0,0,0,0,0,0,0,0,1,0,1,0,1,1,0,0,1,0,1,1,1,0,0,0,1,1,2,0,1,0,0,1,1,0,1,0,0,1,1
113,1,1,0,0,0,1,0,2,1,0,0,1,0,0,0,0,0,0,2,0,1,0,1,0,0,0,0,0,0,0,0,0,0,0,0,1,1,1,0,0,0,0,1,2,1,0,0,0,0,1,1,0,1,0,1,0,0,0,0,0,0,0,0,0,0,1,0,1,0,1,1,0,0,1,0,1,1,1,0,0,0,1,1,2,0,1,0,0,1,1,0,1,0,0,1,1
114,1,1,0,0,0,1,0,2,1,0,0,1,0,1,0,0,0,0,2,0,1,0,1,0,0,0,0,0,0,0,0,0,0,0,0,1,1,1,0,0,0,0,1,2,1,1,0,0,0,1,1,0,1,0,1,1,0,0,0,0,0,0,0,0,0,1,0,1,0,1,1,0,0,1,0,1,1,1,0,0,0,1,1,2,0,1,0,0,1,1,0,1,0,0,1,1
115,1,1,0,0,0,1,0,2,1,0,0,1,0,1,1,0,0,0,2,0,1,0,1,0,0,0,0,0,0,0,0,0,0,0,1,1,1,1,0,0,0,0,1,2,1,1,0,0,0,1,1,0,1,0,1,1,0,0,0,1,0,0,0,0,0,1,0,1,0,1,1,0,0,1,0,1,1,1,0,0,0,1,1,2,0,1,0,0,1,1,0,1,0,0,1,1
116,1,1,0,0,0,1,0,2,1,0,0,1,0,1,1,0,0,0,2,0,1,0,1,0,0,0,0,0,0,0,0,0,0,0,1,1,1,1,0,0,0,0,1,2,1,1,0,0,0,1,1,0,1,0,1,1,0,0,0,1,0,0,0,0,0,1,0,1,0,1,1,0,0,1,0,1,1,1,0,0,0,1,1,2,0,1,0,0,1,1,1,1,0,0,1,1
117,1,1,0,0,0,1,0,2,1,0,0,1,0,1,1,0,0,0,2,0,1,0,1,0,0,0,0,0,0,0,0,0,0,0,1,1,1,1,0,0,0,0,1,2,1,1,0,0,0,1,1,0,1,0,1,1,0,0,0,1,0,0,0,0,0,1,0,1,0,1,1,0,0,1,0,1,1,1,0,0,0,1,1,2,0,1,0,0,1,1,1,1,0,0,1,1
118,1,1,1,0,0,1,0,2,1,0,0,1,0,1,1,0,0,0,2,0,1,0,1,0,0,0,0,0,0,0,0,0,0,0,1,1,1,1,0,0,0,0,1,2,1,1,0,0,0,1,1,0,1,0,1,1,0,0,0,1,0,0,0,0,0,1,0,1,0,1,1,0,0,1,0,1,1,1,0,0,0,1,1,2,0,1,0,0,1,1,1,1,0,0,1,1
119,1,1,1,0,0,1,0,2,1,0,0,1,0,1,1,0,0,0,2,0,1,0,1,0,0,0,0,0,0,0,0,0,0,0,1,1,1,1,0,0,0,0,1,2,1,1,0,0,0,1,1,0,1,0,1,1,0,0,0,1,0,0,0,0,0,1,0,1,0,1,1,0,0,1,0,1,1,1,0,0,0,1,1,2,0,1,0,0,1,1,1,1,0,0,1,1
120,1,1,1,0,0,1,0,2,1,0,0,1,0,1,1,0,0,0,2,0,1,0,1,0,0,0,0,0,0,0,0,0,0,0,1,1,1,1,0,0,0,0,1,2,1,1,0,0,0,1,1,0,1,0,1,1,0,0,0,1,0,0,0,0,0,1,0,1,0,1,1,0,0,1,0,1,1,1,0,1,0,1,1,2,0,1,0,0,1,1,1,1,0,0,1,1
121,1,1,1,0,0,1,0,2,1,0,0,1,0,1,1,0,0,0,2,0,1,0,1,0,0,0,0,0,0,0,0,0,0,0,1,1,1,1,0,0,0,0,1,2,1,1,0,0,0,1,1,0,1,0,1,1,0,0,0,1,0,0,0,0,0,1,0,1,0,1,1,0,0,1,0,1,1,1,0,1,0,1,1,2,0,1,0,0,1,1,1,1,0,0,1,1
122,1,1,1,0,0,1,0,2,1,0,0,1,0,1,1,0,0,0,2,0,1,0,1,0,0,0,0,0,0,0,0,0,0,0,1,1,1,1,0,0,0,0,1,2,1,1,0,0,0,1,1,0,1,0,1,1,0,0,0,1,0,0,0,0,0,1,0,1,0,1,1,0,0,1,0,1,1,1,0,1,0,1,1,2,0,1,0,0,1,1,1,1,0,0,1,1
123,1,1,1,0,0,1,0,2,1,0,0,1,0,1,1,0,0,0,2,0,1,0,1,0,0,0,0,0,0,0,0,0,0,0,1,1,1,1,0,0,0,0,1,2,1,1,0,0,0,1,1,0,1,0,1,1,0,0,0,1,0,0,0,0,0,1,0,1,0,1,1,0,0,1,0,1,1,1,0,1,0,1,1,2,0,1,0,0,1,1,1,1,0,0,1,1
124,1,1,1,0,0,1,0,2,1,0,0,1,0,1,1,0,0,0,2,0,1,0,1,0,0,0,0,0,0,0,0,0,0,0,1,1,1,1,0,0,0,0,1,2,1,1,0,0,0,1,1,0,1,0,1,1,0,0,0,1,0,0,0,0,0,1,0,1,0,1,1,0,0,1,0,1,1,1,0,1,0,1,1,2,0,1,0,0,1,1,1,1,0,0,1,1
125,1,1,1,0,0,1,0,2,1,0,0,1,0,1,1,0,0,0,2,0,1,0,1,0,0,0,0,0,0,0,0,0,0,0,1,1,1,1,0,0,0,0,1,2,1,1,0,0,0,1,1,0,1,0,1,1,0,0,0,1,0,0,0,0,0,1,0,1,0,1,1,0,0,1,0,1,1,1,0,1,0,1,1,2,0,1,0,0,1,1,1,1,0,0,1,1
126,1,1,1,0,0,1,0,2,1,0,0,1,0,1,1,0,0,0,2,0,1,0,1,0,0,0,0,0,0,0,0,0,0,0,1,1,1,1,0,0,0,0,1,2,1,1,0,0,0,1,1,0,1,0,1,1,0,0,0,1,0,0,0,0,0,1,0,1,0,1,1,0,0,1,0,1,1,1,0,1,0,1,1,2,0,1,0,0,1,1,1,1,0,0,1,1
127,1,1,1,0,0,1,0,2,1,0,0,1,0,1,1,0,0,0,2,0,1,0,1,0,0,0,0,0,0,0,0,0,0,0,1,1,1,1,0,0,0,0,1,2,1,1,0,0,0,1,1,0,1,0,1,1,0,0,0,1,0,0,0,0,0,1,0,1,0,1,1,0,0,1,0,1,1,1,0,1,0,1,1,3,0,1,0,0,1,1,1,1,0,0,1,1
128,1,1,1,0,0,1,0,2,1,0,0,1,0,1,1,0,0,0,2,0,1,0,1,0,0,0,0,0,0,0,0,0,0,0,1,1,1,1,0,0,0,0,1,2,1,1,0,1,0,1,1,0,1,0,1,1,0,0,0,1,1,0,0,0,0,1,0,1,0,1,1,0,0,1,0,1,1,1,0,1,0,1,1,3,0,1,0,0,1,1,1,1,0,0,1,1
129,1,1,1,0,0,1,0,2,1,0,0,1,0,1,1,0,0,0,2,0,1,0,1,0,0,0,0,0,0,0,0,0,0,0,1,1,1,1,0,0,1,0,1,2,1,1,0,1,0,1,1,0,1,0,1,1,0,0,0,1,1,0,0,0,0,1,0,1,0,1,1,0,0,1,0,1,1,1,0,2,1,1,1,3,0,1,0,0,1,1,1,1,0,0,1,1
130,1,1,1,0,0,1,0,2,1,0,0,1,0,1,1,0,0,0,2,0,1,0,1,0,0,0,0,0,0,0,0,0,0,0,1,1,1,1,0,0,1,0,1,2,1,1,0,1,0,1,1,0,1,0,1,1,0,0,0,1,1,0,0,0,0,1,0,1,0,1,1,0,0,2,0,1,1,1,0,2,1,1,1,3,0,1,0,0,1,1,1,1,0,0,1,1
131,1,1,1,0,0,1,0,2,1,0,0,1,0,1,1,0,0,0,2,0,1,0,1,0,0,0,0,0,0,1,0,0,0,0,1,1,1,1,0,0,1,0,1,2,1,1,0,1,0,1,1,0,1,0,1,1,0,0,0,1,1,0,0,0,0,1,0,1,0,1,1,0,0,2,0,1,1,1,0,2,1,1,1,3,0,1,0,0,1,1,1,1,0,0,1,1
132,2,1,1,0,0,1,0,2,1,0,0,1,0,1,1,0,0,0,2,0,1,0,1,0,0,0,0,0,0,1,0,0,0,0,1,1,1,1,0,0,1,0,1,2,1,1,0,1,0,1,1,0,1,0,1,1,0,0,0,1,1,0,0,0,0,1,0,1,0,1,1,0,0,2,0,1,1,1,0,2,1,1,1,3,0,1,0,0,1,1,1,1,0,0,1,1
133,2,1,1,0,0,1,0,2,1,0,0,1,0,1,1,0,0,0,2,0,1,0,1,0,0,0,0,0,0,1,0,0,0,0,1,1,1,1,0,0,1,0,1,2,1,1,0,1,0,1,1,0,1,0,1,1,0,0,0,1,1,0,0,0,0,1,0,1,0,1,1,0,0,2,0,1,1,1,0,2,1,1,1,3,0,1,0,0,1,1,1,1,0,0,1,1
134,2,1,1,0,0,1,0,2,1,0,0,1,0,1,1,0,0,0,2,0,2,0,1,0,0,0,0,0,0,1,0,0,0,0,1,1,1,1,0,0,1,0,1,2,1,1,1,1,0,1,1,0,1,0,1,1,0,0,1,1,1,0,0,0,0,1,0,1,0,1,1,0,0,2,0,1,1,1,0,2,1,1,1,3,0,1,0,0,1,1,1,1,0,0,1,1
135,2,1,1,0,0,1,0,2,1,0,0,1,0,1,1,0,0,0,2,0,2,0,1,0,0,0,0,0,0,1,0,0,0,0,1,1,1,1,0,0,1,0,1,2,1,1,1,1,0,1,1,0,1,0,1,1,0,0,1,1,1,0,0,0,0,1,0,1,0,1,1,0,0,2,0,1,1,1,0,2,1,1,1,3,0,1,0,0,1,1,1,1,0,0,1,1
136,2,1,1,0,0,1,0,2,1,0,0,1,0,1,1,0,0,0,2,0,2,0,1,0,0,0,0,0,0,1,0,0,0,0,1,1,1,1,0,0,1,0,1,2,1,1,1,1,0,1,1,0,1,0,1,1,0,0,1,2,1,0,0,0,0,1,0,1,0,1,1,0,0,2,0,1,1,1,0,2,1,1,1,3,0,1,0,0,1,1,1,1,0,0,1,1
137,2,1,1,0,0,1,0,2,1,0,0,1,0,1,1,0,0,0,2,0,2,0,1,0,0,0,0,0,0,1,0,0,0,0,1,1,1,1,0,0,1,0,1,2,1,1,1,1,0,1,1,0,1,0,1,1,0,0,1,2,1,0,0,0,0,1,0,1,0,1,1,0,0,2,0,1,1,1,0,2,1,1,1,3,0,1,0,0,1,1,2,1,0,0,1,1
138,2,1,1,0,0,1,0,2,1,0,0,1,0,1,1,0,0,0,2,0,2,0,1,1,0,0,0,0,0,1,0,0,0,0,1,1,1,1,0,0,1,0,1,2,1,1,1,1,0,1,1,0,1,0,1,1,0,0,1,2,1,0,0,0,0,1,0,1,0,1,1,0,0,2,0,1,1,1,0,2,1,1,2,3,0,1,0,0,1,1,2,1,0,0,1,1
139,2,1,1,0,0,1,0,2,1,0,0,1,0,1,1,0,0,0,2,0,2,0,1,1,0,0,0,0,0,1,0,0,0,0,1,1,1,1,0,0,1,0,1,2,1,2,1,1,0,1,1,0,1,0,1,1,0,0,1,2,1,0,0,0,0,1,0,1,0,1,1,0,0,2,0,1,1,1,0,2,1,1,2,3,0,1,0,0,1,1,2,2,0,0,1,2
140,2,1,1,0,1,1,0,2,1,0,0,1,0,1,1,0,0,0,2,0,2,0,1,1,1,0,0,0,0,1,0,0,0,0,1,1,1,1,0,0,1,0,1,2,1,2,1,1,0,1,1,0,1,0,1,1,0,0,1,2,1,0,0,0,0,1,0,1,0,1,1,0,0,2,0,1,1,1,0,2,1,1,2,3,0,1,0,0,1,1,2,2,0,0,1,2
141,2,1,1,0,1,1,0,2,1,0,0,1,0,1,1,0,0,0,2,0,2,0,1,1,1,0,0,0,0,1,0,0,0,0,1,1,1,1,0,0,1,0,1,2,1,2,1,1,0,1,1,0,1,0,1,1,0,0,1,2,1,0,0,0,0,1,0,1,0,1,1,0,0,2,0,1,1,1,1,2,1,1,2,3,0,1,0,0,1,1,2,2,0,0,1,2
142,2,1,1,0,1,1,0,2,1,0,0,2,0,1,1,0,0,0,2,0,2,0,1,1,1,0,0,0,0,1,0,0,0,0,1,1,1,1,0,0,1,0,1,2,1,2,1,1,0,1,1,0,1,0,1,1,0,0,1,2,2,0,0,0,0,1,0,1,0,1,1,0,0,2,0,1,1,1,1,2,1,1,2,3,0,1,0,0,1,1,2,2,0,0,1,2
143,2,1,1,0,1,1,0,2,1,0,0,2,0,1,1,0,0,0,2,0,2,0,1,1,1,0,0,0,0,1,0,0,0,0,1,1,1,1,0,0,1,0,1,2,1,2,1,1,0,1,1,0,1,0,1,1,0,0,1,2,2,0,0,0,0,1,0,1,0,1,1,0,0,2,0,1,1,1,1,2,1,1,2,3,0,1,0,0,1,1,2,2,0,0,1,2
144,2,1,1,0,1,1,0,2,1,0,0,2,0,1,1,0,0,0,2,0,2,0,1,1,1,0,0,0,0,1,0,0,0,0,1,1,1,1,0,0,1,0,1,2,1,2,1,1,0,1,1,0,1,0,1,1,0,0,1,2,2,0,0,0,0,1,0,1,0,1,1,0,0,2,0,1,1,1,1,2,1,1,2,3,0,1,0,0,1,1,2,2,0,0,1,2
145,2,1,1,0,1,1,0,2,1,0,0,2,0,1,1,0,0,0,2,0,2,0,1,1,1,0,0,0,0,1,0,0,0,0,1,1,1,1,0,0,1,0,1,2,1,2,1,1,0,1,1,0,1,0,1,1,0,0,1,2,2,0,0,0,0,1,0,1,0,1,1,0,0,2,0,1,1,1,1,2,1,1,2,3,0,1,0,0,1,1,2,2,0,0,1,2
146,2,1,1,0,1,1,0,3,1,0,0,2,0,1,1,0,0,0,2,0,2,0,1,1,1,0,0,0,0,1,0,0,0,0,1,1,1,1,0,0,1,0,1,2,1,2,1,1,0,1,1,0,1,0,1,1,0,0,1,2,2,0,0,0,0,1,0,1,0,1,1,0,0,2,0,1,1,1,1,2,1,1,2,3,0,1,0,0,1,1,2,2,0,0,1,2
147,2,1,1,0,1,1,0,3,1,0,0,2,0,1,1,0,0,0,2,0,2,0,1,1,1,0,0,0,0,2,0,0,0,0,1,1,1,1,0,0,1,0,1,2,1,2,1,1,0,1,1,0,1,0,1,1,0,0,1,2,2,0,0,0,0,1,0,1,0,1,1,0,0,2,0,1,1,1,1,2,1,1,2,3,0,1,0,0,1,1,2,2,0,0,1,2
148,2,1,1,0,1,1,0,3,1,0,0,2,0,1,1,0,0,0,2,0,2,0,1,1,1,0,0,0,0,2,0,0,0,0,1,1,1,1,0,0,1,0,1,2,1,2,1,1,0,1,1,0,1,0,1,1,0,0,1,2,2,0,0,0,0,1,0,1,0,1,1,0,0,2,0,1,1,1,1,2,1,1,2,3,0,1,0,0,1,1,2,2,0,0,1,2
149,2,1,1,0,1,1,0,3,1,0,0,2,0,1,1,0,0,0,2,0,2,0,1,1,1,0,0,0,0,2,0,0,0,0,1,1,1,1,0,0,1,0,1,2,1,2,1,1,0,1,1,0,1,0,1,1,0,0,1,2,2,0,0,0,0,1,0,1,0,1,1,0,0,2,0,1,1,1,1,2,1,1,2,3,0,1,0,0,1,1,2,2,0,0,1,2
150,2,1,1,0,1,1,0,3,1,0,0,2,0,1,1,0,0,0,2,0,2,0,1,1,1,0,0,0,0,2,0,0,0,0,1,1,1,1,0,0,1,0,1,2,1,2,1,1,0,1,1,1,1,0,1,1,0,0,1,2,2,0,0,0,0,1,0,1,0,1,1,0,0,2,0,1,1,1,1,2,1,1,2,3,0,1,0,0,1,1,2,2,0,0,1,2
151,2,1,1,0,1,1,0,3,1,0,0,2,0,1,1,0,0,0,2,0,2,0,1,1,1,0,0,0,0,2,0,0,0,0,1,1,1,1,0,0,1,0,1,2,1,2,1,1,0,1,1,1,1,0,1,1,0,0,1,2,2,0,0,0,0,1,0,1,0,1,1,0,0,2,0,1,1,1,1,2,1,1,2,3,0,1,0,0,1,1,2,2,0,0,1,2
152,2,1,2,0,1,1,0,3,1,0,0,2,0,1,1,0,0,0,2,0,2,0,1,1,1,0,0,0,0,2,0,0,0,0,1,1,1,1,0,0,1,0,1,2,1,2,1,1,0,1,1,1,1,0,1,1,0,0,1,2,2,0,0,0,0,1,0,1,0,1,1,0,0,2,0,1,1,1,1,2,1,1,2,3,0,1,0,0,1,1,2,2,0,0,1,2
153,2,1,2,0,1,1,0,3,1,0,0,2,0,1,1,1,0,0,2,0,2,0,1,1,1,0,0,0,0,2,1,0,0,0,1,1,1,1,0,0,1,0,1,2,1,2,1,1,0,1,1,1,1,0,1,1,0,0,1,2,2,0,0,0,0,1,0,1,0,1,1,0,0,2,0,1,1,1,1,2,1,1,2,3,0,1,0,0,1,1,2,2,0,0,1,2
154,2,1,2,0,1,1,0,3,1,0,0,2,0,1,1,1,0,0,2,0,2,0,1,1,1,0,0,0,0,2,1,0,0,0,1,1,1,1,0,0,1,0,1,2,1,2,1,1,0,1,1,1,1,0,1,1,0,0,1,2,2,0,0,0,0,1,0,1,0,1,1,0,0,2,0,1,1,1,1,2,1,2,2,3,0,1,0,0,1,2,2,2,0,0,1,2
155,2,1,2,0,1,1,0,3,1,0,0,2,0,1,1,1,0,0,2,0,2,0,1,1,1,0,0,0,0,2,1,0,0,0,1,1,1,1,0,0,1,0,1,2,1,2,1,1,0,1,1,2,1,0,1,1,0,0,1,2,2,0,0,0,0,1,0,1,0,1,1,0,0,2,0,1,1,1,1,2,1,2,2,3,0,1,0,0,1,2,2,2,0,0,1,2
156,2,1,2,0,1,1,0,3,1,0,0,2,0,1,1,1,0,0,2,0,2,0,1,1,1,0,0,0,0,2,1,0,0,0,1,1,1,1,0,0,1,0,1,2,1,2,1,1,0,1,1,2,1,0,1,1,0,0,1,2,2,0,0,0,0,1,0,1,0,1,1,0,0,2,0,1,1,1,1,2,1,2,2,3,0,1,0,0,1,2,2,2,0,0,1,2
157,2,1,2,0,1,1,0,3,1,0,0,2,0,1,1,1,0,0,2,0,2,0,1,1,1,0,0,0,0,2,1,1,0,0,1,1,1,1,0,0,1,0,1,2,1,2,1,1,0,1,1,2,1,0,1,1,0,0,1,2,2,0,0,0,0,1,0,1,0,1,1,0,0,2,0,1,1,1,1,2,1,2,2,3,0,1,0,0,1,2,2,2,0,0,1,2
158,2,1,2,0,1,1,0,3,1,1,0,2,0,1,1,1,0,0,2,0,2,0,1,1,1,0,0,0,0,2,1,1,0,0,1,1,1,1,0,0,1,0,1,2,1,2,1,1,0,1,1,2,1,0,1,1,0,0,1,2,2,0,0,0,0,1,0,1,0,1,1,0,0,2,0,1,1,1,1,2,1,2,2,3,1,1,0,0,1,2,2,2,0,0,1,2
159,2,1,2,0,1,1,0,3,1,1,0,2,0,1,1,1,0,0,2,0,2,0,1,1,1,0,0,0,0,2,1,1,0,0,1,1,1,1,0,0,2,0,1,2,1,2,1,2,0,1,1,2,1,0,1,1,0,0,1,2,2,0,0,0,0,1,0,1,0,1,1,0,0,2,0,1,1,1,1,2,1,2,2,3,1,1,0,0,1,2,2,2,0,0,1,2
160,2,1,2,0,1,1,0,3,1,1,0,2,0,1,1,1,0,0,2,0,2,0,1,1,1,0,0,0,0,2,1,1,0,0,1,1,1,1,0,0,2,0,1,2,1,2,1,2,0,1,1,2,1,0,1,1,0,0,1,2,2,0,0,0,0,1,1,1,0,1,1,0,0,2,0,1,1,1,1,2,1,2,2,3,1,1,0,0,1,2,2,2,0,0,1,2
161,2,1,2,0,1,1,0,3,1,1,0,2,0,1,1,1,0,0,2,0,2,0,1,1,1,0,0,0,0,2,1,1,0,0,1,1,1,1,0,0,2,0,1,2,1,2,1,2,0,1,1,2,1,0,1,1,0,0,1,2,2,0,0,0,0,1,1,1,0,1,1,0,0,2,0,2,1,1,1,2,1,2,2,3,1,1,0,0,1,2,2,2,0,0,1,2
162,2,1,2,0,1,1,0,3,1,1,0,2,0,1,1,1,0,0,2,0,2,0,1,1,1,0,0,0,0,3,1,1,0,0,1,1,1,1,0,0,2,0,1,2,1,2,1,2,0,1,1,2,1,0,1,1,0,0,1,2,2,0,0,0,0,1,1,1,0,1,1,0,0,2,0,2,1,1,1,2,1,2,2,3,1,1,0,0,1,2,2,2,0,0,1,2
163,2,1,2,0,1,1,0,3,1,1,0,2,0,1,1,1,0,0,2,0,2,0,1,1,1,0,0,0,0,3,1,1,0,0,1,1,1,1,0,0,2,0,1,2,1,2,1,2,0,1,1,2,1,0,1,1,0,0,1,2,2,0,0,0,0,1,1,1,0,1,1,0,0,2,0,2,1,1,1,2,1,2,2,3,1,1,0,0,1,2,2,2,0,0,1,2
164,2,1,2,0,1,1,0,3,1,1,0,2,0,1,1,1,0,0,2,0,2,0,1,1,1,0,0,0,0,3,1,1,0,0,1,1,1,1,0,0,2,0,1,2,1,2,1,2,0,1,1,2,1,0,1,1,0,0,1,2,2,0,0,0,0,1,1,1,0,1,1,0,0,2,0,2,1,1,1,2,1,2,2,3,1,1,0,0,1,2,2,2,0,0,1,2
165,2,1,2,0,1,1,0,3,1,1,0,2,0,1,1,1,0,0,2,0,2,0,1,1,1,0,0,0,0,4,1,1,0,0,1,1,1,1,0,0,2,0,1,2,1,2,1,2,0,1,1,2,1,0,1,1,0,0,1,2,2,0,0,0,0,1,1,1,0,1,1,0,0,2,0,2,1,1,1,2,2,2,2,3,1,1,0,0,1,2,2,2,0,0,1,2
166,2,1,2,0,1,1,0,3,1,1,0,2,0,1,1,1,0,0,2,0,2,0,1,1,1,0,0,0,0,4,1,1,0,0,1,1,1,1,0,0,2,0,1,2,1,2,1,2,0,1,1,2,1,1,1,1,0,0,2,2,2,0,0,0,0,1,1,1,0,1,1,0,0,2,0,2,1,1,2,2,2,2,2,3,1,1,0,0,1,2,2,2,0,0,1,2
167,2,1,2,0,1,1,0,3,1,1,0,2,0,1,1,1,0,0,2,0,2,0,1,1,1,0,0,0,0,4,1,1,0,0,1,1,1,1,0,0,2,0,1,2,1,2,1,2,0,1,1,2,1,1,1,1,0,0,2,2,2,0,0,0,0,1,1,1,0,1,1,0,0,2,0,2,1,1,2,2,2,2,2,3,1,1,0,0,1,2,2,2,0,0,1,2
168,2,1,2,0,1,1,0,3,1,1,0,2,0,1,1,1,0,0,2,0,2,0,1,1,1,0,0,0,0,4,1,1,0,0,1,1,1,1,0,0,2,0,1,2,1,2,1,2,0,1,1,2,1,1,1,1,0,0,2,2,3,0,0,0,0,1,1,1,0,1,1,0,0,2,0,2,1,1,2,2,2,2,2,3,1,1,0,0,1,2,2,2,0,0,1,2
169,2,1,2,0,1,1,0,4,1,1,0,2,0,1,1,1,0,0,2,0,2,0,1,1,1,0,0,0,0,4,1,1,0,0,1,1,1,1,0,0,2,0,1,2,1,2,1,2,1,1,1,2,1,1,1,1,0,0,2,2,3,0,0,0,0,1,1,1,0,1,1,0,0,2,0,2,1,1,3,2,2,2,2,3,1,1,0,0,1,2,2,2,0,0,1,2
170,2,1,2,0,1,1,0,4,1,1,0,2,0,1,1,1,0,0,2,0,2,0,1,1,1,0,0,0,0,4,1,1,0,0,1,1,1,1,0,0,2,0,1,2,1,2,1,2,1,1,1,2,1,1,1,1,0,0,2,2,3,0,0,0,0,1,1,1,0,1,1,0,0,2,0,2,1,1,3,2,2,2,2,3,1,1,0,0,1,2,2,2,0,0,1,2
171,2,1,2,0,1,1,0,4,1,1,0,2,0,1,1,1,0,0,2,0,2,0,1,1,1,0,0,0,0,4,1,1,0,0,1,1,1,1,0,0,2,0,1,2,1,2,1,2,1,1,1,2,1,1,1,1,0,1,2,2,3,0,0,0,0,1,1,1,0,1,1,0,0,2,0,2,1,1,3,2,2,2,2,3,1,1,0,0,1,2,2,2,0,0,1,2
172,3,1,2,0,1,1,0,4,1,1,0,2,0,1,1,1,0,0,2,0,2,0,1,1,1,0,0,0,0,4,1,1,0,0,1,1,1,1,0,0,2,0,1,2,1,2,1,2,1,1,1,3,1,1,1,1,0,1,2,3,3,0,0,0,0,1,1,1,0,1,1,0,0,2,0,2,1,1,3,3,2,2,2,3,1,1,0,0,1,2,2,2,0,0,1,2
173,3,1,2,0,1,1,0,4,1,1,0,2,0,1,1,1,0,0,2,0,2,0,1,1,1,0,0,0,0,4,1,1,0,0,1,1,1,1,0,0,2,0,1,2,1,2,1,2,1,1,1,3,1,1,1,1,0,1,2,3,3,0,0,0,0,1,1,1,0,1,1,0,0,2,0,2,1,1,3,3,2,2,2,3,1,1,0,0,1,2,2,2,0,0,1,2
174,3,1,2,0,1,1,0,4,1,1,0,2,0,1,1,1,0,0,2,0,2,0,1,1,1,0,0,0,0,4,1,1,0,0,1,1,1,1,0,0,2,0,1,2,1,2,1,2,1,1,1,3,1,1,1,1,0,1,2,3,3,0,0,0,0,1,1,1,0,1,1,0,0,2,0,2,1,1,3,3,2,2,3,3,1,1,0,0,1,2,2,2,0,0,1,2
175,3,1,2,0,1,1,0,4,1,1,0,2,0,1,1,1,0,0,2,0,2,0,1,1,1,0,0,0,0,4,1,1,0,0,1,1,1,1,0,0,2,0,1,3,1,2,1,2,1,1,1,3,1,1,1,1,0,1,2,3,3,0,0,0,0,1,1,1,0,1,1,0,0,2,0,2,1,1,3,3,2,2,3,3,1,1,0,0,1,2,2,2,0,0,1,2
176,3,1,2,0,1,1,0,4,1,1,0,2,0,1,1,1,0,0,2,0,2,0,1,1,1,0,0,0,0,4,1,1,0,0,1,1,1,1,0,0,2,0,1,3,1,2,1,2,1,1,1,3,1,1,1,1,0,1,2,3,3,0,0,0,0,1,1,1,0,1,1,0,0,2,0,2,1,1,3,3,2,2,3,3,1,1,0,0,1,2,2,2,0,1,1,2
177,3,1,2,0,1,1,0,4,1,1,0,2,0,1,1,1,0,0,2,0,2,0,1,1,1,0,0,0,0,4,1,1,0,0,1,1,1,2,0,0,2,0,1,3,1,2,1,2,1,1,1,3,1,1,1,1,0,1,2,3,3,0,0,0,1,1,1,1,0,1,1,0,0,2,0,2,1,1,3,3,2,2,3,3,1,1,0,0,1,2,2,2,0,1,1,2
178,3,1,2,0,1,1,0,4,1,1,0,2,0,1,1,1,0,0,2,0,2,0,1,1,1,0,0,0,0,4,1,1,0,0,1,1,1,2,0,0,3,0,1,3,1,2,1,2,1,1,1,3,1,1,1,1,0,1,2,3,3,0,0,0,1,1,1,1,0,1,1,0,0,2,0,2,1,1,3,3,2,2,3,3,1,1,0,0,1,2,2,2,0,1,1,2
179,3,1,2,0,1,1,0,4,1,1,0,2,0,1,1,1,0,0,2,0,2,0,1,1,1,0,0,0,0,4,1,1,0,0,1,1,1,2,0,0,3,0,1,3,1,2,1,2,1,1,1,3,1,1,1,1,0,1,2,3,3,0,0,0,1,1,1,1,0,1,1,0,0,2,0,2,1,1,3,3,2,2,3,3,1,1,0,0,1,2,3,2,0,1,1,2
180,3,1,2,0,1,1,0,4,1,1,0,2,1,1,1,1,0,0,2,0,2,0,1,1,1,0,0,0,0,4,1,1,0,0,1,1,1,2,0,0,3,0,1,3,1,2,1,2,1,1,1,3,1,1,1,1,0,1,3,3,3,0,0,0,1,1,1,1,0,1,1,0,0,2,0,2,1,1,3,3,2,2,3,3,1,1,0,0,1,2,3,2,0,1,1,2
181,3,1,2,0,1,1,0,4,1,1,0,2,1,1,1,1,0,0,2,0,2,0,1,1,2,0,0,0,0,4,1,1,0,0,2,1,1,2,0,0,3,0,1,3,1,2,1,2,1,2,1,3,1,1,1,1,0,1,3,3,3,0,0,0,1,1,1,1,0,1,1,0,0,2,0,2,1,1,4,3,2,2,3,3,1,1,0,0,1,2,3,2,0,1,1,2
182,4,1,2,0,1,1,0,4,1,1,0,2,1,1,1,1,0,0,2,0,2,0,1,1,2,0,0,0,0,4,1,1,0,0,2,1,1,2,0,0,3,0,1,3,1,2,1,2,1,2,1,3,1,1,1,1,0,1,3,3,3,0,0,0,1,1,1,1,0,1,1,1,0,2,0,2,1,1,4,3,2,2,3,3,1,1,0,0,1,2,3,2,0,1,1,2
183,4,1,2,0,1,2,0,4,1,1,0,2,1,1,1,1,0,0,2,0,2,0,1,1,2,0,0,0,0,4,1,1,0,0,2,1,1,2,0,0,3,0,1,3,1,2,1,2,1,2,1,3,1,1,1,1,0,2,3,3,3,0,0,0,1,1,1,1,0,1,1,1,0,2,0,2,1,1,4,3,2,2,3,3,1,1,0,0,1,2,3,2,0,1,1,2
184,4,1,2,0,1,2,0,4,1,1,0,2,1,1,1,1,0,0,2,0,2,0,1,1,2,0,0,0,0,4,1,1,0,1,2,1,1,2,0,0,3,0,1,3,1,2,2,2,1,2,1,3,1,1,1,1,0,2,3,3,3,0,0,0,1,1,1,1,0,1,1,1,0,2,0,2,1,1,4,3,2,2,3,3,1,1,0,0,1,2,3,2,0,1,1,2
185,4,1,2,0,1,2,0,4,1,1,0,2,1,1,1,1,0,0,2,0,2,0,1,1,2,0,0,0,0,4,1,1,0,1,2,1,1,2,0,0,3,0,1,3,1,2,2,2,1,2,1,3,1,1,1,1,0,2,3,3,3,0,0,0,1,1,1,1,0,1,1,1,0,2,0,2,1,1,4,3,2,2,3,3,1,1,0,0,1,2,3,2,0,1,1,2
186,4,1,2,1,1,2,0,4,1,1,0,2,1,1,1,1,0,0,2,0,2,0,1,1,2,0,0,0,0,4,1,1,0,1,2,1,1,2,0,0,3,0,1,3,1,2,2,2,1,2,1,3,1,1,1,1,0,2,3,3,3,0,1,0,2,1,1,1,0,1,1,1,0,2,0,2,1,1,4,3,2,2,3,3,1,1,0,0,1,2,3,2,0,2,1,2
187,4,1,2,1,1,2,0,4,1,1,0,2,1,1,1,1,0,0,2,0,2,0,1,1,2,0,0,0,0,4,1,1,0,1,2,1,1,2,0,0,3,1,1,3,1,2,2,2,1,2,1,3,1,1,1,1,0,2,3,3,3,0,1,0,2,1,1,1,0,1,2,1,0,2,0,2,1,1,4,3,2,3,3,3,1,1,0,0,1,2,3,2,0,2,1,2
188,4,1,2,1,1,2,0,4,1,1,0,2,1,1,1,1,0,0,3,0,2,0,1,1,2,0,0,0,0,4,1,1,0,1,2,1,1,2,0,0,3,1,1,3,1,2,2,2,1,2,1,3,1,1,2,1,0,2,3,3,3,0,1,0,2,1,1,1,0,1,2,1,0,2,0,2,1,2,4,3,2,3,3,3,1,1,0,0,1,2,3,2,0,2,1,2
189,4,1,2,1,1,2,0,4,1,1,0,2,1,1,1,1,0,0,3,0,2,0,1,1,2,0,0,0,0,4,1,1,0,1,2,1,1,2,0,0,3,1,1,3,1,3,2,2,1,2,1,3,1,1,2,1,0,2,3,3,3,0,1,0,2,1,1,1,1,1,2,1,0,2,0,2,1,2,4,3,2,3,3,3,1,1,0,0,1,2,3,2,0,2,1,2
190,4,1,2,1,1,2,0,4,1,1,0,2,1,1,1,1,0,0,3,0,2,0,1,1,2,0,0,0,0,5,1,1,0,1,2,1,1,2,0,0,3,1,1,3,1,3,2,2,2,2,1,3,1,1,2,1,0,2,3,3,3,0,1,0,3,1,1,1,1,1,2,1,0,2,0,2,1,2,4,3,2,3,3,3,1,1,0,0,1,2,3,2,0,2,1,2
191,4,1,2,1,1,2,0,4,1,1,0,2,1,1,1,1,0,0,3,0,2,0,1,1,2,0,0,0,0,5,1,1,0,1,2,1,1,2,0,0,3,1,1,3,1,3,2,3,2,2,1,3,1,1,2,1,0,2,3,3,3,0,1,0,3,1,1,1,1,1,2,1,0,2,0,2,1,2,4,3,2,4,3,3,1,1,0,0,1,2,3,2,0,2,1,2
192,4,1,2,1,1,2,0,4,1,1,0,2,1,1,1,1,0,0,3,0,2,0,1,1,2,0,0,0,1,5,1,1,0,1,2,1,1,2,0,0,3,1,1,3,1,3,2,3,2,2,1,3,1,1,2,1,0,2,3,4,3,0,2,0,3,1,1,1,1,1,2,1,0,2,0,2,1,2,4,3,2,4,3,3,1,1,0,0,1,2,3,2,0,2,1,2
193,4,1,2,1,1,2,0,4,1,1,1,2,1,1,1,1,0,0,3,0,2,0,1,1,2,0,0,0,1,5,1,1,0,1,2,1,1,2,0,0,3,1,1,3,1,3,2,3,2,2,1,3,1,1,2,1,0,2,3,4,3,0,2,0,3,1,1,1,1,1,2,1,0,2,0,2,1,2,4,3,3,4,3,3,1,1,0,0,1,2,3,2,0,2,1,2
194,4,1,2,1,1,2,0,4,1,1,1,2,1,1,1,1,0,0,3,0,2,0,1,1,2,0,0,0,1,5,1,1,0,1,2,1,1,2,0,0,3,1,1,3,1,3,2,3,2,2,1,3,1,1,3,1,0,3,3,4,3,0,2,0,4,1,1,1,1,1,2,1,0,2,0,2,1,2,4,3,3,4,3,3,1,1,0,0,1,2,3,2,0,2,1,2
195,4,1,2,1,1,3,0,4,1,1,1,2,1,1,1,1,0,0,3,0,2,0,1,1,2,0,0,0,2,5,1,1,0,2,2,1,1,2,0,0,3,1,1,3,1,3,2,3,2,2,1,3,1,1,3,1,0,3,3,4,3,0,2,0,4,1,1,1,1,1,2,1,0,2,0,2,1,2,4,3,3,4,3,3,1,1,0,0,1,2,3,2,0,2,1,2
196,4,1,2,1,1,3,0,4,1,1,1,2,1,1,1,1,0,0,3,0,2,0,1,1,2,0,0,0,2,5,1,1,0,2,2,1,1,2,0,0,3,1,1,3,1,3,2,3,2,2,2,3,1,1,3,1,0,3,3,4,3,0,2,0,4,1,1,1,1,1,2,1,0,2,0,2,1,2,4,3,3,4,3,3,1,1,0,0,1,2,3,2,0,2,1,2
197,4,1,2,1,1,3,0,4,1,1,1,2,1,1,1,1,0,0,3,0,2,0,1,1,2,0,0,0,2,5,1,1,0,2,2,1,2,2,0,0,3,1,1,3,1,3,2,3,2,2,2,3,1,1,3,1,0,3,3,4,3,0,2,0,4,1,1,1,1,1,2,1,0,2,0,2,1,2,4,3,3,4,3,3,1,1,0,0,1,2,3,2,0,2,1,2
198,4,1,2,1,1,3,0,4,1,1,2,2,1,1,1,1,0,0,3,0,2,0,1,1,2,0,0,0,2,5,1,1,0,2,2,1,2,2,0,0,3,1,1,3,1,3,2,3,2,2,2,3,1,1,3,1,0,3,3,4,3,0,2,0,4,1,1,1,1,1,2,1,0,2,0,2,1,2,4,3,3,4,3,3,1,1,0,0,2,2,3,2,0,2,1,2
199,4,1,2,1,1,3,0,4,1,1,2,2,1,1,1,1,0,0,3,0,2,0,2,1,2,0,0,0,3,5,1,1,0,2,2,1,2,2,0,0,3,1,1,3,1,3,2,4,2,2,2,3,1,1,3,1,0,3,3,4,3,0,2,0,4,1,1,1,1,1,2,1,0,2,0,2,1,2,4,3,3,4,3,3,1,1,0,0,2,2,3,2,0,2,1,2
200,4,1,2,1,1,3,1,4,1,1,2,2,1,1,1,1,0,0,3,0,2,0,2,1,2,0,0,0,3,5,1,1,0,2,2,1,2,2,0,0,3,1,1,3,1,3,2,4,2,2,2,3,1,1,3,1,0,3,3,4,3,0,2,0,4,2,1,1,1,1,2,1,0,2,0,2,1,2,4,3,3,4,3,3,1,1,0,0,2,2,4,2,0,2,1,2
201,4,1,2,1,1,3,1,4,1,1,2,2,1,1,1,1,0,0,3,0,2,0,2,1,2,0,0,0,3,5,1,1,0,2,2,1,2,2,0,0,3,1,1,4,1,3,2,4,2,2,2,3,2,1,3,1,0,3,3,4,3,0,2,0,4,2,1,1,1,1,2,1,0,2,0,2,1,2,4,3,3,4,3,3,1,1,0,0,2,2,4,2,0,2,1,2
202,4,1,2,1,1,3,1,4,1,1,2,2,1,1,1,1,0,0,3,0,2,0,2,1,2,0,0,0,4,5,1,1,0,2,2,1,2,2,0,0,3,1,1,4,1,3,2,4,2,2,2,3,2,1,3,1,0,3,3,4,3,0,2,0,4,3,1,1,1,1,2,1,0,2,0,2,1,2,4,3,3,4,3,3,1,1,0,0,2,2,4,2,0,2,1,2
203,4,1,2,1,1,3,1,4,1,1,3,2,2,1,1,1,0,0,3,0,2,0,2,1,2,0,0,0,4,5,1,1,0,2,2,1,2,2,0,0,3,1,1,4,1,3,2,4,2,2,2,3,2,1,3,1,0,3,3,4,3,0,2,0,4,3,1,1,1,1,2,1,0,2,0,2,1,2,4,3,3,4,3,3,1,1,0,0,2,2,4,2,0,2,1,2
204,4,1,2,1,1,3,1,4,1,1,3,2,2,1,1,1,0,0,3,0,2,0,2,1,2,0,0,0,4,5,1,1,0,2,2,1,2,2,0,0,3,1,1,4,1,3,2,4,2,2,2,3,2,1,3,1,0,3,3,4,3,0,2,0,4,3,1,1,1,1,2,1,0,2,0,2,1,2,5,3,3,4,3,3,1,1,0,0,2,2,4,2,0,2,1,2
205,4,1,3,1,1,3,1,4,1,1,3,2,2,1,1,1,0,0,3,0,2,0,2,1,2,0,0,0,4,5,1,1,0,2,2,1,2,2,0,0,3,1,1,4,1,3,2,4,2,2,2,3,2,1,3,1,0,3,3,4,3,0,2,0,4,3,1,1,1,1,2,1,0,2,0,2,1,2,5,3,3,4,3,3,1,1,0,0,2,2,4,2,0,3,1,2
206,4,1,3,1,1,3,1,4,1,1,3,2,2,1,1,1,0,0,3,0,2,0,2,1,2,0,0,0,4,5,1,1,0,2,2,1,2,2,0,0,3,1,1,4,1,3,2,4,2,2,2,3,2,1,3,1,0,3,3,4,3,0,2,0,4,3,1,1,1,1,2,1,0,3,0,2,1,2,5,3,3,4,3,3,1,1,0,0,2,2,4,2,0,3,1,2
207,5,1,3,1,1,3,1,4,1,1,3,2,2,1,1,1,0,0,3,0,2,0,2,1,2,0,1,0,4,5,1,1,0,2,2,1,2,2,0,0,3,1,1,4,1,3,2,4,2,2,2,3,2,1,3,1,0,3,3,4,3,0,2,0,4,3,1,1,1,1,2,1,0,3,0,2,1,2,5,3,3,4,3,3,1,1,0,0,2,2,4,2,1,3,1,2
208,6,1,3,1,1,3,1,4,1,1,3,2,2,1,1,1,0,0,3,0,2,0,2,1,2,0,1,0,4,5,1,1,0,2,2,1,2,2,0,0,3,1,1,4,1,3,2,4,2,2,2,3,2,1,3,1,0,3,3,4,3,0,2,0,4,3,1,2,1,1,2,1,0,3,0,2,1,2,5,3,3,4,3,3,1,1,0,0,2,2,4,2,1,3,1,2
209,6,1,3,1,1,3,1,4,1,1,3,2,2,1,1,1,0,0,3,0,2,0,2,1,2,0,1,0,4,5,1,1,0,2,2,1,2,2,0,0,3,1,1,4,1,3,2,4,2,2,2,4,2,1,3,1,0,3,3,4,3,0,2,0,4,3,1,2,2,1,2,1,0,3,0,2,1,2,5,3,3,4,4,3,1,1,0,0,2,2,4,2,1,3,1,2
210,6,1,3,2,1,4,1,4,1,1,3,2,2,1,1,1,0,0,3,0,2,0,2,1,2,0,1,0,5,5,2,1,0,2,2,1,2,2,0,0,3,1,1,4,1,3,2,4,2,2,2,4,2,1,3,1,0,3,4,4,3,0,2,0,4,3,1,3,2,1,2,1,0,3,0,2,1,2,5,3,3,4,4,3,1,1,0,0,2,2,4,2,1,3,1,2
211,6,1,3,2,1,4,1,4,1,1,3,2,2,2,1,1,0,0,3,0,2,0,2,1,2,0,1,0,5,5,2,1,0,2,2,1,2,2,0,0,3,1,1,4,1,3,2,4,2,2,2,4,2,1,3,1,0,3,4,4,3,0,2,0,4,3,1,3,2,1,2,1,0,3,1,2,1,2,5,3,3,4,4,3,1,1,0,0,2,2,4,2,1,4,1,2
212,6,1,3,2,1,4,1,4,1,1,3,2,2,2,1,1,0,1,3,0,3,0,2,1,2,0,1,0,5,5,2,1,0,2,2,1,2,2,0,0,3,1,1,4,1,3,2,4,2,2,2,4,2,1,3,1,0,3,4,4,3,0,2,0,4,3,1,3,2,1,2,1,0,3,1,2,1,2,5,3,3,4,4,3,1,1,0,0,2,2,4,2,1,4,1,2
213,6,1,3,2,1,4,1,4,1,1,3,3,2,2,1,1,0,1,3,0,3,0,2,1,2,0,1,0,5,5,2,1,0,2,2,1,2,2,0,0,3,1,1,4,1,3,2,4,2,2,2,4,2,1,3,1,0,3,4,4,4,0,2,0,4,3,1,3,2,1,2,1,0,3,1,2,1,2,5,3,3,4,4,3,1,1,0,0,2,2,4,2,1,4,1,2
214,6,1,3,2,1,4,1,4,1,1,3,3,2,2,1,1,0,1,3,0,3,0,2,1,2,0,1,0,5,5,2,1,0,2,2,1,2,2,0,0,3,1,1,4,1,3,2,4,2,2,2,4,2,1,3,1,0,3,4,4,4,0,3,0,4,3,1,3,2,1,2,1,0,3,1,2,1,2,5,3,3,4,4,3,1,1,0,0,2,2,4,2,1,4,1,2
215,6,1,3,2,1,4,1,5,1,1,3,3,2,2,1,1,0,1,3,0,3,0,2,1,2,0,1,0,5,5,2,1,0,2,2,1,2,2,0,0,3,1,1,4,1,3,3,4,2,2,2,4,2,1,3,1,0,3,4,4,5,0,3,0,5,4,1,3,2,1,3,1,0,3,1,2,1,2,5,3,3,5,4,3,1,1,0,0,2,2,4,2,1,4,1,3
216,6,1,3,2,1,4,1,5,1,1,3,3,2,2,1,1,0,1,3,0,3,0,2,1,2,0,1,0,5,5,2,1,0,2,2,1,2,2,0,0,3,2,1,4,1,3,3,4,2,2,2,4,2,1,3,1,0,3,4,4,5,0,3,0,5,4,1,3,2,2,4,1,0,3,2,2,1,2,5,3,3,5,4,3,1,1,1,0,2,2,4,2,1,4,1,3
217,6,1,3,2,1,4,1,5,1,1,3,4,2,2,1,1,0,1,3,0,3,0,2,1,2,0,1,0,5,5,2,1,0,2,2,1,2,2,0,0,3,2,1,4,1,3,3,4,2,3,2,4,2,1,4,1,0,3,4,4,5,1,4,0,5,4,1,3,2,2,4,1,0,3,2,2,1,2,5,3,3,5,4,3,1,1,1,0,2,2,4,2,1,4,1,3
218,6,1,3,2,1,4,1,5,2,1,3,4,2,2,1,1,0,1,3,0,3,0,2,1,2,0,1,0,5,5,2,1,0,2,2,1,2,2,0,0,3,2,1,4,1,3,3,4,2,3,2,5,2,1,4,1,0,3,4,4,5,1,4,0,5,4,1,3,2,2,4,1,0,3,3,2,1,2,5,3,3,5,4,3,1,1,1,0,2,2,4,2,1,4,1,3
219,6,1,3,2,1,4,1,5,2,1,3,4,2,2,1,1,0,1,4,0,3,0,2,1,2,0,1,0,5,5,2,1,0,2,2,1,2,2,0,0,3,2,1,4,1,4,3,4,2,3,2,5,2,1,4,1,0,3,4,4,5,1,4,0,5,4,1,3,2,2,4,1,0,3,3,2,1,2,5,3,3,5,4,3,1,1,1,0,2,2,4,2,1,4,1,3
220,6,1,3,2,1,4,1,5,2,1,3,5,2,2,1,1,0,1,4,0,3,0,2,1,2,0,1,0,5,5,2,1,0,2,2,1,2,2,0,0,3,2,1,4,1,4,3,4,2,3,2,5,2,1,4,1,0,3,4,4,5,1,4,0,5,4,1,3,2,2,4,1,0,3,3,2,1,2,5,3,3,5,4,3,1,1,1,0,2,2,4,2,1,4,1,3
221,6,1,3,2,1,4,1,5,2,1,3,5,2,2,1,1,0,1,4,0,3,0,2,1,2,0,1,0,5,5,2,1,0,2,2,1,2,2,0,0,3,2,1,4,1,4,3,4,2,3,2,5,2,1,4,1,0,3,4,4,5,1,4,0,5,4,1,3,2,2,4,1,0,3,3,2,1,2,5,3,3,5,4,3,1,1,1,0,2,2,5,2,1,4,1,3
222,6,1,3,2,1,4,1,5,2,1,3,5,2,2,1,1,0,1,4,0,3,0,2,1,2,0,1,0,5,5,2,1,0,2,2,1,2,2,0,0,3,2,1,4,1,4,3,4,2,3,2,6,2,1,4,1,0,3,4,4,5,1,4,0,5,4,1,3,2,2,4,1,0,3,3,2,1,2,5,3,3,5,4,3,1,1,1,0,2,2,5,2,1,4,1,3
223,6,1,3,2,1,4,1,5,2,1,3,5,2,2,1,1,0,1,4,0,3,0,2,1,2,0,1,1,5,5,2,1,0,2,2,1,2,2,0,0,3,2,1,4,1,4,4,4,2,3,2,6,2,1,4,1,0,3,4,4,5,1,4,0,5,4,1,3,2,2,4,1,0,3,3,2,1,2,5,3,3,5,4,3,1,1,1,0,2,2,5,2,1,4,1,3
224,6,1,3,2,1,4,1,5,2,1,4,5,2,2,1,1,0,1,4,0,3,0,2,1,2,0,1,1,5,5,2,1,0,3,2,1,2,2,0,0,3,2,1,4,1,4,4,4,2,3,2,6,2,1,4,1,0,3,4,4,5,1,4,0,5,4,1,3,2,2,4,1,0,3,3,2,2,2,5,3,3,5,4,3,1,1,1,0,2,2,5,2,1,4,1,3
225,6,1,3,2,1,4,1,5,2,1,4,5,2,2,1,1,0,1,4,0,3,0,2,1,2,0,1,1,5,5,2,1,0,3,2,1,2,2,0,0,3,2,1,4,1,4,4,4,2,3,3,6,2,1,4,1,0,3,4,4,6,1,4,0,5,4,1,3,2,2,4,2,0,3,3,2,2,2,5,3,3,5,4,3,1,1,1,0,2,2,5,2,1,4,1,3
226,6,1,3,2,1,4,1,5,2,1,4,5,2,2,1,1,0,1,4,0,3,0,2,1,2,0,1,1,5,5,2,1,0,3,2,1,2,2,0,0,3,2,1,4,1,4,4,4,2,3,3,7,2,1,4,1,0,3,4,4,6,1,4,0,5,4,1,3,2,2,4,2,0,3,3,2,2,2,6,3,3,5,4,3,1,1,1,0,2,2,5,2,1,4,1,3
227,6,2,3,2,1,4,1,5,2,1,4,5,2,2,1,1,0,1,4,0,3,0,2,2,2,0,1,1,5,5,2,1,0,3,2,1,2,2,1,1,3,2,1,4,1,4,4,4,2,3,4,7,2,1,4,1,0,3,4,4,6,1,4,0,5,5,1,3,2,2,4,2,0,3,3,2,2,2,6,3,3,5,4,3,1,1,1,0,2,2,5,2,1,4,1,3
228,6,2,3,2,1,4,1,5,2,1,4,5,2,2,1,1,0,1,4,0,4,0,2,2,2,0,2,1,5,5,2,1,0,3,2,1,2,2,1,1,3,2,1,4,1,4,4,4,2,4,4,7,2,1,4,1,0,3,4,4,6,1,4,0,5,5,1,3,2,2,4,2,0,3,3,2,2,2,6,3,3,5,4,3,1,1,1,0,2,2,5,2,1,4,1,3
229,6,2,3,2,1,4,1,5,2,1,4,5,2,2,1,1,0,1,4,0,4,0,2,2,2,0,2,1,5,6,2,1,0,3,2,1,2,2,1,1,3,2,1,4,1,4,4,4,2,4,4,7,2,1,4,1,0,3,4,4,6,1,4,0,5,5,1,3,2,2,4,2,0,3,3,2,2,2,6,3,3,5,4,3,1,1,1,0,2,2,5,2,1,4,1,3
230,6,2,3,3,1,4,1,5,2,1,4,5,2,2,1,1,0,1,4,0,4,0,2,2,2,0,2,1,6,6,2,1,0,3,2,1,2,2,1,1,3,2,1,4,1,4,4,4,2,4,4,7,2,1,4,1,0,3,4,5,6,1,4,0,5,5,1,3,2,2,4,2,0,3,3,2,2,2,6,3,3,6,5,3,1,1,1,0,2,2,5,2,1,4,1,3
231,6,2,3,3,1,4,1,5,2,1,4,5,2,2,1,1,1,1,4,0,4,0,2,2,2,0,2,1,6,6,2,1,0,3,2,1,2,2,1,1,3,3,1,4,2,4,4,4,2,5,4,7,2,1,4,1,0,3,4,6,6,1,4,0,5,5,1,3,2,2,4,2,0,3,3,2,3,2,6,3,3,6,5,3,1,1,1,0,2,2,5,2,1,4,1,3
232,6,2,3,3,1,4,1,5,2,1,4,5,2,2,1,1,1,1,4,0,4,0,2,2,2,0,2,1,6,6,2,1,0,3,2,1,2,2,1,2,3,3,1,4,2,4,4,4,2,5,4,7,2,1,4,1,0,3,4,6,6,1,4,0,5,5,1,3,2,2,4,2,0,3,3,2,3,2,6,3,3,6,5,3,1,1,1,0,2,2,5,2,1,4,1,3
233,6,2,3,3,1,4,1,5,2,1,4,5,2,2,1,1,1,1,4,0,4,0,2,2,2,0,2,1,6,6,2,1,0,3,2,1,2,2,1,2,3,3,1,4,2,4,4,4,2,5,4,7,2,1,4,1,0,3,4,6,6,1,4,0,5,5,1,3,2,2,4,2,0,3,3,2,3,2,6,3,3,6,5,3,1,1,1,0,2,2,5,2,1,4,1,3
234,7,2,3,3,1,4,1,5,2,1,4,5,2,2,1,1,1,1,4,0,4,0,2,2,2,0,2,1,6,6,2,1,0,3,2,1,2,2,1,2,3,3,1,4,2,4,4,4,2,5,4,7,2,1,5,1,0,3,4,6,6,1,4,0,5,5,1,3,2,2,4,2,0,3,3,2,3,2,6,3,3,6,5,3,1,1,1,0,2,2,5,2,1,4,1,3
235,7,2,3,3,1,4,1,5,2,1,4,5,2,2,1,1,1,1,4,0,4,0,2,2,2,0,2,1,6,6,2,1,0,3,2,1,2,2,1,2,3,3,1,4,2,4,4,4,2,5,4,7,2,1,5,1,0,3,4,6,6,1,4,0,5,5,1,3,2,2,4,2,0,3,3,2,3,2,6,3,3,6,5,3,1,1,1,0,2,2,5,2,1,4,1,4
236,7,2,3,3,1,4,1,5,2,1,4,5,2,2,1,1,1,1,4,0,4,0,2,2,2,0,2,1,6,6,2,1,0,3,2,1,2,2,1,2,3,3,1,4,2,4,4,4,2,5,4,7,2,1,5,1,0,3,4,6,6,1,4,0,5,5,1,3,2,2,4,2,0,3,3,2,3,2,6,3,3,6,5,3,1,1,1,0,2,2,5,2,1,4,1,4
237,7,2,4,3,1,4,1,5,2,1,4,5,2,2,1,1,1,1,4,0,4,0,3,2,2,0,2,1,6,6,2,1,0,3,2,1,2,2,1,2,3,3,1,5,2,4,4,4,2,5,4,7,2,1,5,1,0,3,4,6,6,1,4,0,5,5,1,3,2,2,4,2,1,3,3,2,3,2,6,3,3,6,5,3,2,1,1,0,2,2,5,2,1,4,1,4
238,7,2,4,3,1,4,1,5,2,1,4,5,2,2,1,1,1,1,4,0,4,0,3,2,2,0,2,1,6,6,2,1,0,3,2,1,2,2,1,2,3,3,1,5,2,4,4,4,2,5,4,7,2,1,5,1,0,3,4,6,6,1,4,0,5,5,1,3,2,2,4,2,1,3,3,2,3,2,6,3,3,6,5,3,2,1,1,0,2,2,5,2,1,4,1,4
239,7,2,4,3,1,4,1,5,2,1,4,5,2,2,1,1,1,1,5,0,4,0,3,2,2,0,2,1,6,6,2,1,0,3,2,1,2,2,1,2,3,3,1,5,2,4,4,4,2,5,4,7,2,1,5,1,0,3,4,6,6,1,5,0,5,5,1,3,2,2,4,2,1,3,3,2,3,2,6,3,3,6,5,3,2,1,1,0,2,2,5,2,1,4,1,4
240,7,2,4,3,1,4,1,5,2,1,4,5,2,3,1,1,1,1,5,0,4,0,3,2,2,0,2,1,6,6,2,1,0,3,2,1,2,2,1,2,3,3,1,5,2,4,4,4,2,5,4,7,2,1,5,1,0,3,4,6,6,1,5,0,5,5,1,3,2,2,4,2,1,3,3,2,3,2,6,3,3,6,5,3,2,1,2,0,2,2,5,2,1,4,1,4
241,7,2,4,3,1,4,1,5,2,1,4,5,2,3,1,1,1,1,5,0,4,0,3,2,2,0,2,1,6,6,2,1,0,3,3,1,2,2,1,2,3,3,2,5,2,5,4,4,2,5,4,7,2,1,5,1,0,3,4,6,6,1,5,0,5,5,1,3,2,2,4,2,1,3,3,2,3,2,6,3,3,6,5,3,2,1,2,0,2,2,5,2,1,4,1,4
242,7,2,4,3,1,4,1,5,2,1,4,5,2,3,1,1,1,1,5,0,4,0,4,2,2,0,2,1,6,6,2,1,0,3,3,1,2,2,1,2,3,3,2,5,2,5,4,4,2,5,4,7,2,1,5,1,0,3,4,6,6,1,5,0,5,5,1,3,2,2,4,2,1,3,3,2,3,2,6,3,3,6,6,3,2,1,2,0,2,2,5,2,1,4,1,4
243,7,2,4,3,1,4,1,5,2,1,4,5,2,3,1,1,1,1,5,0,4,0,4,2,2,0,3,1,6,6,2,1,0,3,3,1,2,2,1,2,3,3,2,5,2,5,4,4,2,5,4,7,2,1,5,1,0,3,4,6,6,1,5,0,5,5,1,3,2,2,4,2,1,3,3,2,3,2,6,3,3,6,6,3,2,1,2,0,2,2,5,2,1,4,1,4
244,7,2,4,3,1,4,1,5,2,1,4,5,2,3,1,1,1,1,5,0,4,0,4,2,2,0,3,1,6,6,2,1,0,3,3,1,2,2,1,2,3,3,2,5,2,5,4,4,2,5,4,7,2,1,5,1,0,3,4,6,6,1,5,0,5,5,1,3,2,2,4,2,1,3,3,2,3,2,6,4,4,6,6,3,2,1,2,0,2,2,5,2,1,4,1,4
245,7,2,4,3,1,4,1,5,2,1,4,5,2,3,1,1,1,1,5,0,4,0,4,2,2,0,3,1,6,6,2,1,0,3,3,1,2,2,1,2,3,3,2,5,2,5,4,4,2,5,4,7,2,1,5,1,0,3,4,6,6,1,5,0,5,5,1,3,2,2,4,2,1,3,3,2,3,2,6,4,4,6,6,3,2,1,2,0,2,2,5,2,1,4,1,5
246,7,2,4,3,1,4,1,5,2,1,4,5,2,3,1,1,1,1,5,0,4,0,4,2,2,0,3,1,7,6,2,1,0,3,3,1,2,2,1,2,3,3,2,5,2,5,4,4,2,5,4,7,2,1,5,1,0,3,4,7,6,1,5,0,5,5,1,3,2,2,4,2,1,3,3,2,3,2,6,4,4,6,7,4,2,1,2,0,2,2,5,2,1,4,1,5
247,7,2,4,3,1,4,1,5,2,1,4,5,2,3,1,1,1,1,5,0,4,0,4,2,2,0,3,1,7,6,2,1,0,3,3,1,2,2,1,2,3,3,2,5,2,5,4,4,2,5,4,7,2,1,5,1,0,3,4,7,6,1,5,0,5,5,1,3,3,2,4,2,1,3,3,2,3,2,6,4,4,6,7,4,2,1,2,0,2,2,5,2,1,4,1,5
248,7,2,4,3,1,4,1,5,2,1,4,5,2,3,1,1,1,1,5,0,4,0,4,2,3,0,3,1,7,6,2,1,0,3,3,1,2,2,1,2,3,3,2,5,2,5,4,4,2,5,4,8,2,1,5,1,0,3,4,7,6,1,5,0,6,5,1,3,3,2,4,2,1,3,3,2,3,2,6,4,4,6,7,4,2,1,2,0,2,2,5,2,1,4,1,6
249,7,2,4,3,1,4,1,5,2,1,4,5,2,3,1,1,1,1,5,0,4,0,4,2,3,0,3,1,7,6,2,1,0,3,3,1,2,2,1,2,3,4,2,5,2,6,4,4,2,6,4,8,2,1,5,1,0,3,4,8,6,1,5,0,6,5,1,3,3,2,4,2,1,3,3,3,3,2,6,4,4,6,7,4,2,1,2,0,2,2,5,2,2,4,1,6
250,7,2,4,4,1,4,1,5,2,1,4,5,2,3,1,1,1,1,5,0,4,0,4,2,3,0,3,1,7,6,2,1,0,3,3,1,2,2,1,2,3,4,2,5,2,6,4,4,3,6,4,8,2,1,5,1,0,3,4,8,6,1,5,0,6,6,1,3,3,2,4,2,1,3,3,3,3,2,6,4,5,7,7,4,2,1,2,0,2,2,5,2,2,4,1,6
251,7,2,4,4,1,4,1,5,2,1,4,5,2,3,1,1,1,1,5,0,4,0,4,2,3,0,3,1,7,6,2,1,0,3,3,1,2,2,1,2,3,4,2,5,2,6,4,4,3,6,4,8,2,1,5,1,0,3,4,8,6,1,5,0,6,6,1,3,3,2,4,3,1,3,3,3,3,2,7,4,5,7,7,4,2,1,2,0,2,2,6,2,2,4,1,6
252,7,2,5,4,1,4,1,5,2,1,5,5,2,3,1,1,1,1,5,0,5,0,4,2,3,0,3,1,7,6,2,1,0,3,3,1,2,2,1,2,3,4,2,5,2,6,4,4,3,6,4,8,2,1,5,1,0,3,4,8,6,1,5,0,6,6,2,3,3,2,4,3,1,3,3,3,3,2,7,5,5,7,7,4,2,1,2,0,2,2,6,2,2,4,1,6
253,7,2,5,4,2,4,1,5,2,1,5,5,2,3,1,1,1,1,6,0,5,0,4,2,3,0,3,1,7,6,2,1,0,3,3,1,2,2,1,2,3,4,3,5,2,6,4,4,3,6,4,8,2,1,5,1,0,3,4,8,6,1,5,0,6,6,2,3,3,2,4,3,1,3,3,3,3,2,7,5,5,8,7,4,2,1,2,0,2,2,6,2,2,4,1,6
254,7,2,5,4,2,4,1,5,2,1,5,5,2,3,1,1,1,1,6,0,5,0,4,2,3,0,3,1,7,6,2,1,0,3,3,1,2,2,1,2,3,4,3,5,2,6,4,4,3,6,4,8,2,1,5,1,0,3,4,8,6,1,5,0,6,6,2,3,3,2,4,3,1,3,3,3,3,2,7,5,5,8,7,4,2,1,2,0,2,2,6,2,2,4,1,6
255,7,2,5,4,2,4,1,5,2,1,5,5,2,3,1,1,1,2,6,0,5,0,4,2,3,0,3,1,7,6,2,1,0,3,3,1,2,2,1,2,3,4,3,5,2,6,4,4,3,6,4,8,2,1,5,1,0,3,4,8,6,1,6,0,6,6,3,3,3,2,4,3,1,3,3,3,3,2,7,5,5,8,7,4,2,1,2,0,2,2,6,2,2,4,1,6
256,7,2,5,4,2,4,1,5,2,1,5,5,2,3,1,1,1,2,6,0,5,0,4,2,3,0,3,1,7,6,2,1,0,3,3,1,2,2,1,2,3,4,3,5,2,6,4,4,3,6,4,8,2,1,6,1,0,3,4,8,6,1,6,0,6,6,3,3,3,2,4,3,1,3,3,3,3,2,8,5,5,8,7,5,2,1,2,0,2,2,6,2,2,4,1,6
257,7,2,5,4,2,4,1,5,2,1,5,5,2,3,1,1,1,2,6,0,5,0,4,2,3,0,3,1,7,6,2,1,0,3,4,1,2,2,1,2,3,4,3,5,2,6,5,4,3,6,4,8,2,1,6,1,1,3,4,8,6,1,6,0,6,6,3,3,3,2,4,3,1,3,3,3,3,3,8,5,5,8,7,5,2,1,2,0,2,2,6,2,2,4,1,6
258,7,2,5,4,2,4,1,5,2,1,5,5,2,3,1,1,2,2,6,0,5,0,4,2,4,1,3,1,7,6,3,1,0,3,4,1,2,2,1,2,3,4,3,5,2,6,5,4,3,6,4,8,2,1,6,1,1,4,4,8,6,2,6,0,6,6,3,3,3,3,4,3,1,3,3,3,3,3,8,5,5,8,7,5,2,1,2,1,2,2,6,2,2,4,2,6
259,7,2,5,4,2,4,1,5,2,1,5,5,2,4,1,1,2,2,6,0,5,0,4,2,4,1,3,1,7,6,3,1,0,3,4,1,2,2,1,2,3,4,3,5,2,6,5,4,3,6,4,8,2,1,6,1,1,4,4,8,6,2,6,0,6,6,3,3,3,3,4,3,1,3,3,3,3,3,9,5,5,9,7,5,2,1,2,1,2,2,6,2,2,4,2,6
260,7,2,5,4,2,4,1,5,2,1,5,5,2,4,1,1,3,2,6,0,5,0,4,2,4,1,3,1,7,6,3,1,0,3,4,1,2,2,1,2,3,4,3,5,2,6,5,4,3,6,4,8,2,1,6,1,1,4,4,8,7,2,6,0,6,6,3,3,3,3,4,3,1,3,3,3,3,3,9,5,5,9,7,5,2,1,2,1,2,2,6,2,2,4,2,6
261,7,2,5,4,2,4,1,5,2,1,5,5,2,4,1,1,3,2,6,0,5,0,4,2,4,1,3,1,7,7,3,1,0,3,4,1,3,2,2,2,3,4,3,5,2,6,5,4,3,6,4,8,2,1,6,1,2,5,4,8,7,2,6,0,6,6,3,3,3,3,4,3,1,3,4,3,3,3,9,5,5,9,7,5,2,1,2,1,2,2,6,2,2,4,2,6
262,7,2,5,4,2,4,1,5,2,1,5,5,2,4,2,1,3,2,6,0,5,0,4,2,4,1,3,1,7,7,3,1,0,4,4,1,3,2,2,2,3,4,3,5,2,6,5,4,3,6,4,8,2,2,6,1,3,5,4,8,7,2,7,0,6,6,3,3,3,3,4,3,1,3,4,3,3,3,9,5,5,9,8,5,2,1,2,1,2,2,6,2,2,5,2,6
263,8,2,5,4,2,4,1,5,2,1,5,5,2,4,2,1,3,2,7,0,5,0,4,2,4,1,4,1,7,7,4,1,0,4,4,1,3,2,2,2,3,4,3,5,2,6,5,4,3,6,4,8,2,2,6,1,3,5,4,8,7,3,7,0,6,6,3,3,4,3,4,3,1,3,4,3,3,3,9,5,5,9,8,5,2,1,2,1,2,2,6,2,2,5,2,6
264,8,2,5,4,2,4,1,5,2,1,6,5,2,4,2,1,3,2,7,0,5,0,4,2,4,2,4,1,7,7,4,1,0,4,4,1,4,2,2,2,3,4,3,5,2,6,5,4,3,6,4,8,2,2,6,1,3,5,4,8,7,3,7,0,6,6,3,3,4,3,4,3,1,3,4,3,3,3,9,5,5,9,8,5,2,1,2,2,2,2,6,2,2,5,2,6
265,8,2,6,6,2,4,1,5,2,1,6,5,2,4,2,1,3,2,7,0,5,0,4,2,4,2,4,1,7,7,4,1,0,4,4,1,4,2,2,2,3,4,3,5,2,6,5,4,3,6,5,8,2,3,6,1,3,5,4,9,7,3,7,1,6,6,3,3,4,3,4,3,1,3,4,3,3,3,9,5,5,9,8,5,2,1,2,2,2,2,6,2,2,5,2,6
266,8,2,6,6,2,4,1,5,2,1,6,5,2,4,2,1,3,2,7,0,5,0,4,2,4,2,4,1,7,7,5,1,0,4,4,1,4,2,2,2,3,4,3,5,2,6,5,4,3,6,5,8,2,3,6,1,3,5,4,9,7,3,7,1,6,6,3,3,4,3,4,3,1,3,4,3,3,3,9,5,5,9,8,5,2,1,2,2,2,2,6,2,2,5,2,6
267,8,2,6,6,2,4,1,5,2,1,6,5,2,4,2,1,3,2,7,1,5,0,4,2,4,2,4,2,7,7,5,1,0,4,4,1,4,2,2,2,3,4,3,5,2,6,5,4,3,6,6,8,2,3,6,1,3,5,4,9,7,3,7,1,6,6,3,3,4,3,4,3,1,3,4,3,3,3,9,5,5,9,8,5,2,1,2,2,2,2,6,2,2,5,2,7
268,8,2,6,6,2,4,1,5,2,1,6,5,2,4,2,1,3,2,7,1,5,0,4,2,4,3,4,2,7,7,5,1,0,4,4,1,4,2,2,2,3,4,3,5,2,6,5,4,3,6,7,8,2,3,6,1,3,5,4,9,7,3,7,1,6,6,3,3,4,4,4,3,1,3,4,3,3,3,9,5,5,9,8,5,2,1,2,2,2,2,6,2,2,5,2,7
269,8,2,6,7,2,4,1,5,2,1,6,6,2,4,2,2,3,2,7,1,5,0,4,2,4,3,5,2,7,7,5,1,0,4,4,1,4,2,2,2,3,4,3,5,2,6,5,4,3,6,7,8,2,3,6,1,3,5,4,9,7,3,7,1,7,6,3,4,4,4,4,3,1,3,4,3,3,3,9,5,5,9,8,5,2,1,2,2,2,2,6,2,2,7,2,7
270,8,2,6,7,2,4,1,5,2,1,6,6,2,4,2,2,3,2,7,1,5,0,4,2,4,3,5,2,7,7,5,1,0,4,4,1,4,2,2,2,3,4,3,5,2,6,5,4,3,6,7,8,2,3,6,1,3,6,4,9,7,3,7,1,7,7,3,4,4,4,4,3,1,3,4,3,3,3,9,5,5,9,8,5,2,1,2,2,2,2,6,2,2,7,2,7
271,8,2,6,7,2,4,1,5,2,1,6,6,2,4,2,2,4,2,7,1,5,0,4,2,4,3,5,2,7,7,5,1,0,4,4,1,4,2,2,2,3,4,3,5,2,6,5,4,3,6,7,8,2,3,6,1,3,6,4,9,7,3,7,1,7,8,3,4,4,4,4,4,1,3,4,3,3,3,9,5,5,9,8,5,2,1,2,2,2,2,6,2,2,7,2,7
272,8,3,6,7,2,4,1,5,2,1,6,6,2,4,2,2,4,2,7,1,5,0,4,2,5,3,5,2,7,7,5,1,0,4,4,1,4,2,3,2,3,4,3,5,2,6,5,4,4,6,7,8,3,3,6,1,3,6,4,9,7,3,7,1,7,8,3,4,4,4,4,4,1,3,4,3,3,3,9,5,5,9,8,5,2,1,2,2,2,2,6,2,2,8,2,7
273,9,3,6,7,2,4,1,5,2,1,6,6,2,4,2,2,4,2,7,1,5,0,4,2,5,3,5,2,7,7,5,1,0,4,4,1,4,2,3,2,3,4,3,5,2,6,5,4,4,6,7,8,3,3,6,1,3,6,4,9,7,3,7,1,7,8,3,4,4,4,4,4,1,3,4,3,3,3,9,5,5,9,8,5,2,1,2,2,2,3,6,2,2,8,2,7
274,9,3,6,7,2,4,1,5,2,2,6,6,2,4,2,2,4,2,7,1,5,0,4,2,5,3,5,2,7,7,5,1,0,4,4,1,4,2,3,2,3,4,3,5,2,6,5,4,4,6,7,8,3,3,6,1,4,6,4,9,7,3,7,1,7,8,3,4,4,4,4,4,1,3,4,3,3,3,9,5,5,9,8,5,2,1,2,2,2,3,6,2,2,8,2,7
275,9,3,6,9,2,4,1,5,2,2,6,6,2,4,2,2,4,2,7,1,5,0,4,2,5,3,5,3,7,7,5,1,0,4,4,1,4,2,3,2,3,4,3,5,2,6,5,4,4,6,7,8,3,3,6,1,4,7,5,9,7,3,7,1,8,8,3,4,4,4,4,4,1,3,4,3,3,3,9,5,5,9,8,5,2,1,2,2,2,3,6,2,3,8,2,7
276,9,3,7,9,2,4,1,5,2,2,6,6,2,4,2,2,4,2,7,1,5,0,4,2,5,3,5,3,7,7,5,1,0,4,4,1,4,2,3,2,3,4,3,5,2,6,5,4,4,6,7,9,3,3,6,1,4,7,5,9,7,3,7,1,8,8,3,4,4,4,4,5,1,3,4,3,3,3,9,5,5,10,8,5,2,1,2,2,2,3,7,2,3,8,2,7
277,9,3,7,9,2,4,1,5,2,2,6,7,2,4,2,2,4,2,7,1,5,0,4,2,5,3,5,3,7,7,5,1,0,4,4,1,4,2,3,2,3,4,3,5,2,7,5,4,4,6,7,9,3,3,7,1,4,7,5,9,7,3,7,1,8,9,3,4,4,4,5,5,1,3,5,3,3,3,9,5,5,10,8,5,2,1,2,2,2,3,7,2,3,8,2,7
278,9,3,7,9,2,4,1,5,2,2,6,7,2,4,2,2,4,2,7,1,5,0,4,2,5,3,5,3,7,7,5,1,0,4,4,1,5,2,3,2,3,4,3,5,3,7,5,4,4,6,7,9,3,3,7,1,4,7,6,10,7,3,7,1,8,9,3,4,4,4,5,5,1,3,5,3,3,3,9,5,5,10,8,5,2,1,2,2,3,3,7,2,3,9,2,7
279,9,3,7,10,2,4,1,5,2,2,6,7,2,4,2,2,4,2,7,1,5,0,4,2,5,3,5,3,7,7,5,1,0,4,4,1,5,2,3,2,3,4,3,5,3,7,5,4,4,6,7,9,3,3,7,1,4,7,6,11,7,3,7,1,8,9,3,4,4,4,5,5,1,3,5,3,3,3,9,5,5,10,8,5,2,1,2,2,3,3,7,2,3,9,2,7
280,9,3,7,10,2,4,1,5,2,2,6,7,2,4,2,2,4,2,7,1,5,0,4,2,5,3,6,3,7,7,5,1,0,4,4,1,5,2,3,2,3,4,3,5,3,7,5,4,4,7,7,9,3,3,7,1,4,7,7,11,7,3,7,1,9,9,3,4,5,4,5,5,2,3,5,3,3,3,9,5,5,10,8,5,2,1,2,2,3,3,7,2,3,10,2,7
281,9,3,7,10,2,4,1,5,2,2,6,7,2,4,2,2,4,2,8,1,5,0,4,2,5,3,6,3,7,7,5,2,0,4,4,1,5,2,3,2,3,4,3,5,3,7,5,4,4,7,7,9,3,3,8,1,4,7,8,11,7,3,7,2,9,9,3,4,5,4,5,5,2,3,5,3,3,3,9,5,6,10,8,5,2,1,2,2,3,3,7,2,3,10,2,7
282,9,3,7,10,2,4,1,6,2,2,6,7,2,4,2,2,4,2,8,1,5,0,4,2,5,3,6,3,7,7,5,2,1,4,4,1,5,2,3,2,3,4,3,5,3,7,5,4,4,7,7,9,3,3,8,1,4,7,8,11,7,3,7,2,9,9,3,4,5,4,5,5,3,3,5,3,3,3,9,5,6,10,8,5,2,1,2,2,3,3,7,2,3,10,2,7
283,10,3,7,10,2,4,1,7,2,2,6,7,2,4,2,2,4,2,8,1,5,0,4,2,5,3,6,3,7,7,5,2,2,4,5,1,5,2,3,2,3,4,3,5,3,7,5,4,4,7,7,10,3,3,8,1,4,7,8,11,7,3,7,2,9,9,3,4,5,5,5,6,3,4,5,3,3,3,9,5,7,10,8,5,2,1,2,2,3,3,7,2,3,10,3,7
284,10,3,7,10,2,4,1,7,2,2,6,7,2,4,2,2,5,2,8,1,5,1,4,2,5,3,6,3,7,7,5,2,2,4,5,1,5,2,3,2,3,4,3,5,3,7,5,4,4,7,7,10,3,3,8,2,4,7,8,11,7,3,7,2,9,9,3,4,5,5,5,6,4,4,5,3,3,3,9,5,7,10,8,5,2,1,2,2,3,3,7,2,3,10,3,7
285,10,3,7,11,2,4,1,7,2,2,6,7,2,4,2,2,5,2,8,1,5,1,4,2,5,3,6,3,8,7,6,2,3,4,5,1,5,3,3,3,3,4,3,5,3,7,5,4,4,7,7,11,3,3,8,2,4,7,8,11,7,3,7,2,9,9,3,4,5,5,5,6,4,4,5,3,3,3,9,5,7,10,8,6,2,1,3,2,3,3,7,2,3,10,3,7
286,10,3,8,11,2,4,1,7,3,2,6,7,3,4,2,2,5,2,8,1,5,1,4,2,5,4,6,3,8,7,6,2,3,4,5,1,5,3,3,3,3,4,3,6,3,7,5,4,4,7,7,11,3,3,8,2,4,7,8,11,7,3,7,2,9,10,3,4,5,6,5,6,4,4,5,3,3,3,9,5,7,10,8,6,2,2,3,2,3,3,7,2,3,12,3,7
287,10,3,8,11,2,4,1,7,3,2,6,7,3,4,2,2,5,2,9,1,5,1,4,2,5,4,6,3,8,7,6,2,3,4,5,1,5,3,3,3,3,4,3,6,3,7,5,4,4,7,7,11,3,3,8,2,4,7,8,11,7,3,7,2,9,10,3,4,5,6,5,6,4,4,5,3,3,3,9,5,7,11,8,6,2,2,3,2,3,3,7,2,3,13,3,7
288,10,3,8,11,2,4,1,7,3,2,6,7,3,4,2,2,5,2,9,1,5,1,4,2,5,4,6,3,8,7,6,2,3,4,5,1,5,3,3,3,3,4,3,7,3,7,5,4,4,7,7,11,3,3,8,2,4,7,8,11,7,3,7,2,9,10,3,4,5,6,5,6,4,4,5,3,3,3,9,5,7,11,8,6,2,2,3,2,3,3,7,2,3,13,3,8
289,10,3,8,11,2,4,1,7,3,2,6,8,3,4,2,2,5,2,9,1,5,1,4,2,5,4,6,3,8,7,6,2,3,4,5,1,5,3,3,4,3,4,3,7,3,7,5,4,4,7,7,11,3,3,8,2,4,7,8,11,7,3,7,2,9,10,3,4,5,6,5,6,4,4,5,3,4,3,9,5,7,11,8,6,2,2,3,2,3,3,7,2,3,13,3,8
290,10,3,8,11,2,4,1,7,3,2,6,8,4,4,2,2,5,2,9,1,5,1,4,3,6,5,6,3,8,7,6,3,3,4,5,1,5,3,5,4,3,4,3,7,3,7,5,4,5,7,7,12,3,3,8,3,4,7,8,12,7,3,7,2,9,10,3,5,5,8,5,6,4,4,5,3,4,3,10,5,7,11,8,6,2,2,3,2,3,3,7,2,3,13,3,8
291,10,4,8,11,2,4,1,7,3,2,6,8,4,4,2,2,5,2,9,1,5,1,4,3,6,5,6,3,8,7,6,3,3,4,5,1,5,3,5,4,3,4,3,7,3,7,5,4,5,7,8,12,3,3,8,3,4,7,8,13,9,3,7,2,9,10,3,5,5,8,5,7,4,4,5,3,4,3,10,5,7,11,8,6,3,2,3,3,4,3,7,2,3,13,3,8
292,10,4,8,11,2,4,2,7,3,2,6,8,4,4,2,2,5,2,9,1,5,1,4,3,6,5,6,3,8,7,6,3,3,4,5,2,5,3,5,4,3,4,3,7,3,7,5,4,6,7,8,13,3,3,8,4,4,7,8,15,9,4,7,3,9,10,4,5,5,8,5,7,4,4,5,3,4,3,10,5,7,11,8,6,3,2,3,4,4,3,7,2,3,13,3,8
293,10,4,8,11,2,4,2,7,3,3,6,8,4,4,2,3,5,2,9,1,5,2,4,3,6,5,6,3,8,7,6,3,3,4,5,2,5,3,5,4,3,4,3,7,3,7,6,4,6,7,8,13,3,3,8,4,4,7,9,15,10,4,7,3,9,10,4,5,5,8,5,7,4,4,5,3,4,3,10,5,7,11,8,6,3,2,3,4,4,3,7,2,3,13,3,8
294,10,4,8,11,2,4,2,7,3,4,6,8,4,4,2,3,5,2,9,1,5,2,5,3,6,5,6,3,8,7,6,3,3,4,5,2,5,3,5,4,3,4,3,7,3,8,6,4,6,7,8,13,3,3,8,4,4,7,9,15,10,5,7,3,9,10,5,5,6,8,5,7,4,4,5,3,4,3,11,5,7,11,8,6,3,2,3,4,4,3,7,2,3,13,3,8
295,10,4,8,11,2,4,2,7,3,4,6,8,4,4,2,4,5,2,9,2,5,2,5,3,6,5,6,3,8,7,6,3,3,4,5,2,5,3,5,4,3,4,3,7,3,8,6,4,6,7,8,13,3,3,8,4,4,7,9,15,11,5,7,3,9,10,5,5,6,8,5,7,4,4,5,4,4,3,11,5,7,12,8,6,3,2,3,4,4,3,7,2,4,13,3,8
296,10,5,8,11,2,4,2,7,3,4,6,8,4,4,2,4,5,2,9,2,5,2,5,4,6,5,6,3,8,7,6,3,3,4,5,2,5,3,5,4,3,4,3,7,3,8,6,4,6,7,9,13,3,3,8,4,4,7,9,15,11,5,7,3,9,10,5,5,6,8,5,7,4,5,5,4,4,3,11,5,7,12,9,6,3,2,3,4,4,3,7,2,4,13,3,8
297,10,5,8,11,2,4,2,7,3,4,6,8,4,4,3,4,5,2,9,2,5,2,5,4,6,5,6,3,8,7,6,3,3,5,5,3,5,3,6,4,3,4,3,7,3,8,6,4,6,7,9,13,3,3,8,4,4,7,9,15,11,5,7,3,9,10,5,5,6,8,5,7,4,5,5,4,4,3,11,5,7,12,9,6,3,2,3,4,4,3,7,2,4,14,3,8
298,10,5,8,11,2,4,2,7,3,4,7,8,4,4,3,4,5,2,9,3,5,2,5,4,6,5,6,3,8,7,6,3,3,5,5,3,5,3,7,4,3,4,3,7,3,8,6,4,7,7,9,13,3,3,8,4,4,7,9,15,11,5,7,3,9,10,5,6,7,8,5,7,4,5,5,4,4,4,11,5,7,12,9,6,3,2,3,4,5,3,7,2,4,15,3,8
299,10,5,9,11,2,4,2,7,3,4,7,8,5,4,3,4,5,2,9,4,5,2,5,4,6,5,6,3,9,7,6,3,3,6,5,3,5,3,7,4,3,4,3,7,3,8,6,4,7,7,9,13,3,3,8,4,4,7,9,15,11,5,7,4,9,10,5,6,7,8,5,7,4,5,5,4,4,4,11,5,7,12,9,6,3,2,3,4,5,3,7,2,4,15,3,9
300,10,5,9,11,2,4,2,7,3,4,7,8,5,4,3,4,5,2,9,4,5,2,5,4,6,5,6,3,9,7,7,3,3,6,5,3,5,3,7,4,3,5,3,8,3,8,6,4,7,7,9,13,3,3,9,4,4,7,9,15,11,5,7,4,9,10,5,6,7,8,5,7,4,5,5,4,4,4,11,5,7,12,9,6,3,2,4,5,5,3,7,3,4,16,4,9
301,10,5,9,11,2,4,2,7,3,4,7,8,5,4,3,4,5,2,9,4,5,2,5,4,7,5,6,3,9,7,7,3,3,6,5,3,5,3,7,4,3,5,3,8,3,8,6,4,8,7,9,13,3,3,9,4,4,8,9,15,12,5,7,5,9,10,5,6,7,8,5,7,5,5,5,4,4,4,11,5,7,12,9,6,3,2,4,5,5,3,7,3,4,16,4,9
302,10,5,9,11,2,4,3,7,3,4,7,8,5,4,3,4,5,2,9,4,5,2,5,4,7,5,6,3,9,7,7,3,3,6,5,3,5,3,7,4,3,5,3,8,3,8,6,4,8,8,9,13,3,3,9,4,4,8,9,15,12,5,7,5,9,10,5,6,7,8,5,7,5,5,5,4,4,4,11,5,7,12,9,6,4,2,4,5,5,3,7,3,4,16,4,9
303,10,5,9,12,2,4,3,7,3,4,7,8,5,4,3,4,5,2,9,4,5,2,5,4,7,5,6,4,9,7,7,3,3,6,5,3,5,3,7,4,3,5,3,9,3,8,6,4,8,8,9,13,3,3,9,4,4,8,9,15,12,5,8,5,9,10,5,6,8,8,5,7,5,5,5,4,4,4,11,5,7,12,9,6,4,2,4,5,5,3,7,3,4,16,4,9
304,10,5,10,12,2,4,3,7,3,4,7,9,5,4,3,4,5,2,9,4,5,2,5,4,7,5,6,4,9,7,7,4,3,6,5,3,5,3,7,4,3,5,3,10,3,8,6,5,8,8,9,13,3,3,9,4,4,8,9,15,12,6,8,5,9,10,5,6,8,8,5,7,5,5,5,4,4,4,11,5,7,12,9,6,4,2,4,5,5,3,7,3,4,16,4,9
305,10,5,12,12,2,4,3,7,3,4,7,10,5,4,3,5,5,2,9,4,5,3,6,4,7,5,6,4,9,7,7,4,3,6,5,3,5,3,7,4,3,5,3,10,3,8,6,5,8,8,9,13,3,3,9,4,4,8,9,16,12,6,8,5,9,10,5,6,8,8,5,7,5,5,5,4,4,4,11,5,7,12,9,6,4,2,4,5,5,3,7,3,4,16,4,9
306,10,5,12,12,2,4,3,7,3,4,7,10,5,4,3,5,6,2,9,4,5,3,6,4,7,5,6,4,9,8,8,4,3,6,6,3,5,3,7,4,3,5,3,10,3,8,6,5,8,8,9,13,3,3,9,5,4,8,9,16,12,6,8,5,9,10,6,6,9,8,5,7,5,5,5,4,4,4,11,5,7,12,9,6,4,2,4,5,5,3,7,3,4,16,4,9
307,10,5,12,12,2,4,3,7,3,4,8,10,5,4,3,5,6,2,9,4,5,3,6,4,7,5,6,4,9,8,8,4,3,6,6,3,5,3,7,4,3,5,3,10,3,8,6,5,8,8,9,14,3,3,9,5,4,8,9,16,12,6,8,5,9,10,6,6,9,8,5,7,5,5,6,4,4,4,11,5,7,12,10,6,4,2,5,5,6,3,7,3,4,18,4,9
308,10,5,12,12,2,4,3,7,3,4,8,10,5,4,3,5,6,2,10,4,5,3,6,4,7,5,6,4,9,8,8,4,3,6,6,4,5,3,7,4,3,5,3,10,3,8,6,5,8,8,10,14,3,3,9,5,4,8,9,16,12,6,8,5,9,10,6,6,9,8,5,7,5,5,6,4,4,4,11,5,7,12,10,6,4,2,5,5,6,3,7,3,4,18,4,9
309,10,5,12,12,2,4,3,7,3,4,8,11,5,4,3,5,6,2,10,4,5,3,6,4,8,5,6,5,9,8,8,4,3,6,6,4,5,3,8,4,3,5,3,11,3,8,6,5,8,8,10,14,3,3,10,5,4,8,9,16,12,6,8,5,9,10,6,6,9,8,5,7,5,5,6,4,4,4,11,5,8,12,10,6,4,2,5,5,6,3,7,3,4,18,4,10
310,10,5,13,12,2,4,3,7,3,4,8,11,5,4,3,5,6,2,10,4,5,3,6,4,8,5,6,5,9,8,8,5,3,6,6,4,5,3,8,4,3,5,3,11,3,8,6,5,8,8,10,14,3,3,10,5,4,8,9,16,12,6,8,6,9,11,6,6,9,8,5,7,5,5,7,4,4,4,11,5,8,12,10,6,4,2,5,5,6,3,7,3,4,18,4,11
311,10,5,14,13,2,4,3,7,3,5,9,11,5,5,3,5,7,2,10,4,5,3,6,4,8,5,6,5,10,8,8,5,3,6,6,4,5,3,8,4,3,5,3,12,3,8,6,5,8,8,10,14,3,3,10,5,4,9,9,16,12,6,8,6,9,11,7,6,9,8,5,7,5,5,7,4,4,4,11,5,8,12,10,6,4,2,6,5,6,3,7,3,4,20,4,11
312,10,5,14,13,2,4,4,7,3,5,9,11,5,5,3,5,7,2,10,4,5,3,6,4,8,5,6,5,11,8,8,5,3,6,7,4,5,3,8,4,3,5,3,12,3,8,6,5,8,9,10,14,3,3,10,5,4,9,9,17,12,6,8,6,9,11,7,6,9,8,5,7,5,5,7,4,4,4,11,5,8,12,10,6,4,2,6,5,6,3,7,3,4,20,4,11
313,10,5,14,13,2,4,4,7,3,5,9,11,5,5,3,5,7,2,10,4,5,3,6,4,8,5,6,5,11,8,8,5,3,6,7,4,5,3,9,4,3,5,3,12,3,8,6,5,8,9,11,14,3,3,10,5,4,9,10,17,12,6,8,6,9,11,7,6,9,8,5,7,5,5,7,4,4,4,12,5,8,12,10,6,4,2,6,5,6,4,7,3,4,22,4,11
314,10,5,14,13,2,4,4,7,3,5,9,11,5,5,3,5,7,2,10,4,5,3,6,4,8,5,6,5,11,8,8,5,3,6,7,4,5,3,9,4,3,5,3,12,3,8,6,5,9,10,11,14,3,3,10,5,4,9,10,17,12,6,8,6,9,11,7,6,9,8,5,7,5,5,7,4,4,4,12,5,8,12,10,6,4,2,7,5,6,4,7,3,4,23,4,11
315,10,5,14,14,2,4,4,7,3,5,9,12,5,5,3,5,7,2,10,4,5,3,6,4,8,5,7,5,11,8,8,5,3,6,7,4,5,3,9,4,3,5,3,12,3,8,6,6,9,10,11,14,3,3,10,6,4,9,10,17,12,6,8,6,9,11,7,6,9,8,5,7,5,5,7,4,4,4,12,5,8,12,10,6,4,2,7,5,6,4,7,3,4,24,4,11
316,10,5,14,14,2,4,4,7,3,5,9,12,5,5,3,5,7,2,10,4,5,3,6,4,8,5,8,6,11,8,8,5,3,6,7,5,5,3,9,4,3,5,3,12,3,8,6,6,9,10,11,14,3,3,10,6,4,9,10,17,12,6,8,6,9,11,7,6,9,8,5,8,5,5,8,4,4,4,12,5,8,12,10,6,5,2,7,5,6,4,8,3,4,24,4,11
317,10,5,15,14,2,4,5,7,3,5,9,12,5,5,3,5,7,2,10,4,5,3,6,4,8,5,9,6,11,8,8,5,3,6,7,6,5,3,9,4,3,5,3,13,3,8,6,6,9,10,11,14,3,3,10,6,4,9,10,17,12,6,8,6,10,11,7,6,9,8,5,8,5,5,8,4,4,4,12,5,8,12,10,6,5,2,7,5,6,4,8,3,4,24,5,11
318,10,5,15,14,2,4,5,7,3,5,9,12,5,5,3,5,7,2,10,4,5,3,6,4,8,5,10,6,11,8,8,5,3,6,7,7,5,3,9,4,3,5,3,13,3,8,6,6,9,10,11,14,3,3,10,6,4,9,11,19,12,6,8,6,11,11,7,6,9,8,5,8,5,5,8,4,4,4,12,5,8,12,10,6,5,2,7,5,6,5,8,3,4,25,5,11
319,11,6,16,15,2,4,5,7,3,5,9,12,5,5,3,5,7,2,10,4,5,3,6,4,8,5,10,6,11,8,8,5,3,6,8,7,5,3,9,5,3,5,3,13,3,8,6,6,9,10,11,15,3,3,10,6,4,9,11,19,12,6,8,6,11,11,7,6,9,9,5,8,5,5,8,4,4,4,12,5,8,12,10,6,5,2,7,5,6,5,8,3,4,26,5,11
320,11,6,16,15,2,4,5,7,3,5,9,12,5,5,3,5,7,2,10,4,5,3,6,4,8,5,10,6,11,8,8,5,3,6,8,8,5,3,9,5,3,5,3,13,3,8,6,6,9,10,11,15,3,3,11,7,5,9,11,19,12,6,8,6,11,11,7,6,9,9,5,8,5,5,8,4,4,4,12,5,9,12,10,6,5,2,8,5,6,5,8,5,4,26,5,11
321,11,6,16,15,2,4,5,7,3,5,9,12,5,5,3,5,7,2,10,4,6,3,6,4,8,5,10,6,12,8,8,5,3,6,8,8,5,3,9,5,3,5,3,13,3,8,6,6,9,10,11,15,3,3,11,7,5,9,11,19,12,6,9,6,11,11,7,6,9,9,5,8,5,5,8,4,4,4,12,6,9,12,10,6,5,2,9,5,6,5,8,5,4,26,5,11
322,13,6,16,15,2,4,5,7,3,6,9,12,5,6,3,5,7,2,10,4,6,3,6,4,8,5,10,6,12,8,8,5,3,6,8,10,5,3,9,5,3,6,3,13,3,8,6,6,9,10,11,15,3,3,11,7,5,9,11,19,12,6,9,6,11,11,7,6,9,9,5,8,6,5,8,4,4,4,13,6,9,12,10,6,6,2,9,5,6,5,8,5,4,26,5,11
323,13,6,16,15,2,4,5,7,3,6,9,12,5,6,3,5,7,2,10,4,6,3,6,4,8,5,10,6,12,8,8,5,4,6,8,10,5,3,9,5,4,6,3,13,3,8,6,6,9,11,11,15,3,3,11,7,5,9,12,19,12,6,9,7,11,11,7,6,9,9,5,8,7,5,8,4,4,4,13,6,9,12,10,6,6,2,9,5,6,5,8,5,4,26,5,11
324,13,6,16,15,2,4,5,7,3,6,9,13,5,6,3,5,7,2,10,4,6,3,6,5,8,5,10,6,12,8,8,5,4,6,8,10,5,3,10,5,4,6,3,13,3,8,6,6,9,11,11,15,3,3,11,7,5,9,12,19,12,6,9,7,12,12,7,7,9,9,5,9,7,5,8,4,4,4,13,6,9,12,10,6,6,2,9,5,6,5,8,5,4,26,5,11
325,13,6,16,15,2,4,5,7,3,6,9,13,5,6,3,5,7,2,10,4,6,3,6,5,8,5,11,6,12,9,8,5,4,6,8,10,5,3,11,5,5,6,3,13,3,8,6,6,9,11,11,15,3,3,11,7,5,9,12,19,12,7,9,7,12,12,7,7,9,9,5,9,7,5,8,4,4,4,13,6,9,12,10,6,6,2,9,5,6,5,8,5,4,27,5,11
326,13,6,16,16,2,4,5,7,3,6,9,13,5,6,3,5,7,3,10,4,6,3,6,5,8,5,11,6,12,9,8,5,4,6,8,10,5,3,11,5,5,6,3,13,3,9,6,6,9,11,11,15,3,3,11,7,5,9,12,19,12,7,9,7,12,12,7,7,9,9,5,9,8,5,8,4,4,4,13,6,9,12,10,6,6,2,10,5,6,5,8,6,4,27,5,11
327,13,6,16,16,2,4,5,7,3,6,9,13,5,6,3,5,7,3,11,4,6,3,6,5,8,5,11,6,12,9,8,5,4,7,8,10,5,3,11,5,5,6,3,13,4,9,7,6,9,11,11,15,3,3,11,7,5,9,12,19,12,7,9,7,12,12,8,7,9,9,5,9,8,6,8,5,4,4,13,6,9,12,10,6,6,2,10,5,6,5,8,6,4,27,5,12
328,13,6,16,16,2,4,5,7,3,6,9,13,5,6,3,5,7,3,11,4,6,3,6,5,8,5,11,6,12,9,8,5,4,7,8,10,5,3,11,5,5,6,3,13,4,9,7,6,9,11,11,15,3,4,11,7,5,9,12,19,12,7,9,7,12,12,8,7,9,11,5,9,8,6,8,5,4,4,14,6,9,12,10,6,7,2,10,5,6,5,9,6,4,28,5,12
329,13,6,16,16,2,4,5,7,3,6,9,13,5,6,3,5,7,3,11,4,6,3,6,5,9,5,12,6,12,9,8,5,5,7,8,10,5,3,11,5,5,6,3,13,4,9,7,6,9,11,11,15,3,4,12,7,5,9,12,20,12,7,9,8,12,12,8,7,9,11,5,9,8,6,8,5,4,5,14,6,9,12,10,6,7,2,10,5,6,5,9,6,4,28,6,12
330,13,6,16,16,2,4,5,7,3,6,9,14,5,6,3,5,7,3,11,4,6,3,6,5,9,5,12,6,12,9,8,5,5,7,8,10,5,3,12,5,5,6,3,13,4,9,7,6,9,11,11,15,3,4,12,7,5,9,12,21,12,8,10,8,12,12,9,8,9,11,5,10,8,6,8,5,4,5,15,6,9,12,10,6,7,2,10,5,7,5,9,6,4,28,6,12
331,13,6,16,16,2,4,5,7,3,6,9,15,6,6,3,5,8,3,11,4,6,3,6,5,9,6,12,6,12,9,8,5,5,7,8,10,5,3,12,5,5,6,3,13,4,9,7,6,9,11,11,15,4,4,12,7,5,9,12,21,12,8,10,8,12,12,9,8,9,11,5,10,8,6,8,6,4,5,15,6,9,12,10,6,8,2,10,5,7,5,9,6,4,28,6,12
332,13,6,16,16,2,4,6,7,3,6,9,15,6,6,3,5,8,3,11,4,6,3,6,5,9,6,12,6,12,9,8,5,5,7,8,10,5,3,12,5,5,6,3,13,4,9,7,6,9,11,11,15,4,4,12,7,5,9,12,21,12,8,10,8,12,12,9,9,9,11,5,10,8,6,8,6,4,5,15,6,9,12,10,6,8,2,10,5,7,5,9,6,4,28,6,12
333,13,6,16,16,2,4,6,7,3,7,9,15,6,6,3,5,8,3,11,4,6,3,6,5,10,6,12,6,12,9,9,5,5,7,8,10,5,3,12,5,5,6,4,13,4,9,7,6,9,11,11,15,4,4,12,7,5,9,12,21,12,8,10,8,12,12,9,9,9,12,5,10,8,6,8,6,4,5,15,6,9,12,10,6,8,2,10,5,7,6,9,6,4,28,6,12
334,13,6,16,17,2,4,7,7,3,7,9,15,6,6,3,5,9,3,11,4,6,3,6,5,10,6,13,6,12,9,10,5,5,7,8,10,5,3,12,5,5,6,4,13,4,9,7,6,9,11,11,15,4,4,12,7,5,9,12,21,12,8,10,8,12,12,9,9,9,12,5,10,8,6,9,7,4,5,15,6,9,13,10,6,8,2,10,5,7,6,9,6,4,28,6,13
335,13,7,16,17,2,4,7,7,3,7,9,16,6,6,3,6,9,3,11,4,6,3,6,5,10,6,13,6,12,9,10,5,5,7,8,10,5,3,12,5,5,6,4,13,4,10,7,6,9,11,11,15,4,4,12,7,5,10,12,21,12,8,10,8,12,12,9,9,9,12,5,10,8,6,9,7,4,5,16,6,9,13,10,6,8,2,10,5,7,6,9,6,5,28,6,13
336,13,7,16,17,2,4,7,7,3,7,9,17,6,6,3,6,10,3,11,4,6,3,6,5,10,6,13,6,12,9,10,5,5,7,8,10,5,4,13,5,5,6,4,13,4,10,7,6,9,12,11,15,4,4,12,7,5,10,12,23,12,8,10,8,12,12,9,9,9,12,5,10,8,6,10,7,4,5,16,6,9,13,10,6,8,2,10,5,7,6,9,6,6,29,6,13
337,13,7,16,17,2,4,7,7,3,7,9,17,6,6,3,6,11,5,11,4,6,3,6,5,10,6,13,6,12,10,10,5,5,7,8,11,5,4,13,5,5,6,4,13,4,10,7,6,9,12,11,15,5,4,12,8,5,10,12,23,12,8,10,8,12,12,9,9,9,12,5,10,8,6,10,7,4,5,16,6,9,13,10,6,8,2,10,5,7,6,9,6,6,29,6,13
338,13,7,16,17,2,4,7,7,3,7,9,17,6,6,3,6,11,5,11,4,6,3,6,5,10,6,13,6,12,10,10,6,5,7,8,11,5,4,13,5,5,6,4,13,4,10,7,6,9,12,11,15,5,4,12,8,6,10,12,23,13,8,10,8,12,12,10,9,10,12,5,10,9,6,10,7,4,5,16,6,9,13,10,6,8,2,10,5,8,6,9,6,6,30,6,13
339,13,8,16,17,2,4,8,7,3,7,9,17,6,6,3,7,11,5,11,4,6,3,6,5,10,6,13,6,13,10,11,6,5,7,8,11,5,4,13,5,5,6,4,13,4,10,7,6,9,12,11,15,6,4,12,8,6,10,12,23,13,9,10,8,13,12,10,9,10,12,5,10,10,6,10,7,4,5,16,6,9,14,10,6,8,2,11,5,8,6,9,6,6,30,6,13
340,13,8,16,17,2,4,8,7,3,7,9,17,6,7,3,7,12,5,11,4,6,3,6,5,10,6,14,6,13,10,11,6,5,7,9,11,6,4,14,5,5,6,4,13,4,10,7,6,9,12,11,15,6,4,12,8,6,10,12,23,13,9,10,8,13,12,10,9,10,12,5,12,11,6,10,7,4,5,18,7,9,14,10,6,8,2,11,5,9,6,10,7,6,30,6,13
341,13,8,16,18,2,4,8,7,3,7,9,17,6,7,3,7,12,5,11,4,6,3,6,5,10,6,14,6,13,10,11,6,6,7,9,11,6,4,14,6,5,6,4,13,4,10,7,6,9,12,11,16,6,4,12,8,6,10,12,24,13,9,10,8,13,13,10,9,10,12,5,12,11,6,10,7,4,5,18,7,9,14,10,7,8,2,12,6,9,6,10,7,6,30,6,13
342,13,8,16,18,2,4,8,7,3,7,9,18,6,7,3,7,12,5,12,4,6,3,6,5,10,6,15,6,13,10,12,7,6,7,9,11,6,4,14,7,5,6,4,13,4,10,7,6,9,12,11,16,7,4,13,8,6,10,12,25,13,9,10,8,13,13,10,9,10,12,5,12,11,6,10,7,4,5,18,7,9,14,10,7,8,2,12,6,9,6,10,7,6,30,6,13
343,13,8,16,18,2,4,8,7,3,7,10,18,6,7,3,7,13,5,12,4,6,3,6,5,10,6,15,6,13,10,12,7,6,7,9,11,6,4,14,8,5,6,4,13,4,10,7,6,10,12,11,16,7,4,14,9,6,10,12,25,13,10,10,8,13,13,10,9,10,13,5,12,11,6,10,7,4,5,18,7,9,14,10,7,8,2,12,6,9,6,10,7,6,31,6,13
344,13,10,16,18,2,4,8,7,3,7,10,18,6,7,4,7,13,5,13,5,6,3,6,5,10,7,15,6,13,10,13,7,6,7,9,12,6,4,14,8,5,6,4,13,4,10,7,6,12,12,11,16,7,4,14,10,6,10,13,25,13,10,10,8,13,14,10,9,11,13,5,12,11,6,10,7,4,5,18,8,9,14,10,7,8,2,12,6,10,6,10,8,6,31,7,13
345,13,10,16,18,2,4,8,7,3,7,10,18,7,7,4,7,13,5,13,5,6,3,6,5,10,7,15,6,13,10,13,7,6,7,9,12,6,4,14,8,5,6,5,13,4,10,7,6,12,12,11,16,8,5,14,10,6,10,13,27,13,10,11,8,14,14,10,9,11,13,5,12,11,6,11,7,4,5,18,8,9,14,10,7,8,2,12,6,10,7,10,8,6,31,7,13
346,13,10,16,19,2,4,8,7,3,7,10,19,7,7,4,7,13,5,13,5,6,3,6,5,10,7,15,6,13,10,13,7,6,8,9,13,6,4,14,8,5,6,5,13,4,10,8,6,12,12,11,17,8,5,15,10,6,10,13,27,13,10,12,8,14,14,11,9,11,13,5,12,11,6,11,7,4,5,18,8,9,14,10,7,8,2,13,6,10,7,10,8,6,31,7,13
347,13,10,16,19,2,4,8,7,3,7,10,20,7,7,4,7,13,5,14,5,6,3,6,5,10,7,16,6,13,10,13,7,6,8,9,14,7,4,14,8,5,6,5,13,4,10,8,6,12,12,11,17,8,5,15,11,6,10,13,27,13,10,12,8,14,14,11,9,12,13,6,12,11,6,11,7,4,5,18,8,9,14,10,7,9,2,13,6,10,7,10,8,6,31,7,13
348,13,10,16,20,2,4,8,7,3,7,10,20,7,7,4,7,14,5,14,5,7,3,6,6,10,7,16,6,13,10,13,7,6,8,9,14,7,4,14,8,5,6,5,13,4,11,8,6,12,12,11,17,8,5,15,11,6,11,13,27,13,10,12,8,14,14,12,9,12,13,6,12,11,6,11,7,4,5,18,8,9,14,10,7,9,2,13,6,10,7,10,8,6,31,7,13
349,13,10,16,20,2,4,9,7,3,8,10,20,8,7,4,7,14,5,14,5,7,3,6,6,10,7,16,6,13,10,13,7,6,8,9,14,7,4,14,8,5,6,5,13,4,11,8,6,12,12,11,17,8,5,15,11,6,11,13,28,13,10,12,8,15,14,12,9,12,13,6,12,11,6,11,7,4,5,18,8,9,14,10,7,9,2,13,6,10,7,10,8,6,31,7,14
350,13,10,16,21,2,4,9,7,3,8,10,20,8,8,4,7,14,5,14,5,7,3,6,6,10,7,16,7,13,10,13,7,6,9,9,15,7,4,15,8,5,6,5,13,4,11,8,6,12,12,11,17,8,5,15,11,6,11,13,28,13,10,12,8,15,15,13,9,12,13,8,12,11,6,11,7,4,5,18,8,9,14,10,7,9,2,13,6,10,7,10,8,6,31,7,14
351,13,10,16,21,2,4,10,7,3,9,10,20,8,8,4,7,14,5,14,5,7,3,6,6,10,7,16,7,13,10,13,7,6,9,9,15,7,4,15,9,5,6,5,13,4,12,8,6,12,12,11,17,8,5,15,11,6,11,14,28,13,10,12,8,15,15,14,9,12,13,8,12,11,6,11,7,4,5,18,8,9,14,10,7,9,2,13,6,10,7,10,8,6,31,7,14
352,13,10,16,21,2,4,10,7,3,9,11,20,8,8,4,7,14,5,14,5,7,3,6,7,10,7,16,7,13,10,13,7,6,9,9,15,7,4,15,9,5,6,6,13,4,12,8,6,12,12,12,17,8,5,15,11,6,11,14,28,13,10,12,8,15,16,14,10,12,13,8,12,11,6,11,7,4,5,18,8,9,14,10,7,9,2,13,6,10,7,10,8,7,32,7,15
353,13,10,16,21,2,4,10,7,3,9,11,20,8,8,4,7,14,5,14,5,7,3,6,7,10,7,17,7,13,10,14,7,6,9,9,15,7,4,15,10,5,7,6,13,4,12,8,6,12,12,13,17,8,5,15,11,6,11,14,28,13,10,12,8,15,16,14,10,12,13,8,13,11,6,11,7,4,5,18,8,9,14,11,7,9,3,13,7,11,7,10,8,7,35,7,15
354,13,10,16,21,2,4,10,8,3,9,12,20,8,8,4,8,14,5,14,5,7,3,7,7,10,7,17,7,13,10,14,7,6,9,10,15,7,4,15,10,5,7,6,13,4,12,8,6,12,13,15,17,8,5,15,11,6,11,14,28,13,10,12,8,15,16,14,11,12,13,8,13,11,6,11,7,4,5,18,11,9,14,11,7,9,3,13,7,11,7,10,8,8,36,7,15
355,13,10,16,21,2,4,10,8,3,9,12,22,8,9,4,8,14,5,14,6,7,3,7,7,10,7,17,7,13,10,14,7,6,10,10,15,7,4,15,11,5,7,6,13,4,12,8,6,12,13,15,17,8,5,15,11,6,11,14,28,13,10,12,8,16,16,14,12,12,13,8,14,11,6,11,7,4,5,18,11,9,14,11,7,9,3,13,7,11,7,10,8,8,36,7,15
356,13,10,16,21,2,4,10,8,3,10,13,22,8,9,4,8,14,5,14,6,7,3,7,7,10,7,17,7,13,10,14,7,7,10,10,16,7,4,15,11,5,7,6,13,4,12,8,7,12,13,15,18,8,5,15,11,6,11,14,28,13,12,12,8,16,17,15,12,12,13,8,14,12,6,11,7,4,6,18,11,9,14,11,8,10,3,13,7,11,8,10,8,8,36,7,15
357,13,10,17,21,2,4,10,8,3,11,13,22,8,9,4,8,15,5,14,6,7,3,7,7,10,7,17,7,13,10,15,8,7,10,10,16,7,4,15,11,5,7,6,13,4,12,8,7,12,13,15,18,8,5,15,11,6,11,14,28,13,12,13,8,17,17,15,12,12,13,8,14,12,6,11,7,4,6,18,11,9,14,13,8,10,3,14,7,11,8,10,8,8,37,7,15
358,13,10,17,22,2,4,10,8,3,11,13,22,8,9,4,8,15,5,15,6,7,3,7,7,10,7,17,7,13,10,15,8,8,11,10,16,7,4,15,11,5,7,6,13,4,12,8,7,12,13,15,18,8,5,15,12,6,11,15,28,13,12,13,8,17,17,15,12,12,13,8,14,12,6,11,7,4,6,18,11,9,15,13,8,10,3,14,7,11,8,10,8,8,39,7,15
359,13,10,17,22,2,4,10,8,3,11,14,23,8,9,4,8,15,5,16,6,7,3,7,7,10,7,17,7,13,10,15,8,8,12,10,16,7,4,15,11,5,7,6,13,4,12,8,7,12,13,16,18,8,5,15,13,6,11,15,28,13,12,13,8,17,17,16,12,12,13,8,15,13,6,11,7,4,7,18,11,9,15,13,9,10,3,14,7,11,9,10,8,8,39,7,15
360,13,10,17,22,2,5,10,8,3,11,14,23,8,9,4,8,16,5,16,6,7,3,7,8,10,7,17,7,13,10,15,9,8,12,10,16,7,4,15,11,5,7,6,13,4,13,8,7,12,13,16,18,8,5,15,13,6,11,15,29,13,12,13,8,17,17,16,12,12,13,8,15,13,6,11,7,4,7,18,12,10,15,13,9,10,3,14,7,12,9,10,8,8,39,7,15
361,13,10,17,23,2,5,10,8,4,11,14,23,8,9,4,8,16,5,16,6,7,3,7,8,11,7,17,7,13,10,15,9,8,12,10,16,8,4,16,11,5,7,6,13,4,13,8,7,12,13,16,18,8,5,15,13,6,12,15,29,13,13,13,8,17,18,16,12,12,13,8,15,13,6,11,7,4,7,18,12,10,15,13,9,10,3,14,7,12,9,10,8,8,39,7,15
362,13,10,17,23,2,5,10,8,4,13,14,23,8,10,4,8,16,6,16,6,7,3,7,8,11,7,17,7,13,10,15,10,8,13,10,16,8,4,16,11,5,7,6,13,4,13,8,7,12,13,16,18,8,5,15,13,6,12,15,29,13,14,13,8,17,18,16,12,12,13,8,15,13,6,11,7,4,7,19,13,11,15,13,9,10,3,14,8,12,9,10,8,8,39,7,15
363,14,11,19,23,2,5,10,8,4,13,14,24,8,10,4,8,16,6,16,6,7,3,7,8,11,7,17,8,13,10,15,10,9,13,10,17,8,4,18,11,5,7,6,13,4,13,8,7,12,14,16,18,8,6,15,13,6,12,16,29,13,14,13,8,17,18,16,12,12,13,8,16,13,6,13,7,5,7,20,14,11,15,13,9,10,3,14,8,12,9,10,8,8,39,7,15
364,14,11,19,23,2,5,10,8,4,13,14,24,8,11,4,8,16,6,16,6,7,3,7,8,12,7,17,8,14,10,15,10,9,13,10,18,8,4,18,11,5,7,6,14,4,13,8,7,12,16,16,18,9,6,15,13,6,12,16,29,13,14,13,8,17,19,17,12,12,13,8,16,13,6,13,7,5,7,20,15,11,15,13,9,10,3,14,8,12,9,10,8,8,39,7,15
365,14,11,19,23,2,5,10,8,4,13,15,24,8,11,4,8,16,6,16,6,7,4,7,9,12,7,17,8,14,10,15,11,9,13,10,18,8,4,18,11,5,7,6,14,4,14,8,7,13,17,16,19,9,6,15,13,6,12,17,29,13,14,13,9,17,19,18,12,12,13,8,16,13,6,13,7,5,7,20,15,11,15,13,9,10,3,15,8,12,10,10,8,8,39,7,15
366,14,11,19,23,2,5,11,8,5,13,15,24,8,12,4,8,16,6,16,6,7,4,8,10,12,7,17,8,16,10,15,11,9,13,10,18,8,4,18,11,5,7,6,14,4,15,8,7,13,17,16,19,10,6,15,13,6,12,17,29,13,14,13,10,18,19,18,12,12,15,8,16,13,6,13,7,5,7,20,15,11,15,13,10,10,3,15,8,12,10,10,8,8,39,7,15
367,14,11,19,23,2,5,11,8,5,13,15,24,8,12,4,8,16,6,16,6,7,4,8,10,14,7,17,8,16,10,15,11,9,13,11,18,8,4,18,11,5,7,6,14,4,15,8,8,13,17,18,20,10,6,16,14,6,12,17,29,13,14,13,10,19,19,18,12,12,15,8,16,13,6,13,7,5,7,20,15,11,15,13,10,11,3,15,8,13,10,10,8,8,39,7,15
368,14,11,19,23,2,5,11,9,5,13,16,24,8,12,4,8,16,6,18,6,7,5,9,10,14,7,17,8,17,10,16,11,9,13,11,18,8,4,18,11,5,7,6,14,5,15,8,8,14,17,18,20,10,7,16,14,6,14,17,29,13,14,13,10,19,19,18,12,13,15,8,17,14,6,13,7,5,7,21,16,11,15,13,10,12,3,15,8,13,10,10,8,9,39,7,15
369,14,11,19,24,2,5,12,9,5,13,16,24,8,12,4,8,16,6,18,6,7,5,9,10,14,7,17,8,17,10,16,11,9,13,11,18,8,5,18,11,5,7,6,14,5,15,8,8,14,17,18,20,10,7,16,14,6,14,17,30,13,16,14,11,19,19,18,12,14,15,8,17,15,6,14,7,5,7,21,16,12,15,14,10,13,3,15,8,13,10,10,8,9,39,7,15
370,15,12,19,26,2,5,12,9,5,13,17,24,8,12,4,8,17,6,18,6,7,5,10,11,15,7,17,8,17,10,16,11,9,13,11,18,8,5,18,11,5,7,6,14,5,15,8,8,15,17,18,20,10,7,18,14,6,14,17,30,13,16,15,11,19,19,18,12,14,15,8,17,15,6,15,7,5,7,21,16,12,15,14,10,13,3,15,8,13,11,10,8,9,40,7,15
371,15,12,19,26,2,5,12,9,5,14,17,24,8,12,4,8,17,6,18,6,7,5,10,11,15,7,17,8,18,10,16,11,9,13,12,18,9,5,18,11,5,7,6,14,6,15,8,8,15,17,18,21,10,7,18,14,6,14,17,30,13,16,15,11,19,20,18,12,14,15,8,17,15,6,15,7,5,7,21,16,12,15,14,10,13,3,15,8,13,11,10,8,10,40,7,15
372,15,12,19,26,2,5,12,9,5,14,17,25,8,13,4,8,17,6,18,6,7,5,10,11,16,7,17,8,19,10,16,11,9,14,12,18,9,6,19,11,5,7,6,14,6,15,8,8,15,17,18,21,10,7,18,14,6,14,17,30,14,16,15,11,20,21,18,12,14,15,8,17,15,6,15,8,5,7,21,17,13,15,14,10,13,3,15,8,13,11,10,8,10,40,7,16
373,15,12,20,26,2,5,12,9,5,14,17,25,8,13,4,8,17,6,18,6,7,5,10,11,16,8,17,8,19,10,16,11,9,15,12,19,9,6,19,12,5,7,6,15,6,15,8,8,15,17,19,21,10,7,18,14,6,15,17,30,14,16,15,11,20,24,19,12,14,15,8,17,15,6,15,9,5,7,21,17,13,15,14,10,13,4,15,8,13,11,10,8,11,40,8,18
374,15,12,20,29,2,5,12,9,5,14,17,25,8,13,4,8,17,6,18,6,7,5,10,11,16,8,17,8,19,10,16,11,9,15,13,20,9,6,19,12,5,7,6,15,6,15,8,8,15,17,19,21,10,7,18,17,6,15,17,30,14,16,15,11,20,24,19,12,14,15,8,17,15,6,15,9,5,7,22,17,13,15,14,10,13,4,15,8,13,12,10,8,11,40,8,18
375,15,12,20,29,2,5,13,9,5,14,17,25,8,13,4,8,17,6,18,6,9,5,10,12,17,8,17,8,19,10,16,11,10,17,13,20,9,6,19,12,5,7,6,16,6,15,8,8,15,17,19,21,10,7,18,17,7,15,17,30,15,16,15,12,20,24,19,12,14,15,8,18,15,6,16,9,6,7,22,17,13,16,14,11,13,4,15,8,13,12,10,8,11,43,8,18
376,15,12,21,30,2,5,13,9,5,14,17,25,8,13,4,8,17,6,18,6,9,5,10,12,18,8,17,8,19,10,17,11,10,17,13,21,9,6,19,12,5,8,6,17,6,15,8,8,15,17,20,21,11,7,18,17,7,15,17,30,15,16,17,12,20,24,20,12,14,15,8,19,15,6,17,9,6,7,22,17,13,16,14,11,13,4,15,8,13,12,10,8,11,44,8,19
377,15,12,22,30,2,5,13,9,5,14,19,25,8,13,5,8,17,6,18,7,9,5,10,12,18,8,17,8,19,10,19,11,10,17,13,21,9,6,20,12,5,9,7,17,6,15,8,8,15,18,21,21,11,7,18,17,7,15,17,31,15,16,17,13,20,24,20,12,14,15,8,19,15,6,17,9,6,7,22,18,13,16,14,11,14,4,15,8,14,13,10,9,11,44,8,19
378,15,12,22,30,2,5,13,9,5,14,19,25,8,13,6,8,17,6,18,7,9,5,10,12,18,8,17,8,19,10,19,11,10,17,13,21,9,6,20,12,5,10,7,17,6,15,8,8,15,18,22,21,11,7,18,17,7,15,17,31,15,16,18,13,20,24,22,12,15,15,8,19,15,6,17,9,6,7,24,20,13,17,14,11,14,4,15,8,14,13,10,9,11,44,8,19
379,15,12,22,31,2,5,13,9,6,14,19,26,8,13,6,8,17,6,18,7,9,5,10,12,18,8,17,8,19,10,19,11,10,18,13,21,9,6,21,12,5,10,7,17,6,15,8,8,15,18,22,21,11,7,18,17,7,15,17,31,15,16,19,13,20,24,22,12,15,15,8,19,16,6,19,9,6,7,25,20,13,17,14,11,15,4,15,8,14,13,10,9,11,45,8,19
380,16,12,22,31,2,5,13,10,6,14,20,27,8,14,6,9,17,6,18,7,9,5,10,12,18,9,17,8,19,10,19,11,11,18,13,21,9,6,21,12,5,10,8,17,6,15,8,8,15,18,23,21,11,8,18,17,7,15,17,31,16,16,21,13,20,24,22,12,15,15,9,20,17,6,19,10,6,7,26,20,14,17,14,11,15,4,15,8,14,14,10,10,11,46,8,19
381,16,12,22,31,2,5,14,10,6,14,20,27,8,14,6,9,18,6,18,8,9,5,10,12,18,10,17,8,19,10,19,11,11,18,13,21,9,6,21,13,5,10,8,17,6,15,9,8,15,19,24,21,12,9,19,17,7,15,17,32,16,16,21,13,20,25,22,12,15,15,9,21,17,6,19,10,6,7,28,21,14,17,14,11,15,4,15,8,14,14,10,10,11,47,8,21
382,16,12,22,31,2,5,14,10,6,14,20,27,8,14,7,9,18,6,18,9,9,5,10,12,18,10,17,8,19,10,19,11,11,18,13,21,9,6,21,14,5,10,8,18,6,15,10,8,16,19,25,21,12,9,19,17,8,16,17,32,17,16,21,13,20,25,22,12,15,15,9,21,17,6,19,10,6,7,28,21,14,17,15,11,15,4,15,8,14,14,10,11,13,47,8,21
383,16,13,22,31,2,5,15,10,6,14,20,28,8,15,8,9,18,6,18,9,9,6,10,12,18,11,17,8,20,10,19,11,11,18,13,21,9,6,22,14,5,10,8,19,6,16,10,8,17,20,25,21,12,9,19,17,8,17,17,32,17,16,21,13,22,25,22,12,15,15,9,22,17,6,19,10,6,7,28,21,14,17,16,11,15,4,17,8,14,14,10,11,13,48,8,22
384,16,13,22,32,2,5,18,10,6,14,20,29,8,15,8,9,18,6,18,9,10,6,10,12,18,12,17,8,22,10,19,11,11,18,13,21,9,6,22,14,5,10,8,20,6,17,10,8,17,20,25,21,12,9,20,18,8,17,17,34,17,16,21,14,22,25,22,12,15,15,9,23,18,6,20,10,6,7,28,21,14,17,16,11,16,5,19,8,14,14,10,11,13,50,8,22
385,16,13,22,32,3,5,18,10,6,14,20,29,8,15,8,9,18,6,18,9,10,6,10,12,18,13,18,8,22,11,19,12,12,18,13,21,9,6,22,14,5,10,8,21,6,17,11,8,17,21,25,22,12,9,20,18,9,17,17,35,17,17,21,14,22,25,22,12,15,15,9,24,18,6,21,10,6,7,28,21,14,18,16,11,16,5,20,8,14,14,10,11,13,50,8,22
386,16,15,22,32,3,5,18,11,6,14,20,29,8,15,8,9,18,6,19,9,11,6,10,12,18,13,18,8,22,11,20,12,12,18,13,21,9,6,22,14,5,11,8,21,6,17,11,8,17,21,25,22,12,9,20,18,9,18,18,35,18,17,21,14,22,25,22,12,16,15,9,24,18,6,21,10,6,7,30,22,14,18,16,11,16,5,22,8,14,14,10,11,13,50,8,23
387,16,15,22,32,3,5,18,11,6,15,20,29,8,15,8,9,18,6,19,9,11,6,10,12,19,14,18,8,22,11,20,12,13,18,14,22,9,6,23,14,5,13,8,22,6,17,11,8,17,21,25,22,12,9,20,18,10,19,18,35,18,17,21,14,22,25,22,13,16,15,9,25,18,6,22,11,6,7,31,22,14,18,16,12,16,5,22,8,14,14,10,11,13,51,9,23
388,16,15,22,32,3,5,18,11,7,16,20,29,8,15,8,9,18,7,20,9,11,6,10,12,20,15,18,8,23,11,20,12,14,19,14,22,9,6,24,14,5,13,8,22,6,17,11,8,17,21,25,24,12,10,20,18,10,19,18,36,18,17,21,14,22,25,22,14,16,15,9,26,18,6,22,11,6,7,31,23,15,18,16,13,16,5,22,8,14,14,10,11,13,53,9,24
389,16,16,22,32,4,5,18,11,7,16,20,29,8,15,8,9,19,7,20,9,11,6,10,12,21,15,18,8,23,12,20,12,14,20,14,22,9,6,24,14,5,13,8,22,6,17,11,8,17,22,25,25,13,10,21,18,11,19,18,36,18,17,21,14,22,25,22,15,16,15,9,26,18,6,22,11,6,7,31,24,15,18,16,13,16,5,22,8,14,14,10,11,13,53,9,24
390,16,16,22,33,4,6,18,11,7,16,20,29,8,15,8,9,19,7,20,10,11,6,10,12,21,15,18,8,23,12,20,12,14,20,15,22,9,6,24,14,5,13,8,22,6,17,11,8,17,22,25,25,13,11,21,18,11,19,18,37,18,17,22,14,22,25,22,16,17,15,9,26,19,6,22,11,6,7,31,25,15,18,16,13,16,5,22,8,15,14,10,13,14,53,9,25
391,16,16,22,35,4,6,19,11,7,16,20,29,8,15,8,9,19,7,20,10,11,6,10,12,21,16,18,8,23,12,20,12,15,20,15,22,9,6,27,14,5,13,8,22,6,17,11,8,17,22,25,25,14,11,21,18,11,19,18,37,18,17,22,14,23,25,22,16,17,15,9,27,19,6,23,11,6,7,31,25,15,18,17,13,16,5,22,8,15,14,10,13,14,55,9,25
392,16,17,22,36,4,7,19,11,7,16,20,30,8,15,9,10,19,7,20,10,11,6,10,12,22,16,18,8,23,12,20,12,15,20,15,22,9,6,27,14,5,15,8,22,6,17,11,8,17,22,25,25,14,11,21,18,11,19,18,37,18,17,22,14,23,25,22,17,17,15,9,30,19,6,23,11,7,7,33,26,15,18,17,13,16,5,23,8,15,14,10,13,14,55,9,25
393,16,17,22,37,5,7,19,11,7,16,20,30,8,15,9,10,19,7,21,10,11,6,10,12,22,16,18,8,23,12,20,12,15,21,15,22,9,6,28,15,5,15,8,23,6,17,11,9,17,23,25,25,15,11,21,18,11,19,18,37,18,17,22,14,24,26,23,17,17,15,9,31,19,7,23,11,7,8,33,26,15,18,17,13,16,5,24,8,15,14,10,15,14,56,9,25
394,16,18,22,37,5,7,19,11,7,16,21,31,8,15,9,10,19,7,22,10,11,6,10,12,22,16,18,8,23,12,20,12,16,22,15,22,9,6,29,15,5,15,8,23,6,18,12,9,18,25,25,25,15,11,21,19,11,19,18,37,19,17,22,14,24,26,23,17,17,16,10,31,19,7,24,11,7,8,33,27,15,18,17,13,16,5,25,9,15,14,10,15,14,56,9,26
395,17,18,22,37,5,7,19,11,8,17,22,31,8,17,9,10,19,7,23,10,11,7,10,12,22,16,18,8,23,12,21,12,16,22,15,25,9,6,29,15,5,15,8,23,6,18,12,9,18,26,26,25,15,11,21,19,11,20,18,38,19,17,23,14,24,26,23,17,17,16,10,31,19,7,25,11,7,8,33,27,17,18,17,13,16,5,25,9,15,15,10,15,14,56,9,26
396,17,18,22,37,5,7,20,11,8,17,23,31,8,18,9,10,19,7,23,10,11,7,11,12,22,16,20,8,23,12,21,12,16,23,15,25,9,6,29,15,5,15,8,23,6,18,12,9,18,27,26,26,15,11,22,19,11,20,19,38,20,17,23,14,24,26,23,17,17,16,10,31,19,7,25,11,8,8,34,27,17,18,17,13,16,5,26,9,15,16,10,15,14,56,9,27
397,17,18,22,37,5,7,20,11,8,18,23,32,8,18,9,10,19,8,23,11,11,7,11,12,22,16,20,8,23,12,21,12,16,23,15,25,9,6,29,15,5,15,10,23,6,18,12,9,18,27,27,27,15,11,22,19,11,21,19,38,20,17,23,14,24,26,24,17,17,17,10,31,19,7,26,11,9,8,34,27,17,18,17,13,17,5,26,9,16,16,10,15,14,58,9,28
398,17,18,22,38,5,7,20,11,8,18,23,32,9,19,9,10,19,9,23,11,11,7,11,12,22,16,20,8,23,12,22,12,16,23,15,25,9,6,30,15,5,15,10,23,6,19,12,9,19,28,27,27,15,11,22,19,11,21,19,38,21,17,23,14,24,26,25,17,17,17,10,31,20,7,27,11,9,9,35,27,17,18,18,13,17,5,26,9,16,16,10,15,14,59,9,28
399,18,19,22,39,5,7,20,13,8,18,24,32,9,19,9,10,19,9,23,11,11,7,11,13,22,16,21,8,23,12,22,12,18,23,15,25,9,6,30,15,5,15,10,24,6,19,12,9,19,29,27,27,15,11,22,19,12,21,19,39,21,18,23,14,24,26,25,17,17,18,10,31,20,7,27,11,9,9,35,27,17,18,18,13,17,5,26,9,17,16,10,15,14,60,9,29
400,18,19,22,39,5,7,20,13,8,18,24,32,9,19,9,10,19,9,24,11,11,7,11,13,22,16,21,8,23,12,24,12,19,23,15,25,9,6,30,15,5,17,10,24,6,19,12,9,19,29,27,27,15,13,23,19,13,22,19,39,21,19,24,14,24,26,25,17,17,18,10,31,20,7,27,11,9,9,35,27,17,19,18,13,18,5,27,9,17,16,10,16,14,60,10,29
401,18,19,25,39,5,7,21,13,8,18,25,32,9,19,9,11,19,9,24,11,12,7,12,13,22,16,21,8,23,12,24,12,19,23,15,26,9,6,30,15,5,17,10,24,6,19,12,9,19,32,27,27,15,13,23,20,13,23,19,39,22,19,24,14,24,26,25,18,17,18,11,31,20,7,27,11,9,9,36,27,18,19,18,13,18,5,28,9,17,16,10,17,14,62,10,29
402,18,19,26,39,5,7,21,13,8,18,26,33,9,22,9,11,19,9,24,11,12,7,13,13,23,16,22,9,23,13,24,12,19,24,16,26,9,6,30,15,5,17,10,24,6,19,12,9,19,32,27,27,15,13,23,20,13,23,19,41,22,19,25,14,24,27,26,18,17,19,11,31,20,7,27,12,9,10,36,30,20,20,18,13,18,5,28,10,17,16,10,17,15,63,10,29
403,18,19,26,39,6,7,21,13,8,19,26,33,9,23,10,11,19,9,25,11,12,7,13,13,23,16,22,9,23,14,24,12,20,24,16,26,9,6,31,15,5,17,10,25,7,19,12,9,19,32,27,28,15,13,23,21,13,23,20,41,22,19,26,14,24,28,26,18,18,19,11,31,21,7,27,12,9,11,36,30,20,20,18,13,18,5,29,10,17,16,10,17,15,64,10,29
404,19,19,26,39,6,7,21,13,8,19,26,34,9,24,10,12,19,9,26,11,12,7,14,13,23,16,22,9,23,14,24,12,20,24,16,26,9,6,33,15,6,18,10,27,7,20,12,9,19,33,27,28,15,13,23,21,13,24,20,41,22,19,27,14,24,28,26,18,19,19,11,31,22,7,28,12,9,11,36,31,20,20,19,13,18,5,29,10,17,17,10,17,15,64,10,30
405,21,19,26,39,6,7,21,14,9,19,27,34,9,24,10,13,19,9,26,11,12,7,16,13,23,16,22,9,23,14,24,12,20,25,17,27,10,6,33,15,6,18,10,27,7,20,12,9,19,33,27,30,15,13,23,21,13,24,20,41,22,19,27,14,24,28,26,19,19,19,11,31,22,7,29,12,9,11,36,31,20,21,19,13,18,5,29,10,17,17,10,17,15,65,10,30
406,21,19,27,40,6,8,21,14,10,20,27,34,9,24,10,14,19,9,27,11,12,7,16,13,24,17,22,9,23,14,24,12,20,25,18,28,10,6,33,16,6,18,10,27,7,21,12,9,19,33,27,31,17,13,23,22,13,24,20,41,22,20,28,14,25,29,26,19,20,19,11,33,22,7,29,12,9,11,36,32,20,21,19,13,18,5,30,10,17,17,11,17,16,65,10,30
407,22,19,27,40,6,8,21,14,10,20,28,35,9,25,10,15,19,9,28,11,12,7,16,13,25,17,22,9,23,14,24,13,20,25,19,28,10,6,35,18,6,18,10,27,7,22,12,9,19,33,29,32,17,13,23,22,13,24,20,42,22,20,29,15,25,29,26,19,20,19,11,33,23,7,31,12,9,11,37,32,20,21,19,13,18,5,31,10,17,17,11,17,17,65,10,30
408,22,19,27,40,6,9,21,14,10,21,28,35,9,25,10,15,20,9,30,12,12,7,16,13,25,17,23,9,23,15,24,13,20,25,19,28,10,6,35,18,6,18,11,27,7,24,12,9,19,33,33,32,17,13,23,23,13,25,20,42,22,20,29,15,25,29,27,19,20,19,11,33,24,7,31,12,9,11,37,32,20,21,19,13,18,5,31,10,17,17,11,17,18,65,10,30
409,22,19,27,40,6,9,21,14,10,21,29,35,9,25,10,16,20,10,30,12,12,8,16,13,25,17,23,9,24,15,25,13,20,26,20,29,10,6,36,18,6,18,11,27,7,24,12,9,19,33,33,34,17,13,23,23,14,25,21,42,22,20,29,15,25,30,27,19,20,19,11,33,24,7,31,12,9,11,37,32,20,21,19,13,18,5,32,10,18,17,11,17,18,66,10,31
410,22,20,27,42,6,9,21,14,11,21,29,36,9,25,10,16,20,10,31,12,12,8,17,13,26,18,23,9,24,15,27,13,20,26,20,30,10,6,36,18,6,18,12,27,7,25,13,9,19,33,35,34,17,13,23,23,14,25,21,42,22,20,29,16,25,30,27,19,21,19,11,34,24,7,32,12,9,11,38,33,21,21,19,13,18,6,33,11,18,17,11,18,18,67,10,32
411,22,20,27,42,6,9,21,14,11,21,29,37,9,25,10,16,20,10,31,13,12,9,17,13,26,18,23,9,25,15,28,15,20,26,20,30,11,6,37,18,6,18,12,27,8,25,13,9,20,33,36,34,17,13,23,24,14,25,21,42,22,20,30,16,25,30,27,19,21,20,11,34,24,7,33,12,9,11,39,33,21,21,20,13,19,7,33,11,18,17,11,18,18,67,10,33
412,22,20,28,42,6,9,21,14,11,21,29,38,9,26,10,16,20,10,32,13,12,10,18,13,27,18,23,9,25,15,28,15,20,26,20,31,11,6,37,18,6,18,12,27,8,25,13,9,20,33,36,34,18,13,24,24,14,25,21,42,22,20,30,16,25,31,27,19,22,21,11,36,24,7,33,12,9,11,39,33,21,21,20,13,19,7,33,11,18,17,11,18,18,68,10,33
413,23,21,28,43,6,9,21,14,11,21,30,38,9,26,10,16,21,10,32,13,12,10,18,13,27,18,23,9,25,15,28,16,20,27,20,31,12,6,37,20,6,18,12,27,8,25,13,9,20,34,39,34,18,13,24,24,14,25,22,43,22,21,30,16,25,31,28,19,23,21,11,36,24,7,33,12,9,11,40,33,21,21,20,13,19,7,33,11,18,17,11,18,18,71,10,33
414,23,21,28,45,6,9,21,15,11,21,30,41,9,26,10,17,21,10,33,13,12,10,18,13,27,19,24,9,25,15,28,17,21,27,20,31,12,6,37,20,6,18,12,27,8,27,13,9,20,35,39,35,18,13,24,24,14,26,23,43,22,22,31,16,25,31,29,19,23,21,11,37,24,7,33,12,9,11,40,33,21,22,21,13,19,8,33,11,18,17,11,18,18,72,10,33
415,23,21,29,45,6,9,21,15,11,21,30,42,9,27,10,17,22,10,33,13,12,10,19,13,27,19,25,9,25,15,28,17,22,27,20,34,12,6,37,20,6,18,12,27,8,27,13,9,21,35,39,35,18,13,24,24,14,27,23,44,22,22,31,16,25,31,30,19,23,21,11,37,24,7,34,12,9,11,40,34,21,22,21,14,19,8,33,11,18,17,11,18,18,73,10,33
416,23,21,29,45,6,9,21,15,11,22,32,42,9,27,10,17,22,10,33,13,12,10,19,13,29,19,25,9,25,15,28,18,23,27,20,35,12,6,38,21,6,18,12,29,8,28,13,9,22,38,40,36,18,13,24,24,14,28,23,44,22,22,32,16,25,33,31,19,23,22,11,37,24,7,34,12,9,12,41,36,22,23,23,14,19,8,33,11,18,17,11,19,18,74,10,33
417,23,21,29,46,6,9,21,15,11,23,32,42,10,27,10,17,23,10,34,13,12,10,19,14,29,19,25,9,25,15,28,18,23,27,20,35,12,6,39,21,6,18,12,29,8,28,14,9,23,38,41,36,18,13,24,25,14,29,24,44,23,22,32,16,25,33,31,19,23,22,11,38,25,7,35,12,10,12,41,36,22,23,23,14,19,9,34,11,18,17,11,19,18,75,11,33
418,23,21,29,47,6,9,21,15,11,23,32,42,11,27,10,17,23,10,34,13,12,10,19,14,29,19,25,9,25,15,28,18,24,27,20,35,12,6,39,21,6,18,13,30,9,28,15,9,24,39,42,36,18,13,24,25,14,30,24,44,23,22,33,17,25,34,31,19,23,23,11,38,25,7,36,12,10,12,41,36,22,23,23,14,19,9,34,11,18,18,11,19,19,76,11,33
419,23,21,29,47,6,9,21,15,12,23,32,42,11,28,10,17,23,10,34,13,12,10,19,14,29,19,25,9,25,15,29,18,24,27,20,35,12,6,40,21,6,18,13,30,9,29,15,10,24,39,44,36,18,13,24,25,15,30,24,45,23,22,34,18,25,34,31,19,23,24,11,39,27,7,37,12,10,13,42,36,22,23,23,14,19,9,35,11,18,18,11,19,19,76,11,33
420,24,21,29,47,6,9,21,15,12,23,32,42,11,29,10,17,23,10,34,13,12,10,19,14,29,19,25,9,27,15,30,18,24,28,20,37,12,6,40,22,6,18,13,30,9,29,15,10,24,39,45,36,18,13,24,26,15,30,24,46,23,22,34,18,25,34,31,19,25,25,12,39,27,7,37,12,10,13,42,38,22,23,23,14,19,9,35,11,18,18,11,20,19,77,11,33
421,25,21,29,49,6,9,21,15,12,23,32,42,12,29,10,18,23,10,35,13,12,12,20,14,30,20,25,9,27,15,31,18,24,28,20,37,12,6,40,22,6,18,13,31,9,30,15,10,24,39,47,36,18,13,24,26,15,30,24,46,23,22,36,19,25,34,34,19,25,26,12,39,27,7,38,12,10,14,42,38,22,23,23,14,19,9,35,12,19,19,11,20,20,78,11,33
422,25,21,30,49,6,10,21,15,12,23,32,42,12,29,10,18,24,10,35,13,12,12,20,14,30,20,25,9,27,15,32,18,25,28,20,37,12,6,40,22,6,19,13,31,9,30,16,10,25,39,48,37,19,13,25,26,15,31,24,46,23,23,36,19,25,35,34,20,25,26,12,39,27,7,38,12,10,14,42,40,22,24,23,14,19,9,35,12,19,19,11,21,20,78,11,34
423,26,21,30,50,6,10,21,16,12,24,33,43,13,30,10,18,25,10,35,13,12,12,20,14,30,20,25,10,27,15,32,18,27,28,20,37,12,6,40,22,6,19,13,33,9,31,16,10,26,40,50,37,19,13,25,26,15,31,24,47,23,23,36,19,25,35,36,20,26,26,12,39,27,7,38,12,10,14,42,40,22,25,23,14,19,9,35,13,19,19,11,21,20,78,11,34
424,26,21,30,50,6,10,22,16,12,25,33,43,13,30,10,18,25,10,36,13,12,12,20,14,30,20,25,10,28,15,33,18,27,28,21,37,12,6,40,22,6,19,13,33,10,31,16,10,26,40,51,37,20,13,25,26,15,31,24,50,23,23,36,20,26,35,36,20,26,26,12,39,27,7,39,12,11,15,42,41,22,25,23,14,19,9,36,13,19,19,11,21,20,78,11,35
425,26,21,30,50,6,10,22,16,12,25,33,43,13,30,10,18,25,10,36,13,13,12,21,15,30,20,25,10,28,15,33,18,28,28,21,38,12,8,41,22,6,19,13,34,10,31,16,10,27,41,51,39,20,13,27,27,15,31,24,51,23,23,36,20,26,36,36,20,26,26,12,39,29,7,39,12,11,16,42,41,22,25,23,14,20,9,37,13,19,19,11,21,21,78,11,35
426,26,21,30,51,6,10,22,16,12,26,33,43,13,30,10,18,25,11,36,14,13,12,21,15,30,20,25,10,29,15,33,19,28,28,21,40,12,9,41,22,6,19,13,34,10,31,16,10,28,41,51,39,20,13,28,28,15,31,24,51,23,23,37,20,26,36,36,20,26,27,12,40,30,7,39,12,11,16,43,42,22,25,23,14,20,9,37,13,19,19,11,21,21,80,11,35
427,26,21,30,54,6,10,22,16,12,26,34,45,13,30,10,18,28,11,36,15,13,12,21,15,31,21,26,10,29,15,36,19,28,28,21,40,12,9,41,22,6,19,14,34,10,32,16,10,28,41,51,39,20,13,28,28,16,32,24,51,23,23,37,20,26,36,36,20,27,27,13,41,30,7,40,12,11,16,43,42,23,25,23,15,21,9,38,13,19,19,11,21,21,80,11,36
428,26,21,30,54,6,10,22,16,12,26,34,46,14,31,10,19,30,11,36,15,13,13,21,16,32,21,26,10,31,15,37,19,28,28,21,40,12,11,41,23,6,19,14,36,10,32,17,10,28,41,52,40,20,13,29,28,16,32,24,51,24,24,37,20,27,36,37,20,27,27,13,42,30,7,41,12,11,16,43,43,24,25,23,16,22,9,38,13,19,19,11,21,21,81,11,36
429,26,22,30,54,6,12,22,16,12,26,35,46,14,32,10,20,30,11,36,15,13,13,21,16,33,21,27,11,31,16,37,19,29,29,22,41,12,11,42,24,6,19,14,36,10,33,17,10,30,41,53,40,20,13,29,28,16,32,24,52,25,25,37,20,28,36,37,20,27,27,13,42,31,7,41,12,11,16,43,43,24,26,23,17,23,9,38,13,19,19,11,21,21,83,11,36
430,26,22,30,55,6,12,22,16,12,27,35,46,14,32,10,20,30,11,36,15,13,13,21,16,34,21,28,11,31,16,37,19,29,29,22,41,12,12,42,25,6,20,14,36,11,33,17,10,30,41,54,40,20,13,29,29,16,32,24,52,25,25,37,21,28,36,38,20,27,27,13,42,31,7,41,12,11,16,43,43,24,26,23,17,24,9,38,13,19,19,11,21,22,84,11,36
431,26,23,30,56,6,12,22,16,12,28,36,47,15,33,12,20,30,11,36,15,13,13,21,16,34,21,29,11,32,16,38,19,29,30,22,41,12,12,43,26,6,20,14,36,11,33,17,10,30,41,57,40,20,14,29,29,18,32,25,52,26,25,37,21,28,36,38,20,29,27,13,43,31,7,42,12,11,16,44,44,24,26,24,17,24,9,39,13,19,19,11,22,22,86,11,38
432,28,23,30,56,6,12,22,17,12,28,36,47,15,33,12,20,30,11,37,15,13,14,21,16,34,21,29,11,37,17,39,20,31,31,22,41,12,12,43,26,6,20,14,36,11,33,17,10,30,41,57,40,21,14,29,29,18,32,25,52,26,26,39,21,28,36,39,20,29,27,13,43,31,7,42,12,14,16,44,44,25,26,25,17,24,9,39,13,19,20,11,22,22,87,11,38
433,28,25,31,59,6,12,22,17,12,28,37,47,15,33,15,20,30,11,40,16,13,14,21,16,34,21,29,11,37,17,39,20,31,31,22,41,12,12,43,26,6,20,14,36,11,34,17,10,30,42,59,40,22,14,30,29,18,32,25,53,26,26,39,21,31,37,40,20,29,27,13,43,33,7,43,12,15,16,45,44,26,27,26,17,25,9,39,13,19,22,11,22,22,88,11,39
434,29,25,32,59,6,12,23,17,12,29,37,48,15,33,15,20,30,11,40,17,13,14,21,16,34,21,29,11,37,17,39,20,32,31,22,43,12,12,44,26,6,20,14,36,11,35,17,11,30,42,60,40,22,14,30,29,18,33,25,55,26,26,41,21,31,37,40,20,29,28,13,43,33,7,43,12,15,16,46,44,26,27,27,17,26,9,41,13,19,23,11,22,22,89,12,39
435,30,25,32,60,6,12,23,17,12,30,37,48,16,33,15,20,30,11,40,17,14,14,21,16,34,21,30,11,37,17,39,22,33,31,22,43,12,12,44,26,7,20,14,36,11,35,17,11,30,42,60,43,23,14,30,29,18,33,25,56,26,26,41,21,31,37,41,20,29,28,14,44,33,7,43,12,15,16,46,45,26,27,27,17,26,9,41,13,19,23,11,22,22,91,12,40
436,31,25,32,63,6,12,23,17,12,30,37,49,16,33,15,20,30,11,40,17,14,14,22,16,34,21,30,11,37,17,41,22,34,31,22,43,12,12,45,26,7,20,14,36,11,35,18,11,30,42,61,44,23,15,31,29,18,33,25,56,26,26,41,22,31,37,41,21,29,28,14,44,34,7,44,12,15,16,46,45,27,27,27,17,26,9,42,13,19,23,11,22,22,92,12,40
437,31,26,33,63,6,12,23,17,12,30,37,52,16,33,15,21,30,11,41,18,14,14,22,16,35,22,31,11,37,17,41,22,34,31,22,46,12,12,45,26,7,20,15,36,11,35,18,11,30,43,62,45,23,15,31,29,18,33,25,56,26,26,41,22,31,37,41,21,29,28,14,46,35,7,44,12,15,16,47,46,27,29,27,19,26,9,43,14,19,24,11,22,22,93,13,41
438,31,26,34,63,6,12,24,17,12,30,37,53,16,33,15,21,30,11,41,18,14,14,22,16,36,23,31,11,37,17,41,22,34,32,22,47,12,12,46,26,7,20,16,36,11,35,18,11,30,45,63,45,23,15,31,30,18,33,25,57,26,27,41,22,31,37,41,21,30,29,14,46,38,7,44,12,15,16,48,48,27,29,27,19,27,10,43,14,20,24,11,22,22,94,13,41
439,31,26,34,64,6,13,24,17,13,31,38,53,16,33,15,22,31,11,42,18,14,14,23,17,36,23,31,11,37,17,43,22,35,32,23,48,12,12,46,26,8,20,17,37,11,35,19,11,30,46,65,45,23,15,32,30,18,33,25,58,26,27,41,23,32,37,41,21,30,30,14,46,39,7,46,12,15,16,48,51,27,29,27,19,27,10,43,14,20,24,11,22,22,97,13,42
440,31,26,35,65,7,13,24,17,13,31,38,53,16,33,16,22,31,12,43,18,14,14,23,17,37,23,31,11,39,17,44,22,35,32,23,48,12,12,47,26,8,22,17,38,11,35,20,11,31,48,65,46,23,15,32,30,18,34,26,58,26,28,41,24,32,37,41,22,32,31,15,46,40,7,47,12,15,18,48,54,28,29,27,19,27,10,43,14,23,25,11,22,23,99,13,43
441,31,27,36,65,7,13,24,18,13,31,39,53,16,33,16,24,31,13,44,18,16,15,23,17,37,24,32,11,39,17,45,22,38,32,23,48,12,12,48,26,8,22,17,38,11,35,20,11,31,48,65,46,23,15,32,30,18,34,26,58,26,28,41,24,32,37,41,22,32,31,16,47,41,7,48,12,15,18,49,54,28,29,27,19,29,10,44,14,23,25,11,22,23,100,13,43
442,31,27,37,66,7,13,24,18,13,32,39,53,16,33,16,25,31,15,44,18,16,15,23,17,38,24,32,11,41,17,45,22,39,32,23,48,12,12,48,26,8,22,17,39,11,35,20,11,31,48,65,46,24,15,32,30,18,34,26,58,27,28,42,24,32,37,41,22,32,31,17,49,41,7,48,12,15,19,50,55,28,29,27,19,29,10,46,15,23,25,11,22,23,101,13,43
443,31,27,37,66,7,13,24,18,13,32,40,53,17,34,16,25,31,15,45,18,16,15,23,17,38,25,32,11,41,17,46,23,39,33,23,48,12,13,48,27,8,22,17,39,11,35,21,11,32,50,65,46,25,15,32,30,18,35,26,58,27,28,42,24,32,38,41,22,32,32,19,50,41,7,48,12,15,19,50,57,29,29,27,19,30,10,47,15,23,25,11,22,23,102,14,43
444,31,27,37,67,7,13,24,18,13,32,41,54,17,34,16,25,31,15,45,18,16,15,23,18,38,25,32,11,41,17,46,23,39,33,23,48,12,13,48,28,8,22,18,39,11,35,21,12,32,50,65,47,26,15,32,30,18,35,26,58,27,28,42,24,32,38,41,22,32,32,19,51,41,7,50,13,15,19,50,57,29,29,27,19,30,10,48,16,23,26,11,22,23,103,14,43
445,31,27,38,69,7,13,24,18,13,33,43,56,17,34,17,25,31,15,45,18,16,15,24,18,39,25,33,11,42,17,47,23,39,33,24,48,12,14,49,29,8,22,18,40,11,35,21,12,34,50,66,47,26,15,32,30,18,35,26,58,28,29,42,25,33,40,42,22,32,33,19,51,41,7,50,13,15,19,50,58,30,31,28,20,30,10,48,16,24,26,11,22,23,104,14,44
446,32,27,38,69,7,13,24,18,13,34,44,57,17,34,18,27,31,15,45,18,16,15,24,18,41,25,33,12,43,17,47,24,39,34,24,49,12,14,49,30,8,22,18,40,11,36,21,12,34,51,66,47,26,15,32,30,18,35,26,58,28,29,42,25,34,40,42,22,32,34,19,52,41,7,50,13,15,20,51,58,30,32,29,22,31,10,48,16,25,26,11,22,23,105,14,46
447,32,27,38,71,7,13,24,19,13,34,45,57,17,34,19,28,31,15,46,18,16,15,24,19,41,25,34,13,44,17,47,24,41,34,24,51,12,14,50,30,8,22,18,41,11,36,22,12,34,51,66,47,26,15,32,30,18,35,26,59,28,29,43,26,35,40,42,22,32,36,20,53,41,7,50,16,16,21,52,58,30,32,29,22,33,11,48,16,25,27,11,22,23,108,14,46
448,33,27,39,72,7,13,28,20,13,35,45,58,17,34,21,29,31,15,46,18,16,15,24,19,41,26,34,13,44,17,48,25,41,34,24,51,12,14,51,30,8,22,18,41,12,36,22,12,34,51,67,47,26,15,32,31,18,36,26,59,28,29,43,26,35,40,42,22,33,36,20,54,41,7,50,16,17,21,52,59,30,32,29,22,33,11,49,16,25,27,12,22,23,108,15,47
449,34,27,39,72,7,13,28,20,13,35,45,58,17,34,21,29,31,16,46,18,16,15,25,19,41,26,36,13,46,17,48,25,42,34,24,52,12,14,51,31,9,22,19,41,12,36,22,13,34,51,68,48,26,15,32,31,18,36,26,59,28,29,43,26,35,40,42,22,33,38,20,55,41,7,51,16,18,22,52,59,30,32,29,22,33,11,49,16,25,27,13,22,25,108,15,47
450,34,27,39,72,7,13,28,20,13,37,46,58,17,35,21,31,31,16,46,18,16,15,26,19,41,26,36,13,47,17,49,25,42,34,24,52,13,14,51,31,9,23,19,41,12,37,22,13,35,51,70,50,27,15,33,31,18,36,26,60,28,29,44,26,36,40,44,22,34,38,21,55,41,7,52,16,18,22,52,59,30,32,31,22,33,11,49,16,25,27,13,22,25,110,15,47
451,34,27,39,72,7,13,29,20,13,37,46,64,18,35,21,32,31,16,46,18,16,15,26,21,41,27,36,13,49,17,49,25,42,34,24,53,13,15,51,31,9,23,19,41,12,37,23,13,35,51,71,50,27,15,33,31,18,37,26,60,28,29,44,26,36,42,46,22,34,38,21,55,42,7,52,16,18,22,52,60,31,32,31,22,33,11,49,16,25,28,13,22,25,110,15,48
452,34,28,40,72,7,13,29,20,13,37,46,64,18,35,21,32,31,17,48,18,16,15,26,21,41,27,37,13,49,19,50,26,42,34,24,54,14,15,52,31,9,23,20,42,12,38,24,13,35,52,71,50,27,15,33,31,18,37,26,60,28,29,44,26,36,42,47,22,36,38,21,57,42,7,52,16,18,22,53,60,31,32,31,23,34,11,51,16,25,29,13,22,27,111,15,48
453,34,28,40,72,7,13,30,20,13,38,46,65,18,35,21,32,31,17,48,18,16,15,26,21,42,27,37,13,49,19,50,26,43,36,24,54,14,16,54,31,9,23,20,42,12,38,25,13,36,53,71,52,27,15,33,31,18,37,26,60,28,29,44,26,36,43,47,22,37,39,21,57,42,7,53,16,19,22,53,62,31,32,31,24,35,11,52,16,25,29,14,22,27,112,15,50
454,34,29,41,73,7,14,31,20,13,39,46,66,18,35,21,32,31,17,48,18,16,15,26,21,43,27,37,13,49,19,50,26,43,36,24,54,14,18,55,31,9,23,20,43,12,38,25,13,36,53,71,52,28,15,33,31,19,37,28,61,28,29,45,27,36,44,49,22,38,39,21,57,43,7,53,17,20,23,54,62,31,33,31,24,36,12,54,16,26,30,14,23,27,115,15,50
455,34,30,41,73,7,14,31,20,13,39,46,66,18,35,21,34,32,18,50,18,16,15,26,21,45,28,38,13,49,19,50,29,43,36,24,56,14,18,56,32,9,23,20,44,12,38,25,13,36,53,72,53,28,15,33,31,19,38,28,62,28,29,45,27,36,44,50,22,38,40,21,57,45,7,53,17,20,23,55,63,31,33,32,24,36,12,56,16,26,31,14,23,28,117,15,50
456,36,30,42,75,7,15,32,20,14,39,47,66,18,35,21,35,33,18,50,19,16,17,26,21,45,28,39,14,50,19,51,29,44,36,24,57,14,19,56,32,9,24,20,44,12,38,25,13,36,53,73,54,29,15,33,31,19,38,28,64,28,29,46,29,36,44,51,22,38,41,21,62,45,8,55,17,20,23,55,63,31,33,32,24,36,12,57,16,26,31,14,23,28,117,15,51
457,36,31,42,76,7,15,32,21,14,39,47,66,18,35,21,35,33,18,50,19,16,18,27,21,46,28,39,14,51,19,52,31,44,36,24,57,14,20,57,32,9,25,21,44,12,38,25,14,36,53,73,54,29,16,33,31,19,38,29,65,28,29,46,29,36,44,52,22,38,43,21,63,45,8,55,17,20,23,56,64,31,33,33,24,37,12,57,17,27,31,14,24,28,118,15,51
458,36,32,42,76,7,15,33,21,14,40,48,67,18,35,22,35,33,18,52,19,16,20,30,22,46,28,39,15,51,19,52,31,45,36,24,58,14,20,59,32,9,25,21,45,12,40,25,14,36,53,73,54,29,16,33,31,19,39,29,65,28,29,47,29,36,44,53,22,38,44,21,64,45,8,55,17,20,24,57,64,31,33,33,24,37,12,57,17,27,31,14,25,28,118,15,52
459,37,32,43,77,7,15,34,21,14,41,48,67,18,35,22,35,33,18,52,19,16,20,31,23,46,29,39,15,52,19,54,31,46,37,24,59,15,20,59,32,9,25,21,45,12,41,26,14,36,54,74,57,30,16,33,31,19,39,29,66,28,29,47,29,36,44,53,22,39,47,21,64,46,8,56,17,20,24,58,65,31,33,34,24,37,12,57,17,27,32,14,26,29,118,15,52
460,37,32,44,77,7,15,34,22,14,41,49,67,19,36,22,35,34,18,53,19,16,21,31,23,46,29,39,15,52,19,55,31,46,38,27,59,15,20,59,33,9,26,21,45,12,41,26,14,36,54,76,57,32,16,33,32,19,39,29,67,28,30,47,29,37,45,54,22,39,49,21,64,46,8,56,17,20,24,59,67,31,33,34,24,37,13,58,17,27,32,14,27,29,119,16,52
461,37,32,45,77,7,15,34,23,14,42,50,68,21,36,23,36,34,19,53,20,17,21,32,23,47,29,40,15,52,19,55,31,46,38,27,61,15,20,59,33,9,26,21,46,13,41,26,14,37,56,78,58,33,16,33,32,19,40,29,67,28,30,47,29,38,47,55,22,41,51,21,65,46,8,56,17,21,24,60,67,31,33,34,26,37,13,58,17,27,32,14,28,29,120,16,53
462,37,32,45,77,7,15,34,23,14,43,50,69,21,38,23,36,36,19,53,20,17,21,34,24,47,29,40,15,52,19,56,32,47,38,28,62,15,21,60,33,9,26,21,46,13,42,27,14,37,57,81,58,34,16,34,32,20,40,29,68,28,30,47,30,38,48,56,22,41,52,21,66,46,8,58,17,21,24,61,69,32,33,34,26,37,13,59,18,27,33,14,28,29,121,16,54
463,38,32,45,78,7,15,34,23,14,44,50,70,22,38,23,37,37,19,54,20,17,21,34,26,48,30,40,15,53,19,56,33,48,38,28,62,15,21,60,33,9,27,22,46,13,42,28,14,38,57,82,59,35,17,36,32,20,41,29,69,29,30,47,30,38,49,56,22,41,52,21,68,46,8,58,17,21,24,61,69,32,34,35,26,37,13,61,19,27,33,14,28,30,121,17,55
464,38,32,46,80,7,15,34,23,14,44,52,70,22,40,23,37,38,19,54,20,17,21,34,26,48,30,40,15,53,20,56,33,50,40,28,63,15,21,63,33,9,27,23,46,14,42,28,14,38,58,82,60,36,17,36,33,20,41,29,70,30,30,47,31,39,50,56,22,41,53,21,70,47,8,60,17,22,24,62,71,32,34,36,26,38,13,63,19,27,33,14,28,31,121,17,55
465,39,32,47,80,7,15,34,23,14,47,52,71,23,40,23,37,39,19,54,20,17,21,34,26,50,30,40,15,53,20,56,33,50,40,28,66,15,22,63,34,9,29,23,46,15,44,30,14,40,58,82,62,36,17,36,33,20,42,29,71,30,31,47,34,39,53,56,22,41,53,21,71,48,9,60,17,22,26,62,71,32,34,38,26,38,13,63,19,27,33,14,28,32,124,17,55
466,39,32,47,82,7,15,34,24,14,47,52,73,23,40,25,37,39,19,55,20,17,21,36,26,50,30,41,15,53,20,57,33,53,40,29,66,15,22,64,34,9,29,23,47,16,44,30,14,40,58,83,62,39,17,36,34,20,42,29,72,31,31,48,34,39,56,58,22,41,53,21,71,48,9,60,17,22,26,64,73,32,34,38,26,38,14,63,19,27,35,14,29,32,126,18,55
467,40,32,47,84,7,15,34,24,14,48,52,73,24,41,25,38,40,20,55,20,17,21,36,26,50,30,42,15,53,20,57,33,53,41,30,66,15,22,65,34,9,30,23,49,16,46,30,14,40,58,85,63,39,18,36,34,21,42,29,72,32,32,48,34,39,56,58,22,42,53,22,72,48,9,60,17,22,26,64,74,32,34,38,26,39,14,65,19,27,37,14,29,33,129,18,55
468,40,32,48,84,7,15,34,24,14,48,52,74,24,41,25,39,40,20,55,20,17,22,36,26,50,30,43,15,57,20,57,33,54,41,30,66,16,23,65,35,10,32,23,49,16,46,30,14,40,58,85,63,39,18,38,34,26,44,29,72,32,32,49,34,39,57,59,23,42,54,22,72,49,9,61,18,22,26,65,74,32,34,38,26,39,14,67,19,27,37,14,30,34,135,19,56
469,40,32,48,84,7,15,34,24,14,48,52,74,24,41,25,40,40,21,56,20,17,23,36,26,51,31,43,15,58,20,58,33,56,41,31,66,16,24,66,36,10,33,23,49,16,46,30,14,40,59,88,64,39,18,38,34,26,44,29,73,32,33,49,34,41,58,59,24,42,55,22,73,49,9,61,18,22,27,66,75,32,35,39,26,39,14,68,19,27,37,14,31,35,137,19,56
470,40,35,49,89,7,15,34,24,14,48,52,76,24,41,25,41,40,21,56,20,17,24,36,26,51,32,46,15,58,20,58,33,56,41,31,66,16,24,66,37,10,33,23,50,16,46,30,14,41,59,89,64,39,18,39,36,26,46,29,75,34,33,51,35,41,61,60,25,44,55,22,73,50,9,62,18,22,27,66,75,32,35,40,26,39,14,70,19,30,37,14,32,36,138,20,56
471,42,35,50,90,7,15,34,24,14,48,52,77,25,42,25,41,40,21,56,21,17,25,36,26,51,32,47,15,58,20,59,34,57,41,31,67,16,24,67,37,10,33,23,50,16,46,30,14,41,60,91,66,41,18,40,37,27,46,29,76,34,34,51,36,41,61,60,25,44,56,22,75,51,9,62,18,22,28,66,76,33,35,40,27,39,14,70,19,30,37,14,32,36,139,20,57
472,42,35,50,92,7,15,34,26,15,51,52,79,25,43,25,41,40,22,58,21,17,25,36,27,52,32,47,15,58,21,59,36,57,41,32,68,17,24,68,37,10,33,24,50,17,49,30,14,41,60,91,67,41,18,40,38,27,46,29,78,35,35,51,37,41,62,60,25,45,56,22,75,53,9,62,18,22,28,66,76,33,35,40,27,40,15,71,19,31,39,14,32,36,139,20,58
473,42,35,51,93,7,15,34,26,15,51,52,79,25,43,25,41,40,22,58,21,18,25,36,28,52,34,47,16,59,21,59,37,58,41,32,68,17,24,68,38,10,33,24,50,18,49,30,14,41,61,94,68,42,19,40,39,27,46,29,79,35,35,52,37,41,62,60,25,45,57,22,78,54,9,62,18,22,28,66,76,33,36,41,28,40,15,72,19,31,39,14,32,37,141,20,58
474,42,35,51,93,7,15,34,26,15,51,52,80,25,43,26,42,41,23,58,21,18,25,37,28,52,34,47,17,59,21,59,37,59,41,33,70,17,24,69,38,10,33,24,52,18,50,30,14,42,61,94,68,43,19,40,40,27,47,29,80,36,36,52,38,41,64,60,25,45,58,22,79,56,10,62,18,22,28,67,78,33,36,41,28,41,15,73,20,31,40,14,32,37,142,20,58
475,42,35,52,93,8,15,34,26,16,51,52,80,25,43,26,43,41,23,58,21,18,25,37,28,53,34,47,17,59,21,60,37,62,42,33,70,18,25,71,39,10,33,25,52,18,50,30,14,42,62,94,68,44,19,40,41,28,47,29,82,36,38,52,38,42,65,60,25,46,59,24,80,56,10,62,18,22,30,67,78,33,37,42,28,41,15,74,20,31,42,14,34,37,144,20,59
476,43,36,52,94,8,15,34,26,16,51,54,81,25,43,27,44,41,24,58,21,18,25,38,28,53,35,47,17,61,21,61,38,62,43,33,71,18,26,71,40,10,33,25,52,18,50,30,14,42,62,94,68,44,19,42,41,28,48,29,83,36,38,52,40,42,66,61,25,46,59,24,80,56,10,62,18,22,30,70,81,34,37,42,28,42,16,74,20,31,42,15,34,37,145,21,59
477,43,37,53,94,8,15,34,26,16,51,55,82,25,43,27,44,42,24,58,21,18,25,41,28,53,35,47,17,61,21,62,38,62,45,33,72,19,26,71,41,10,33,25,52,18,51,32,14,42,62,94,68,44,19,42,41,28,48,31,84,36,38,52,41,42,67,62,25,48,59,24,82,56,10,63,18,23,31,70,81,34,39,43,28,43,16,74,21,31,42,15,35,37,147,21,59
478,43,37,53,95,8,15,34,26,18,52,55,82,25,43,27,45,42,24,59,21,18,25,42,29,53,35,49,17,62,21,63,39,63,45,33,72,19,26,72,41,10,33,25,53,22,51,33,14,43,63,96,70,45,19,43,41,28,49,32,85,36,39,53,41,42,67,62,27,48,59,24,82,57,10,63,18,23,31,72,81,36,39,44,28,43,16,74,22,31,42,15,35,37,149,21,61
479,43,37,53,97,8,15,34,27,18,52,55,82,25,44,28,45,43,24,60,21,18,25,42,30,54,36,50,17,62,21,64,40,63,45,33,73,19,26,73,41,10,34,25,54,23,51,33,14,43,65,98,71,45,19,44,42,28,49,33,85,36,40,54,42,43,68,62,27,49,59,24,82,58,10,63,18,23,31,73,83,37,40,44,28,43,16,74,22,33,42,15,36,39,150,21,61
480,43,38,53,97,8,15,34,28,18,53,57,83,25,44,28,45,43,25,61,21,18,26,45,30,54,36,53,17,62,21,64,40,64,45,33,73,19,28,73,42,10,34,25,55,23,52,34,15,44,65,99,71,45,20,44,42,28,49,33,88,36,41,54,43,43,68,63,27,51,60,24,82,58,10,63,18,23,32,74,85,38,41,44,28,45,17,75,22,34,42,15,37,39,150,21,61
481,43,38,53,97,8,15,34,29,19,53,57,83,26,44,29,46,43,26,61,21,18,28,46,30,54,37,53,17,63,23,65,40,64,45,34,75,19,28,74,44,10,34,25,55,23,52,36,16,44,66,100,74,45,20,44,44,28,49,33,88,36,41,54,44,43,69,64,28,54,60,24,83,59,10,63,18,23,32,76,86,39,41,44,29,45,17,76,22,35,42,15,37,39,151,22,61
482,43,38,54,98,8,15,34,31,19,54,58,83,26,44,30,48,43,26,61,21,18,28,46,30,54,37,53,18,63,23,65,40,64,45,34,76,19,28,75,46,10,35,25,55,24,53,36,16,44,68,101,75,45,20,44,45,29,50,33,88,36,41,56,45,43,72,68,28,54,60,24,84,61,10,63,19,23,33,76,87,40,41,44,29,45,18,78,23,35,44,15,38,41,153,22,61
483,43,38,55,101,8,17,34,31,19,54,58,83,26,44,32,50,43,28,61,22,18,30,47,30,55,37,55,18,63,23,67,40,65,46,35,76,19,29,76,47,10,35,25,55,24,54,37,16,44,68,102,76,47,21,45,45,30,52,33,89,37,41,56,45,44,74,68,28,55,60,24,85,61,10,64,19,23,33,77,89,41,42,45,29,46,18,81,23,35,45,15,39,42,154,22,61
484,43,39,55,102,8,18,34,32,19,54,59,83,26,44,32,52,43,28,61,22,18,30,47,30,56,38,55,19,63,23,68,41,65,47,35,76,19,29,77,47,10,36,26,56,24,55,38,16,44,68,104,78,47,21,47,45,30,53,33,93,38,41,58,45,44,76,69,28,55,61,24,85,61,10,66,19,23,33,79,89,41,42,47,31,47,18,82,23,35,45,15,39,43,155,22,62
485,44,40,55,103,8,19,34,32,19,55,60,84,27,45,33,52,45,28,61,22,18,31,47,30,56,38,56,19,63,23,70,41,65,47,35,76,19,29,78,50,10,36,27,57,24,55,38,16,44,70,106,79,48,21,48,47,31,53,33,93,38,41,58,45,44,77,70,28,55,62,24,86,63,10,67,19,23,33,79,92,41,46,47,31,47,18,83,23,35,46,15,40,43,159,23,63
486,45,41,55,103,8,19,34,33,19,55,60,86,28,45,33,52,45,28,63,22,18,31,49,31,57,39,57,20,65,23,70,41,66,50,35,76,20,30,80,50,10,36,27,57,24,55,38,16,44,70,108,79,48,22,49,47,31,53,35,93,38,41,58,45,44,78,71,28,55,62,24,86,64,10,70,19,23,34,80,92,41,46,47,32,49,18,84,24,36,47,16,40,44,161,24,63
487,45,41,55,104,8,20,34,34,19,56,60,87,28,46,33,53,47,29,65,22,19,31,49,31,57,39,57,20,65,23,71,41,66,52,35,81,21,30,80,50,10,36,27,58,24,56,39,16,45,71,110,79,48,22,50,48,31,54,35,94,38,42,60,45,44,79,71,29,55,62,26,87,65,10,71,19,24,35,80,92,41,46,47,32,49,18,86,24,36,47,16,40,44,163,24,63
488,45,41,55,104,8,21,34,34,19,56,61,87,28,46,33,54,47,30,65,22,19,31,49,31,60,39,57,21,65,23,71,41,66,52,35,81,21,30,80,52,11,36,27,58,24,57,39,16,45,72,111,80,49,23,51,48,31,55,35,94,39,42,60,45,46,80,72,30,55,65,26,87,65,10,71,20,25,36,82,94,42,46,47,32,51,18,87,24,36,47,18,40,44,164,25,63
489,45,42,56,107,8,21,35,35,20,57,62,87,28,46,34,54,47,30,65,24,19,31,50,31,60,39,58,21,65,23,72,41,66,53,35,82,21,30,83,54,11,36,28,58,24,57,39,17,47,72,115,83,50,23,51,50,32,56,35,95,41,42,60,45,46,80,74,30,55,66,26,87,67,10,72,20,25,36,82,94,43,46,47,32,51,18,87,25,37,47,18,40,44,164,27,63
490,45,42,56,107,8,21,35,36,20,58,63,88,28,47,36,54,47,30,65,24,19,31,50,31,60,39,58,21,66,23,72,42,68,53,36,82,21,30,85,54,11,37,28,60,25,57,39,17,47,74,115,84,52,23,51,50,32,57,35,95,41,42,60,45,46,80,75,30,55,67,26,88,67,10,73,20,25,36,83,94,43,46,47,33,51,18,87,25,37,48,19,40,44,164,28,63
491,45,42,56,110,8,21,35,36,20,58,63,89,28,47,36,54,47,31,66,24,19,31,50,32,60,39,58,21,66,23,72,42,70,54,36,82,21,30,87,54,11,37,28,60,25,57,39,17,47,77,116,85,54,23,52,50,34,59,35,96,41,43,60,45,47,81,77,30,56,68,26,88,68,11,75,20,25,36,83,94,43,47,48,34,52,20,89,25,38,48,19,41,45,166,29,63
492,46,42,57,112,8,21,35,37,20,59,63,90,28,47,36,55,47,31,67,24,19,31,50,32,60,39,58,21,66,23,75,42,70,54,36,82,21,31,88,54,11,38,29,61,26,57,39,17,47,79,117,86,55,23,52,52,34,59,36,96,41,43,60,45,47,82,79,30,56,68,27,90,70,11,75,20,25,36,84,95,43,47,49,34,52,20,90,25,38,48,20,42,46,167,29,65
493,46,42,58,114,8,22,35,38,20,59,64,91,28,48,36,57,48,31,67,24,19,33,51,32,60,40,58,21,67,23,76,42,71,55,36,82,21,31,88,55,11,39,29,61,27,57,39,19,47,80,120,86,55,23,52,52,34,60,37,98,41,44,60,45,47,84,81,31,57,68,27,94,71,11,76,20,25,37,86,97,43,47,49,34,52,20,91,25,38,51,20,43,46,168,29,65
494,46,42,58,116,8,22,36,38,20,59,64,95,28,48,36,57,48,31,67,24,19,33,52,32,60,41,58,21,68,23,76,42,71,55,38,82,21,33,91,55,11,39,29,64,27,58,39,19,47,81,120,86,56,24,52,52,34,60,38,99,41,44,60,46,47,85,82,31,58,71,27,98,73,11,77,20,25,37,86,97,43,47,49,35,52,20,94,25,38,53,20,45,47,169,29,65
495,48,42,61,116,8,22,36,38,21,59,64,96,28,48,36,59,49,31,67,24,20,33,52,32,63,42,60,21,69,23,78,43,72,55,38,83,22,33,93,59,11,39,29,65,27,58,40,19,47,82,123,87,58,25,53,52,34,60,38,101,42,44,61,46,47,85,82,31,58,73,27,100,73,11,78,21,25,37,88,98,43,47,50,36,52,21,95,25,38,54,21,45,48,172,29,65
496,50,43,61,118,8,22,36,39,21,61,64,96,28,48,37,59,49,31,67,24,20,33,52,32,63,42,62,21,71,23,78,43,75,55,40,83,22,33,94,60,11,40,29,66,28,60,40,21,47,82,124,88,58,25,54,52,34,60,38,102,42,44,61,46,47,87,82,31,59,73,27,101,74,11,78,21,25,38,90,98,43,47,50,36,53,22,95,25,39,55,21,47,48,172,29,65
497,50,44,65,118,8,22,36,39,21,63,64,96,28,48,37,60,49,32,67,24,20,34,52,32,65,43,62,22,74,23,79,45,77,56,40,83,22,33,94,61,11,41,29,66,28,60,41,21,49,82,126,88,58,25,55,52,35,61,38,102,43,44,62,47,47,87,84,31,61,73,27,102,74,11,78,21,25,39,92,99,43,47,50,36,53,22,96,25,39,55,21,47,48,173,29,67
498,50,45,66,118,8,22,37,40,21,65,64,96,28,48,39,60,50,32,67,25,20,34,54,32,66,44,63,24,74,23,80,47,78,57,40,84,23,34,94,63,11,43,29,67,28,60,41,21,49,83,127,89,59,25,55,52,35,62,38,104,43,45,62,49,47,89,87,34,61,73,27,102,74,11,78,21,25,39,94,101,44,47,52,36,53,22,97,25,39,56,21,48,49,176,29,68
499,51,45,66,118,9,22,37,40,22,66,66,98,28,49,41,60,51,32,68,25,20,34,54,32,67,44,64,25,75,23,80,48,78,59,40,85,23,35,95,63,11,43,29,68,28,61,41,21,49,84,127,91,60,25,55,52,35,62,38,105,44,47,62,49,48,92,87,35,61,74,27,103,75,11,80,21,25,41,95,101,44,47,52,36,54,22,97,26,39,57,21,48,50,177,29,69
500,51,46,66,119,9,22,37,40,22,66,66,99,29,50,42,61,51,34,68,25,20,34,56,32,67,46,64,25,75,23,80,49,79,59,43,86,23,35,95,65,11,43,31,72,28,61,43,21,49,86,129,92,62,25,56,53,36,62,39,107,44,47,62,49,49,93,89,37,62,74,27,103,76,11,80,22,26,41,95,103,45,49,52,36,54,22,97,26,41,58,22,48,50,179,30,69
501,52,46,67,119,9,22,37,41,22,67,67,101,29,51,43,61,52,34,69,26,20,35,57,33,67,48,66,25,75,23,82,49,80,60,44,88,23,36,96,65,11,44,32,72,28,62,43,21,49,89,131,92,63,25,56,53,37,62,39,113,45,48,62,49,49,94,90,38,63,74,27,106,79,11,80,22,26,42,99,104,45,49,52,36,55,22,97,26,41,58,22,48,51,181,31,71
502,52,46,68,120,9,22,37,42,22,67,68,102,29,51,45,62,53,34,69,26,20,35,57,35,68,48,67,25,75,23,83,49,81,60,44,89,24,36,97,66,11,46,32,72,28,62,44,21,49,91,134,95,64,26,56,53,37,63,39,113,45,48,62,51,49,95,91,38,65,74,27,107,81,11,80,22,27,43,100,106,45,49,52,36,57,23,98,26,41,59,22,48,53,183,31,72
503,52,46,69,122,9,22,37,42,22,69,69,104,30,52,45,62,53,35,70,26,20,35,57,36,69,48,67,25,76,24,83,50,81,60,44,89,24,36,97,69,11,46,33,73,29,62,45,21,51,91,136,96,64,26,57,53,38,64,39,114,46,48,62,52,50,96,92,38,66,75,28,107,82,11,81,22,28,43,100,106,45,50,52,36,58,23,100,26,42,60,22,50,54,185,31,72
504,53,47,71,125,9,22,39,42,22,70,71,104,30,52,48,66,53,36,71,26,20,36,57,36,70,48,67,25,78,24,83,51,81,62,44,91,25,36,99,70,11,47,33,74,29,62,45,22,51,91,136,97,65,26,57,53,38,64,39,117,47,49,63,52,50,100,92,38,67,75,28,112,83,11,81,22,28,43,101,106,46,51,52,36,58,23,101,26,42,60,22,51,54,187,31,72
505,53,47,72,127,9,22,40,43,22,71,71,107,31,52,49,66,54,37,72,27,20,36,57,36,70,48,67,25,80,24,84,51,82,62,44,93,26,37,100,71,11,48,33,74,30,63,45,22,51,92,137,97,66,26,58,53,39,64,41,118,47,50,63,52,51,100,92,38,67,76,28,113,84,11,82,22,29,43,102,108,46,52,53,36,60,23,101,28,42,60,22,51,54,189,31,73
506,53,48,72,128,9,22,40,44,22,71,72,107,32,52,49,67,54,39,74,28,20,36,58,36,70,49,68,25,82,24,85,51,83,63,49,93,26,37,102,71,11,50,33,74,31,64,46,23,51,92,138,98,67,26,58,53,39,65,41,119,49,51,65,52,51,100,95,38,67,79,29,115,86,11,84,22,29,43,102,108,47,52,56,36,60,23,103,29,42,62,22,51,54,191,33,74
507,53,48,73,128,9,23,40,44,22,73,75,108,32,53,49,67,55,39,74,29,20,36,58,37,72,49,70,25,82,24,85,51,84,63,49,93,27,37,102,72,12,50,33,74,31,64,46,23,51,92,141,98,67,26,58,53,39,65,41,120,49,51,65,52,51,101,97,38,68,79,29,118,88,12,86,22,30,44,103,111,49,53,56,36,60,23,105,29,43,63,22,51,55,194,33,77
508,53,49,74,129,9,24,42,45,22,76,75,108,32,54,49,67,55,39,74,30,20,36,58,37,75,49,70,25,83,24,86,51,85,64,49,94,27,37,104,74,12,51,34,74,32,64,46,23,51,93,141,101,69,26,58,53,39,67,42,121,49,52,66,52,51,102,98,39,68,79,29,119,90,12,87,22,30,44,106,112,50,53,56,36,60,24,106,29,43,64,22,51,56,196,34,79
509,53,49,76,129,9,24,42,46,22,76,76,110,32,54,49,68,55,39,74,30,20,36,58,37,76,51,71,25,83,24,86,51,85,64,51,94,27,37,104,74,12,51,34,75,32,64,46,23,51,95,142,103,70,26,58,55,39,68,43,122,51,52,70,52,51,103,99,40,68,79,29,121,90,13,88,22,30,46,108,115,52,54,58,38,60,24,108,30,43,64,22,52,59,199,34,79
510,53,49,76,130,10,25,42,47,22,79,77,110,33,55,49,69,55,39,74,30,20,36,59,38,77,51,71,25,84,25,88,51,87,65,51,94,28,38,104,74,12,51,34,76,33,65,46,23,51,96,144,104,71,26,59,56,40,69,45,124,51,52,71,52,53,103,101,40,68,80,29,121,94,14,88,22,30,46,108,115,52,57,58,38,60,24,110,31,44,65,22,53,59,202,34,79
511,53,50,77,131,10,25,44,47,22,80,79,110,33,55,49,70,56,40,75,30,20,37,60,38,78,51,72,25,85,26,89,51,88,65,52,94,28,39,105,74,12,53,34,76,33,66,47,23,52,99,148,104,71,26,59,57,40,70,45,126,51,53,73,53,53,103,103,40,69,80,29,121,94,14,92,22,30,47,110,117,55,59,59,38,60,24,111,31,46,67,22,53,60,205,34,79
512,53,51,79,131,10,25,44,48,22,82,79,110,33,55,50,70,56,40,75,30,20,37,60,38,79,51,73,25,88,26,90,52,91,65,52,95,28,40,105,77,12,53,34,78,34,67,47,23,52,100,151,106,71,26,60,57,40,70,45,127,51,53,75,53,53,103,105,40,69,81,29,123,97,14,92,23,30,47,110,119,55,59,59,38,60,24,114,31,46,67,22,53,60,206,34,79
513,53,51,81,132,10,25,45,49,22,83,80,112,33,55,51,72,56,40,77,30,20,37,60,38,80,53,73,26,90,27,90,53,91,65,52,98,29,40,106,78,12,53,34,80,34,67,48,23,52,103,152,108,71,26,61,58,41,70,45,128,52,54,76,53,55,103,105,40,69,82,29,123,97,14,92,23,30,47,110,121,55,59,59,39,61,24,114,31,46,67,22,55,61,208,35,79
514,53,51,83,134,10,25,45,49,22,84,81,112,33,56,52,73,56,40,78,30,20,37,61,38,81,53,73,27,90,27,92,53,91,65,52,99,29,41,106,80,12,53,35,83,35,68,48,24,53,104,154,109,73,27,61,58,42,71,45,129,52,54,77,53,57,103,106,40,70,82,29,123,100,14,92,23,30,48,111,122,55,60,59,39,61,24,114,32,46,67,22,56,61,208,36,81
515,53,53,83,135,10,25,45,49,22,84,81,114,33,56,54,73,57,40,78,31,21,37,61,38,85,54,73,27,91,27,92,53,91,65,53,102,30,41,108,80,12,53,35,84,35,69,48,25,55,106,154,110,73,28,61,60,42,71,45,130,53,54,78,53,57,104,106,40,70,84,29,123,100,14,92,24,30,48,111,122,56,61,60,39,62,24,114,32,46,70,22,57,62,213,36,81
516,54,53,83,136,10,25,45,51,23,84,81,115,33,58,55,73,57,40,80,31,21,37,62,38,86,55,73,27,92,28,92,54,91,66,53,102,32,41,108,80,12,53,35,85,35,69,49,25,55,107,158,112,75,28,63,61,43,71,45,130,53,54,78,53,57,105,106,40,70,85,29,124,100,14,94,25,30,48,111,122,57,61,60,39,62,24,115,33,46,72,22,57,62,213,36,83
517,55,54,83,138,10,25,45,51,23,85,81,117,33,60,55,73,58,40,80,31,21,37,62,38,87,55,73,28,92,28,93,54,92,66,53,104,32,41,109,80,12,54,35,87,35,71,49,27,57,107,162,114,76,29,63,61,43,74,46,133,53,54,79,53,57,108,107,40,72,86,29,127,101,14,97,26,30,48,112,124,57,61,61,39,62,24,115,34,47,73,22,59,62,213,37,83
518,55,54,86,139,11,26,45,51,23,86,83,119,33,60,55,73,58,41,80,31,21,37,62,38,87,56,74,29,93,28,95,55,92,66,53,104,32,43,112,81,12,54,35,90,36,71,51,27,57,111,162,114,77,30,64,61,44,75,46,134,53,54,79,54,59,108,109,40,73,86,31,130,101,14,97,26,32,48,113,125,57,61,61,39,62,24,118,34,47,73,22,61,63,216,39,83
519,56,54,86,141,11,26,45,51,23,88,83,121,33,62,55,74,59,42,82,31,21,37,64,40,89,56,74,30,95,28,96,56,92,66,54,106,32,44,113,82,12,55,35,91,36,73,51,27,57,111,163,115,78,30,64,61,45,75,46,134,54,56,79,54,60,109,111,40,74,87,31,131,101,14,99,26,32,48,114,126,57,62,62,41,63,24,120,34,47,75,22,61,63,216,41,84
520,56,55,86,142,11,26,45,51,23,88,84,121,33,62,55,74,59,42,82,33,21,37,65,40,90,56,74,30,95,28,97,57,92,67,54,107,32,44,113,82,12,55,36,92,36,76,51,28,57,114,164,118,78,31,65,62,45,76,46,136,55,56,79,54,60,110,111,40,75,88,31,132,102,14,99,27,32,48,114,126,57,64,63,41,63,24,122,34,47,75,22,62,64,217,42,84
521,56,55,88,144,11,27,45,51,24,91,84,122,33,62,55,75,61,42,82,33,21,37,65,42,91,57,74,30,97,28,97,57,93,67,54,107,32,45,114,83,12,55,38,92,36,76,51,29,58,115,165,118,79,31,66,63,45,77,46,137,56,56,79,54,60,111,113,40,75,90,31,132,103,14,99,27,33,49,114,129,57,64,64,41,63,24,122,34,47,76,22,63,64,219,42,84
522,56,55,89,147,12,28,45,53,25,92,84,122,33,62,56,76,62,43,82,33,21,37,65,43,92,57,75,30,98,28,97,57,94,67,55,108,32,45,117,83,12,56,38,93,37,77,51,29,59,118,166,120,81,31,67,63,45,77,46,137,57,58,79,56,60,113,113,40,76,90,31,135,103,14,100,27,34,49,114,129,57,66,64,41,64,24,125,34,48,79,22,64,64,223,43,84
523,57,56,89,149,12,28,46,53,26,92,84,122,33,63,56,76,62,43,83,34,21,37,65,43,92,57,77,31,100,28,99,57,95,69,55,109,32,45,118,84,12,57,39,95,37,77,51,30,59,119,168,121,82,31,68,64,45,77,48,138,57,58,80,57,61,116,115,40,76,90,31,139,107,14,101,27,34,49,115,129,59,69,64,41,64,24,126,35,48,80,22,65,65,229,44,86
524,59,57,92,149,12,30,46,53,26,94,84,125,33,66,57,76,63,44,83,34,21,37,66,43,92,57,77,31,100,28,101,59,96,69,56,109,32,46,121,84,12,57,39,96,38,78,51,30,59,119,172,123,83,31,69,65,45,77,49,138,57,60,80,58,61,116,117,40,79,90,31,139,109,14,103,27,34,49,116,131,59,69,64,41,67,24,127,35,48,81,22,66,65,232,45,87
525,59,57,93,150,12,30,46,54,26,96,84,127,33,67,58,77,63,44,84,35,21,38,67,43,94,57,78,32,102,28,101,59,96,69,56,109,33,46,124,85,13,57,39,96,38,79,51,30,60,123,174,126,84,32,70,65,45,80,50,141,57,60,80,58,62,118,118,40,81,92,33,141,111,14,105,27,34,49,119,133,61,70,67,42,67,24,129,35,48,81,23,66,65,235,46,88
526,59,57,95,151,12,31,46,54,27,97,84,129,34,67,58,78,63,44,84,35,21,39,68,45,94,58,78,33,103,29,102,59,96,71,56,110,33,46,125,85,13,59,40,96,38,79,51,30,60,124,176,127,86,32,70,65,45,82,51,142,59,61,83,58,62,119,118,40,81,92,34,142,112,14,106,27,34,49,119,133,64,71,68,43,68,24,129,36,48,82,23,66,67,236,46,88
527,59,58,95,154,12,31,46,55,27,99,84,130,34,67,59,79,63,45,84,35,21,39,68,45,95,58,79,34,107,29,105,59,97,72,56,111,33,46,125,85,13,60,40,97,38,81,51,31,60,128,179,127,87,32,71,66,46,83,52,142,61,61,84,58,62,122,121,40,82,93,34,143,112,14,108,27,34,49,120,135,66,71,69,44,69,24,130,36,48,82,23,67,68,236,47,88
528,61,60,96,157,12,31,46,55,27,99,85,131,34,67,59,80,63,47,85,35,21,41,68,45,99,62,79,34,109,31,107,60,99,72,57,113,33,46,127,86,13,62,40,100,38,82,51,31,61,130,180,129,87,32,72,67,47,86,53,142,63,61,84,59,63,122,122,41,82,93,34,145,114,14,109,27,34,50,122,136,67,71,69,44,69,24,132,36,48,84,24,67,69,236,47,88
529,61,61,99,159,12,31,46,56,27,101,86,132,34,67,62,80,63,48,85,35,21,41,69,45,101,64,80,35,111,31,107,61,100,74,57,113,34,46,129,87,13,62,40,100,38,84,52,32,63,132,183,130,87,33,72,67,48,86,54,143,63,61,85,59,64,124,122,42,84,95,35,146,115,14,109,27,34,50,122,136,67,71,69,44,69,24,132,37,49,84,25,67,70,238,47,88
530,61,62,101,161,12,31,46,56,27,103,86,133,34,67,63,81,66,49,85,35,21,41,69,46,102,64,80,36,111,32,111,63,102,76,57,114,34,46,130,90,13,64,40,102,39,85,52,33,63,133,185,131,87,33,72,67,48,86,55,145,63,64,87,59,67,124,123,42,85,98,35,146,117,14,110,27,34,51,126,138,67,71,69,44,70,24,132,37,50,85,25,69,71,240,47,88
531,61,63,102,161,12,31,48,56,27,104,87,135,34,67,64,82,66,50,87,36,21,41,69,47,102,64,81,36,112,32,112,64,104,77,58,114,34,46,132,91,13,65,41,104,39,85,53,33,64,134,188,131,87,33,75,68,48,87,56,146,64,64,89,59,68,126,124,42,86,98,35,146,118,14,112,28,34,51,128,139,68,71,69,44,70,24,132,37,50,87,26,69,71,245,47,89
532,62,63,102,161,12,31,48,57,27,106,88,137,35,68,65,83,67,51,89,36,22,41,70,49,104,64,82,36,112,32,112,65,106,78,60,115,34,49,132,94,13,65,41,104,40,88,55,33,64,134,190,131,87,34,76,69,50,89,58,147,65,64,90,60,68,127,127,43,86,99,35,147,118,14,114,29,35,51,130,140,68,71,69,44,72,24,132,38,51,87,27,70,71,247,47,91
533,63,63,104,163,12,31,49,57,28,107,88,140,36,68,66,84,70,51,90,36,22,43,72,49,105,65,83,36,112,32,113,66,108,79,62,115,35,50,135,96,13,68,41,104,41,89,55,33,64,135,194,133,87,34,77,69,51,89,58,148,66,64,90,60,68,128,127,44,87,100,36,148,119,14,117,29,35,51,130,141,69,71,70,45,72,24,133,39,52,88,27,72,72,248,48,92
534,63,64,105,164,13,31,51,57,29,108,88,140,37,68,66,84,71,52,90,36,22,43,72,49,106,65,83,36,113,32,116,69,108,80,64,117,35,50,137,97,14,68,41,104,41,89,56,33,67,137,196,135,87,34,77,69,51,89,58,150,68,65,90,61,68,129,128,44,87,101,36,150,119,14,117,30,37,51,131,142,70,72,72,45,74,24,134,41,52,89,27,73,73,251,48,94
535,63,64,108,168,13,31,52,59,30,108,88,141,37,70,67,84,72,52,90,37,22,43,76,49,107,66,83,36,113,32,119,69,108,80,64,118,35,50,137,99,15,70,42,104,41,89,56,33,68,142,198,135,88,34,77,70,53,89,58,150,68,65,90,62,68,130,130,44,87,101,36,153,120,14,119,30,38,51,132,143,70,72,72,46,74,24,135,43,54,90,27,73,74,253,49,95
536,63,64,109,170,13,31,52,59,30,108,90,144,37,70,67,84,72,53,90,37,24,43,76,49,109,67,85,36,114,32,120,69,108,80,64,118,35,51,137,99,15,71,42,104,43,89,57,33,68,144,199,138,89,34,78,71,54,90,58,150,69,65,91,63,68,130,131,45,87,102,37,157,120,14,120,32,38,52,133,145,71,73,72,46,75,24,136,44,54,91,27,73,74,253,50,95
537,63,64,109,173,13,31,52,61,30,109,91,147,37,71,68,84,72,54,91,37,25,43,79,49,109,67,85,36,114,32,122,69,109,81,66,120,35,52,140,99,16,72,43,104,43,90,57,34,68,145,200,141,90,34,80,72,54,90,59,151,70,65,91,63,70,131,133,45,90,102,37,159,121,14,121,33,38,53,134,146,72,74,72,47,77,25,137,44,54,93,27,74,75,255,51,97
538,65,65,111,176,13,33,53,63,31,109,93,151,37,71,68,85,72,55,93,37,25,45,79,49,112,67,85,36,117,32,124,70,109,81,66,121,35,52,142,100,16,72,43,106,44,90,58,35,68,147,200,143,92,35,81,72,54,92,59,153,71,65,92,64,70,132,133,46,90,103,40,161,122,14,122,34,39,53,136,146,72,76,72,47,77,26,139,44,54,94,29,75,75,258,51,101
539,65,65,113,177,14,33,53,65,33,110,94,154,37,72,69,86,73,55,93,38,25,45,79,49,114,71,86,36,117,32,124,72,109,82,67,122,35,53,144,103,16,73,43,106,44,90,58,36,69,147,203,145,93,36,81,72,54,92,60,154,72,65,94,66,71,133,136,47,90,104,40,162,124,14,123,34,40,54,136,147,72,76,72,47,78,26,139,44,54,94,29,76,78,263,52,102
540,65,65,113,179,14,33,53,65,33,113,95,154,37,74,70,89,73,55,93,38,25,46,79,49,115,71,86,37,118,32,124,72,109,82,67,122,35,55,147,104,16,74,43,107,44,91,58,36,70,149,204,145,94,36,81,72,54,93,61,155,75,65,94,67,72,135,137,47,90,105,42,164,125,14,123,34,42,54,138,151,72,79,73,47,78,26,143,45,54,96,30,77,78,266,53,103
541,65,67,114,179,14,33,55,67,33,115,95,154,37,74,72,89,73,55,94,38,26,47,79,49,116,71,86,37,119,32,124,72,110,83,67,123,36,56,147,104,16,74,44,107,44,92,58,36,71,151,207,146,96,36,84,73,55,95,61,155,76,66,94,68,73,135,138,47,92,105,43,167,126,14,124,35,42,54,138,154,73,80,74,47,79,27,145,45,54,96,30,78,79,268,53,105
542,67,67,116,180,15,34,55,69,33,117,98,154,38,74,73,89,73,55,94,38,27,48,80,50,117,71,86,37,121,32,125,73,111,83,69,124,36,56,149,105,16,77,45,108,45,92,58,36,72,152,210,146,96,37,85,73,55,95,62,155,78,67,95,68,74,136,142,47,93,105,43,168,127,14,126,35,42,54,138,156,73,80,74,47,79,27,148,45,55,97,30,79,79,274,53,106
543,69,67,117,180,15,34,55,69,33,117,98,154,39,74,74,91,73,55,95,38,27,48,80,52,118,71,87,38,121,32,126,74,113,83,69,125,36,56,151,105,16,77,45,111,46,93,62,36,72,154,211,146,97,37,86,73,55,96,62,158,81,67,98,69,74,138,145,47,94,106,43,172,128,14,127,35,42,55,142,159,73,80,74,48,80,27,149,45,55,102,30,79,80,276,53,107
544,71,69,117,180,15,35,55,69,33,120,99,157,40,74,74,91,74,56,96,38,27,49,81,52,120,72,88,39,122,32,128,74,116,83,72,126,37,57,152,106,16,77,45,113,47,93,62,36,74,157,216,150,97,38,86,76,56,96,62,158,81,67,98,69,75,140,146,47,94,107,43,174,128,15,128,35,43,55,142,161,73,80,74,48,80,27,151,46,55,105,30,79,81,279,56,107
545,71,69,118,180,15,35,56,69,33,122,99,158,40,74,74,92,75,58,97,38,27,52,82,52,120,75,91,39,124,33,131,74,116,83,73,126,39,57,154,106,16,77,45,114,48,94,63,39,74,157,218,151,100,39,87,77,56,96,62,160,81,69,98,69,75,141,148,48,96,110,43,175,129,15,129,36,43,55,142,161,75,80,74,50,81,27,153,47,56,105,30,82,83,282,56,109
546,71,69,119,181,16,35,57,69,33,124,100,159,40,75,75,92,76,58,99,39,27,52,82,53,122,75,91,39,126,33,131,74,118,85,73,126,40,57,156,106,16,78,45,114,51,96,65,39,74,158,220,152,100,40,87,77,57,97,63,162,81,70,100,69,77,145,149,48,96,110,43,179,130,15,134,36,43,55,143,161,76,81,75,50,82,27,155,48,56,107,30,82,83,283,56,109
547,71,70,122,181,16,35,60,69,33,125,101,163,41,75,76,93,76,59,99,40,27,52,82,53,123,75,91,39,127,33,132,74,120,86,74,129,41,57,157,108,17,79,45,114,52,96,66,40,74,158,222,153,101,40,88,77,58,99,63,163,81,71,102,69,78,146,150,48,97,111,43,180,133,15,134,36,45,56,144,162,77,82,78,52,82,27,157,48,57,108,30,82,83,285,57,109
548,71,70,123,182,16,35,60,69,33,128,101,163,41,76,78,94,76,59,99,41,29,53,86,54,125,77,92,39,128,34,134,75,121,87,74,131,43,58,158,108,17,82,45,117,52,97,68,40,74,159,224,155,104,40,89,78,58,99,63,163,82,71,103,70,79,147,150,49,97,111,43,182,136,15,135,36,45,57,144,162,78,83,79,54,82,27,157,48,59,109,30,84,84,290,57,110
549,72,70,124,184,16,35,63,70,34,129,103,165,41,77,81,95,76,59,100,41,29,54,86,55,125,78,94,39,129,34,135,77,121,87,74,134,44,59,160,109,17,82,46,117,52,98,68,40,75,162,225,155,105,41,91,78,59,99,63,164,82,71,104,71,79,150,150,49,99,112,44,185,136,15,137,36,46,57,145,165,78,85,79,54,82,27,157,48,60,109,30,85,84,294,57,111
550,73,70,125,184,17,35,64,72,35,131,105,165,41,78,81,96,80,59,101,42,29,55,87,55,127,80,95,39,132,34,135,79,122,88,75,135,44,60,161,110,17,83,46,117,52,98,69,40,75,163,226,157,106,41,91,81,59,100,64,166,84,71,104,71,79,151,153,51,99,112,45,185,137,15,138,37,46,57,146,166,79,86,80,54,82,27,160,49,60,110,30,85,85,296,57,113
551,73,70,126,189,17,36,65,72,35,135,106,167,41,78,83,96,81,60,104,42,29,56,88,56,127,80,95,39,134,35,136,80,123,88,75,136,44,61,164,111,17,84,47,119,53,98,70,40,76,164,228,158,109,42,91,81,59,100,65,168,84,71,106,72,81,154,153,52,100,114,46,185,137,15,142,37,47,58,147,167,81,86,80,54,83,27,160,51,60,110,30,89,85,298,57,114
552,75,71,126,191,17,36,65,72,35,138,106,167,41,78,85,97,81,60,105,42,30,56,89,57,127,81,96,39,134,36,138,80,123,89,75,137,47,61,165,111,17,84,47,120,55,98,71,40,76,164,231,158,109,42,93,81,59,100,65,168,84,71,108,72,82,158,154,53,102,115,46,185,141,15,145,37,47,59,149,169,81,86,82,57,83,28,160,51,61,110,31,91,87,303,58,115
553,75,72,127,194,17,37,66,73,35,139,107,172,41,78,85,98,82,60,107,42,30,56,90,58,127,81,98,40,135,37,138,80,124,90,75,137,47,63,166,111,18,85,47,120,55,100,71,41,77,164,234,158,110,42,94,83,60,103,65,168,84,72,110,73,82,161,158,54,104,118,46,186,142,15,145,37,47,60,150,169,82,86,82,57,83,29,163,51,61,110,32,91,87,304,58,117
554,76,73,128,197,18,37,69,74,35,139,107,173,41,81,89,101,82,61,108,43,30,57,91,61,127,82,98,40,136,37,138,81,125,92,75,140,48,63,166,111,19,86,47,121,55,102,71,42,78,166,240,160,110,42,94,83,61,106,67,169,84,73,111,73,82,162,158,54,104,119,46,188,143,15,147,37,48,61,151,171,82,87,82,58,83,29,163,52,64,111,32,92,87,309,58,118
555,77,75,128,198,18,37,72,74,36,139,109,175,41,82,92,102,84,61,108,44,30,58,96,62,128,83,98,40,136,37,139,82,127,92,77,142,48,63,166,112,19,86,47,122,55,102,71,42,79,167,242,161,110,42,94,84,62,107,68,170,85,73,111,73,82,163,159,54,106,119,48,189,144,15,148,37,50,61,151,171,83,87,82,58,83,29,164,53,65,111,32,92,87,312,58,119
556,81,76,129,200,18,37,72,74,37,141,111,178,41,82,92,103,86,63,108,45,30,60,97,62,130,86,98,41,138,38,139,83,129,93,78,146,48,65,167,114,19,87,48,124,55,102,71,43,81,167,244,162,111,42,97,84,62,108,68,170,86,75,112,73,84,165,166,54,106,120,49,190,147,15,149,38,50,61,152,175,84,87,82,59,84,29,165,53,65,112,32,92,87,316,58,119
557,84,76,129,201,18,37,72,75,38,142,111,180,41,82,93,105,86,63,109,45,31,60,97,62,130,86,98,42,138,38,140,83,131,93,79,147,48,65,173,114,19,89,48,124,56,102,72,44,81,167,244,165,113,42,98,87,62,108,69,171,86,75,114,73,85,167,167,54,106,121,50,192,150,15,152,39,50,61,154,175,85,89,83,59,86,29,168,53,65,113,32,92,87,318,58,120
558,84,77,129,202,19,38,74,75,39,143,112,181,41,82,93,107,87,64,110,45,31,62,98,62,131,86,100,42,140,39,141,83,132,93,80,149,48,66,174,116,19,91,52,125,56,103,72,46,81,167,247,167,113,42,100,87,64,109,70,174,87,75,115,74,85,169,169,54,109,122,53,195,152,15,154,39,53,61,158,177,87,89,83,60,89,29,172,53,65,113,33,92,89,320,59,120
559,84,78,133,205,19,38,74,76,40,145,112,181,41,84,94,107,88,66,110,45,31,63,99,64,132,87,101,42,141,39,144,86,133,93,83,152,48,67,176,116,19,91,52,127,56,104,73,46,81,170,249,168,114,42,100,88,65,110,70,174,87,75,115,74,85,171,171,54,110,123,53,197,155,15,156,39,54,61,162,178,87,89,85,60,90,29,174,53,66,116,34,92,90,322,60,121
560,85,78,133,206,19,38,75,77,40,146,114,186,43,85,95,109,88,67,111,45,32,64,100,65,133,89,102,42,141,39,145,87,135,94,83,153,49,67,179,116,19,92,52,128,56,105,76,46,81,173,250,171,114,42,100,88,65,110,72,175,87,75,116,76,85,173,173,55,114,124,55,201,155,15,160,39,54,63,163,178,88,90,88,62,91,29,178,53,66,117,34,92,90,329,60,122
561,88,79,134,207,20,39,76,77,40,146,114,188,44,86,96,110,88,70,113,45,32,65,103,65,136,89,102,44,141,39,145,88,136,94,86,154,49,68,181,118,19,94,53,128,56,105,77,46,82,173,253,172,114,42,101,89,66,111,72,177,88,75,118,77,85,174,175,55,115,124,55,202,159,15,162,40,54,63,164,181,89,91,88,63,92,29,180,53,66,117,34,92,93,330,61,122
562,88,79,134,209,20,39,77,78,40,148,115,190,44,86,96,111,90,70,115,45,32,65,104,65,136,90,102,44,144,40,145,88,136,98,88,154,49,68,183,119,20,96,53,132,56,106,77,46,82,175,256,174,115,42,102,90,66,113,72,178,89,76,120,77,85,174,175,57,115,126,55,205,159,15,162,41,54,65,164,183,90,92,89,63,94,29,186,54,66,117,34,92,95,336,61,123
563,88,79,134,211,21,40,78,78,40,149,118,192,44,88,96,112,90,71,116,45,32,66,106,65,138,93,103,46,144,40,149,89,138,101,88,155,50,68,183,119,20,97,53,133,57,107,79,47,83,177,259,175,117,43,103,91,66,113,73,181,89,78,120,79,87,175,175,58,115,128,56,207,160,15,162,41,54,66,166,185,90,95,90,64,94,29,188,54,66,117,34,92,96,338,62,123
564,90,81,134,212,22,40,80,78,41,151,120,195,45,88,97,114,91,71,117,47,34,67,106,65,139,95,104,46,146,40,150,91,139,102,89,157,50,68,184,121,20,100,53,133,58,108,80,47,83,179,260,178,119,44,105,91,68,113,73,183,90,79,120,79,89,177,176,59,115,129,57,210,162,15,162,42,56,67,168,186,91,96,90,64,97,30,190,54,66,118,35,92,97,339,63,125
565,90,82,135,213,22,40,80,80,41,152,121,198,45,88,97,115,93,72,117,48,34,69,108,69,139,96,104,47,148,40,150,92,141,102,89,158,50,68,188,123,22,102,53,133,59,111,80,48,83,179,260,179,119,44,106,93,69,113,74,184,91,79,121,80,89,177,178,59,115,130,57,212,162,15,164,42,56,68,170,189,92,96,91,64,98,30,191,54,67,119,35,92,98,339,63,125
566,92,82,136,217,22,40,80,81,42,152,122,201,45,89,98,116,93,73,117,48,34,69,109,70,140,98,104,47,149,40,151,92,142,104,90,159,50,68,189,123,22,103,54,134,59,113,82,49,84,180,262,182,120,44,106,95,69,114,74,186,92,81,122,81,90,178,178,60,117,131,57,215,164,15,164,42,57,69,171,191,92,96,92,65,99,30,191,54,67,119,35,92,99,344,64,125
567,92,82,138,220,22,40,81,83,42,155,123,205,45,91,100,116,94,74,118,48,34,70,111,71,141,98,107,48,150,40,152,92,143,107,90,160,50,69,190,125,22,103,55,135,60,115,83,49,84,181,267,184,120,44,107,98,69,115,75,189,92,81,123,81,90,182,180,63,118,133,58,219,166,15,164,42,57,70,177,193,92,96,93,67,100,30,191,54,69,122,35,93,99,344,66,125
568,92,82,138,223,23,41,82,83,42,157,127,206,45,91,100,118,95,74,119,49,34,70,111,71,142,99,108,49,151,41,155,93,143,107,91,161,50,69,191,126,22,103,56,137,60,116,83,50,84,183,268,185,121,44,108,100,70,118,76,189,92,81,123,81,91,183,183,65,118,134,58,225,170,15,165,42,57,71,179,193,92,96,95,67,101,30,195,54,69,125,35,93,100,348,66,128
569,93,83,139,226,23,41,83,84,42,157,128,207,46,92,101,119,95,75,120,50,34,70,113,74,143,100,108,49,152,41,155,93,145,107,91,163,51,70,192,128,22,105,58,139,61,116,83,51,87,185,269,186,121,44,110,100,70,120,76,191,92,82,124,82,92,185,184,65,118,135,58,226,170,15,166,44,59,72,181,193,92,96,96,69,102,31,197,54,69,125,35,94,100,353,67,129
570,96,84,140,227,23,42,83,84,42,157,131,210,48,94,103,119,98,75,120,52,34,70,114,75,144,100,109,49,153,41,155,95,145,109,92,165,51,70,192,129,22,107,60,143,62,117,85,51,88,187,274,190,122,45,111,101,71,122,76,191,95,85,127,82,92,188,186,67,120,136,58,227,170,15,170,45,60,72,185,195,94,97,96,69,103,31,202,54,70,126,35,97,100,359,70,130
571,98,86,142,229,25,43,85,85,42,158,134,213,49,96,103,120,98,76,120,53,34,70,117,75,144,100,109,50,155,42,157,95,148,110,94,167,51,70,192,131,23,108,60,145,62,117,85,51,90,189,275,191,124,45,111,101,72,124,78,191,96,86,127,83,92,189,187,67,120,137,58,232,171,15,170,45,60,74,185,200,94,98,98,69,104,31,203,54,71,126,35,97,100,361,70,130
572,99,87,144,231,25,43,86,85,42,159,134,214,49,97,103,120,100,78,120,53,34,70,117,75,146,102,110,50,158,42,159,97,149,111,94,167,52,70,195,132,23,109,60,145,63,118,87,51,92,190,277,193,125,45,112,101,72,127,79,193,97,87,129,83,93,189,190,67,122,138,59,234,176,15,172,45,61,74,186,203,95,98,100,70,105,31,205,54,71,127,35,98,102,366,70,130
573,100,87,147,234,25,44,87,85,42,163,135,216,50,98,103,121,102,78,120,53,35,70,119,76,147,104,113,50,160,42,160,98,152,111,95,167,52,72,196,134,23,109,63,145,65,118,91,51,92,192,282,193,125,45,117,105,72,129,79,196,97,87,129,84,93,190,192,67,123,139,60,235,176,15,173,46,61,74,187,207,95,98,100,72,106,31,208,54,71,128,35,100,103,373,70,130
574,100,88,149,236,25,44,88,86,43,165,135,219,50,98,103,122,105,78,121,53,35,70,119,76,149,104,114,50,160,42,161,100,153,114,95,168,52,73,197,136,24,110,63,147,66,119,91,52,92,193,285,194,126,47,119,106,73,129,79,198,99,88,129,85,94,191,196,67,125,140,60,236,180,15,174,48,61,75,187,211,95,100,102,73,108,31,210,55,72,128,35,100,104,374,71,131
575,101,89,150,238,25,45,88,88,43,165,136,222,53,98,105,125,106,78,122,55,35,70,120,76,150,104,115,50,162,42,161,100,154,116,96,174,52,73,199,138,24,110,63,147,67,120,91,53,92,193,288,196,126,47,121,107,74,131,80,201,101,90,130,85,95,191,200,67,127,141,60,237,183,15,175,48,62,75,187,214,98,101,105,74,108,31,211,55,72,128,36,101,104,379,71,131
576,103,90,151,241,25,46,89,88,43,169,137,225,54,98,105,126,107,78,122,56,36,71,123,77,153,107,117,50,165,42,163,100,156,117,96,175,53,73,199,139,24,110,64,149,69,123,91,54,95,193,290,199,126,47,121,108,74,133,80,205,101,91,131,85,95,192,203,68,128,143,61,238,184,16,177,48,62,76,191,216,100,103,105,75,109,31,211,55,72,128,36,101,105,380,71,133
577,104,90,152,245,25,46,90,90,43,170,137,225,54,100,106,127,108,81,123,57,36,73,123,78,155,107,118,51,167,43,166,101,156,117,96,175,53,75,199,139,25,110,64,150,69,125,91,55,95,193,291,201,126,47,122,109,74,135,81,207,103,94,133,85,97,192,204,68,129,144,61,241,187,16,180,48,63,78,191,219,101,105,107,75,109,31,211,56,72,128,36,101,106,384,71,134
578,104,93,152,248,25,46,90,91,44,171,140,225,54,101,107,128,109,82,123,58,37,73,124,78,156,108,120,51,169,43,166,101,156,119,97,176,53,75,203,141,25,110,65,152,69,126,92,55,97,194,293,201,128,47,123,110,74,138,84,209,104,94,134,87,98,194,205,68,130,147,61,246,191,16,182,48,64,78,192,220,101,106,107,75,110,31,211,57,72,129,37,101,106,386,72,134
579,106,94,153,253,27,46,92,92,44,171,140,227,55,103,109,128,111,82,124,60,37,73,126,78,158,109,120,53,174,44,168,102,158,120,99,177,53,77,205,141,25,113,67,156,70,127,95,56,99,195,296,203,128,48,123,110,76,139,85,210,106,94,135,87,99,196,207,69,131,148,61,247,194,16,183,48,64,78,194,222,102,108,107,76,114,31,216,59,72,130,37,103,107,386,73,135
580,107,94,153,256,29,46,93,92,44,172,140,228,55,104,109,128,112,83,124,60,37,73,126,81,159,110,120,53,174,44,169,102,159,120,101,179,53,78,207,143,25,115,67,158,70,129,97,56,99,196,298,205,130,48,124,110,77,142,86,211,106,95,135,87,100,197,208,69,132,149,61,247,198,16,184,49,65,80,197,223,102,109,108,77,115,31,218,59,72,131,38,105,107,389,75,135
581,108,94,157,259,29,47,93,94,44,173,141,228,56,105,110,129,113,84,126,61,37,74,127,81,160,111,122,54,174,44,170,103,160,123,101,179,54,78,207,145,26,116,69,160,70,131,99,56,100,198,298,207,131,51,125,112,78,144,86,214,109,95,136,87,101,198,209,70,133,151,61,252,198,16,185,49,67,80,197,223,104,109,109,79,116,31,220,59,72,135,38,105,109,394,76,136
582,108,94,159,261,29,48,93,96,44,175,142,230,56,106,110,129,113,84,129,62,37,75,128,83,161,113,122,54,175,44,171,104,164,123,104,179,54,78,209,145,26,116,69,163,70,133,100,56,100,199,302,208,132,51,126,112,80,145,86,216,111,96,139,88,101,201,213,71,136,151,61,254,198,16,188,50,67,82,198,224,105,109,112,79,117,31,223,60,72,137,38,106,110,398,76,140
583,110,96,160,267,29,48,95,96,44,177,143,232,56,106,110,131,116,85,130,62,37,75,128,84,163,114,123,55,176,44,174,106,164,124,104,180,54,80,213,147,26,116,69,165,70,134,102,56,100,200,305,213,133,52,126,112,80,146,87,220,112,96,140,88,102,203,215,72,137,151,62,255,201,16,191,50,68,83,199,227,106,110,113,79,120,32,223,62,73,137,38,106,111,406,78,141
584,111,96,161,270,30,49,95,97,46,179,144,237,56,106,111,133,117,88,133,62,37,77,130,85,164,115,126,55,179,44,175,106,166,125,104,181,55,80,215,150,26,117,71,166,71,135,105,56,101,203,311,216,133,52,126,114,80,148,87,221,112,96,140,89,103,204,217,73,138,154,63,256,204,16,192,50,68,83,200,229,108,111,114,79,120,32,223,63,73,139,38,107,111,411,78,143
585,111,97,161,271,30,49,95,97,48,180,146,239,58,107,111,133,117,91,136,62,37,77,131,85,165,116,126,56,180,44,177,108,168,125,104,182,56,80,217,151,26,117,73,167,72,135,107,57,102,206,313,217,133,52,127,116,82,148,88,223,112,96,142,89,105,206,218,73,138,156,63,262,205,16,192,51,68,84,203,230,109,112,115,80,121,32,225,64,74,139,38,108,112,416,78,144
586,111,97,163,272,31,49,96,98,48,183,147,240,60,109,112,136,119,91,137,65,37,77,131,86,166,116,130,56,182,44,178,108,172,126,104,184,56,81,219,152,26,118,73,167,73,137,109,58,103,207,316,221,133,53,129,116,84,151,90,226,113,96,143,89,105,206,220,75,140,157,63,266,207,16,196,52,68,84,204,234,110,112,116,80,122,32,225,64,74,139,38,108,112,418,80,144
587,113,98,163,277,31,49,96,98,48,185,149,243,60,110,115,137,119,92,138,66,37,79,131,86,167,116,132,56,182,44,181,108,172,127,105,184,57,82,225,154,26,120,74,169,75,137,110,59,103,209,317,221,135,55,130,117,84,152,91,229,114,98,143,89,107,206,221,76,143,158,64,270,209,16,199,52,69,84,205,238,110,112,118,82,124,32,225,65,74,139,38,110,113,420,80,145
588,114,99,165,279,31,49,96,99,48,185,151,248,60,110,117,137,119,96,139,66,37,79,132,87,168,117,135,57,182,45,182,109,174,129,107,187,57,84,226,156,27,121,75,171,75,140,110,59,105,211,320,221,135,56,130,117,85,154,93,229,116,100,144,89,107,209,224,77,147,158,64,271,210,16,199,53,70,85,210,239,111,114,118,86,125,32,226,65,75,140,38,112,115,425,81,148
589,115,100,166,279,31,49,96,100,50,187,151,249,60,110,119,137,119,96,139,67,38,79,132,88,171,117,136,57,183,45,184,111,174,129,109,188,57,85,227,157,27,121,76,175,76,140,110,59,106,213,323,222,135,57,130,117,85,156,93,231,118,101,145,89,107,211,225,77,151,158,65,273,213,16,200,53,71,87,212,244,113,114,118,86,126,32,226,66,76,142,38,113,118,429,82,148
590,117,100,167,282,31,50,97,102,51,189,152,249,60,112,120,137,119,98,140,67,38,80,133,90,175,118,137,58,186,45,185,112,177,129,110,192,58,86,229,157,27,123,77,177,77,141,110,61,107,215,328,223,138,57,130,117,85,158,93,233,121,101,146,89,107,212,227,78,152,159,65,274,217,16,203,53,71,87,215,245,116,117,118,87,126,32,228,67,76,143,38,113,119,432,83,150
591,118,101,171,286,31,50,98,103,54,191,152,253,60,114,122,137,121,98,143,68,38,80,135,92,177,121,137,58,188,45,190,112,179,130,110,194,58,87,232,157,27,125,79,178,77,143,113,63,108,216,330,224,139,60,131,119,86,159,94,234,122,102,147,89,108,213,228,78,153,160,66,277,221,16,204,53,72,89,217,245,116,119,119,89,127,32,233,67,76,143,40,114,122,438,83,151
592,120,102,174,287,31,50,100,105,57,192,156,258,61,115,124,138,121,98,143,70,38,82,139,93,177,122,138,59,190,45,192,113,180,131,110,195,58,87,236,158,27,127,82,179,77,144,116,63,108,217,334,227,141,61,132,121,86,160,94,235,123,102,148,91,109,215,229,78,154,160,66,279,222,16,205,53,74,89,218,248,120,119,119,89,131,32,236,68,77,143,40,115,123,444,86,151
593,121,102,177,290,31,50,103,105,57,194,157,258,61,115,125,139,121,101,143,71,39,82,141,94,177,123,141,59,193,45,194,113,182,133,110,199,59,89,237,160,27,127,83,181,78,145,116,65,109,218,336,231,142,62,133,122,86,160,94,238,123,102,148,91,109,215,234,78,154,161,67,282,224,16,206,55,75,89,221,250,122,121,120,89,133,32,239,68,78,144,40,115,123,448,88,152
594,121,104,180,292,31,51,106,107,57,196,159,258,61,115,126,139,122,101,143,71,40,82,143,95,179,123,143,59,194,46,194,113,183,137,111,199,59,89,237,160,27,127,84,182,79,148,116,66,111,218,337,234,142,62,133,122,87,161,94,239,123,104,148,93,111,216,237,79,155,162,67,286,225,16,209,56,77,90,223,250,123,126,120,89,137,32,242,68,79,147,40,118,123,452,89,153
595,122,106,180,295,31,51,107,108,58,199,161,259,61,117,128,141,123,101,145,71,40,83,144,99,180,125,143,59,194,46,197,114,186,138,114,199,59,89,240,161,27,127,84,184,80,148,117,66,112,221,341,234,144,63,133,122,87,163,95,241,124,104,149,94,113,218,239,79,157,164,67,288,227,16,209,56,77,90,224,253,123,132,120,89,137,32,247,68,79,148,41,122,125,457,90,154
596,122,107,182,299,31,53,107,108,59,200,161,261,62,118,130,142,125,102,145,71,40,84,146,99,185,126,143,59,195,47,199,114,187,142,114,201,59,90,241,161,28,127,85,187,80,152,117,66,113,221,342,236,144,64,134,122,88,163,96,243,127,106,149,95,114,219,243,81,158,165,69,290,227,16,211,58,77,90,227,255,125,132,121,89,137,33,248,68,79,149,42,123,128,460,90,156
597,125,108,183,302,32,53,109,109,59,201,163,263,62,119,131,144,125,102,146,71,40,86,149,100,188,128,145,59,196,47,199,114,189,143,115,205,59,90,243,163,28,128,85,187,80,152,118,66,114,225,347,237,147,65,135,122,91,164,96,244,129,106,150,95,115,220,245,82,161,165,71,291,230,16,213,59,78,93,227,256,125,132,122,91,138,33,250,68,79,150,42,123,130,467,90,156
598,126,108,184,305,32,53,109,111,60,203,165,264,62,119,131,146,125,103,146,71,40,89,152,100,190,131,145,59,199,47,201,115,192,144,117,206,60,93,244,167,28,131,86,188,81,153,118,66,114,225,348,238,147,65,137,123,91,164,97,246,130,107,150,97,115,222,250,82,162,165,72,292,231,16,215,59,78,96,231,259,125,134,124,92,139,33,251,70,80,150,43,124,130,469,90,156
599,127,108,185,305,32,54,112,112,60,205,166,267,63,119,131,147,128,103,147,71,40,90,155,100,192,133,147,59,201,49,202,115,194,144,117,206,62,93,247,168,28,132,86,189,83,154,119,67,115,228,350,241,150,65,138,124,93,167,97,246,130,109,150,97,116,224,251,82,163,165,73,293,231,17,216,59,80,96,234,263,125,138,124,93,139,35,253,70,80,150,43,126,131,473,93,157
600,129,110,187,308,32,54,113,112,61,206,169,269,64,119,135,151,128,103,149,71,40,90,155,102,192,134,147,59,203,49,205,117,195,145,118,207,62,94,251,168,28,134,86,190,83,154,119,67,117,232,352,242,150,65,140,125,93,167,97,247,131,111,150,97,117,228,252,82,164,168,74,294,232,18,217,59,81,96,236,265,125,138,126,95,142,35,256,70,81,151,44,127,131,476,94,161
601,129,110,188,311,33,54,114,112,61,208,171,269,66,119,136,151,128,104,150,73,40,92,155,103,195,134,148,60,207,51,207,118,199,146,118,208,63,98,256,168,28,135,87,194,84,157,121,67,117,233,354,243,154,65,142,127,93,168,99,248,132,111,151,97,118,229,255,83,165,171,75,296,235,18,221,60,84,96,237,268,126,140,127,95,142,35,256,71,81,152,45,128,133,478,95,163
602,130,112,188,311,33,54,114,113,61,209,172,270,67,120,138,152,128,105,151,75,40,92,156,105,198,134,149,61,207,51,210,118,200,147,122,209,63,100,256,168,29,137,88,195,85,158,124,68,118,236,359,245,154,68,144,129,96,168,99,252,134,113,152,97,120,231,258,83,165,173,75,300,237,18,223,60,89,98,238,268,131,142,127,97,144,36,259,77,81,154,45,129,136,481,97,164
603,130,112,189,315,33,54,115,114,62,210,175,275,67,120,139,152,128,105,153,75,40,93,158,106,201,135,149,61,208,51,211,121,201,148,123,210,63,100,257,168,29,139,93,195,86,159,126,70,119,239,361,249,155,70,146,130,96,169,99,253,136,114,154,99,120,231,260,83,166,176,75,303,241,19,225,60,90,101,239,268,132,145,127,98,146,37,260,77,81,156,46,129,137,487,97,166
604,133,112,190,317,33,54,117,114,62,213,175,282,69,121,139,153,129,106,154,75,41,94,160,108,204,136,150,61,210,51,212,123,202,148,124,211,64,100,260,170,29,139,96,195,86,159,126,70,120,240,366,251,155,71,146,132,97,170,99,254,137,116,157,99,121,233,264,83,167,177,76,306,243,20,226,60,90,101,240,273,134,146,127,98,147,37,261,77,81,158,46,129,139,490,99,169
605,133,113,192,319,33,54,121,115,62,217,175,284,71,122,140,153,132,106,154,76,41,95,162,108,207,136,152,61,210,51,213,123,203,148,126,212,64,100,261,171,29,139,98,196,86,159,129,70,120,244,369,251,156,71,147,135,97,170,99,256,137,117,158,100,123,235,266,83,168,179,78,311,246,20,227,60,90,101,240,273,137,148,128,100,150,38,264,77,82,158,46,129,139,495,99,170
606,135,114,193,322,33,54,125,115,62,218,178,285,72,122,143,154,132,108,155,76,42,95,162,108,209,136,154,62,210,51,216,124,204,150,126,213,64,100,265,172,29,140,99,198,86,162,131,70,121,247,375,253,160,71,147,136,98,170,100,259,138,118,158,101,124,236,269,83,170,183,79,312,248,20,230,62,90,102,241,277,139,153,128,100,150,38,264,77,82,158,46,129,140,501,100,170
607,137,118,194,325,33,56,126,116,63,219,179,287,73,124,145,155,133,108,156,76,42,98,164,108,210,137,154,62,212,51,219,124,204,152,127,214,64,102,267,173,30,142,100,199,87,163,132,71,121,249,378,256,162,71,147,137,99,171,101,261,138,119,159,104,124,240,273,83,170,184,80,317,253,21,232,63,90,103,241,277,141,155,128,100,154,38,268,77,82,159,46,130,143,504,102,172
608,138,118,197,326,33,58,126,118,63,222,181,289,73,125,147,155,137,108,157,80,43,99,165,111,210,138,155,62,214,51,221,124,204,153,127,215,65,103,270,175,30,143,101,200,88,164,135,71,122,250,388,257,165,73,149,139,100,172,101,263,138,119,162,104,124,242,274,83,173,185,82,320,254,21,236,63,91,103,242,282,143,158,128,102,157,38,271,77,82,160,48,132,144,508,103,173
609,139,119,198,328,33,59,126,119,63,223,182,292,73,125,147,155,139,108,158,81,43,99,165,112,211,142,158,62,215,51,222,125,205,153,127,218,67,103,273,177,30,144,102,201,89,167,136,71,125,251,391,259,166,75,154,141,101,172,102,269,140,121,163,104,125,243,276,83,174,187,83,323,255,21,238,64,91,105,246,287,143,159,128,103,157,38,274,78,82,162,48,134,144,511,106,176
610,140,120,201,330,33,60,126,121,65,227,183,295,74,126,151,158,141,109,161,82,43,99,165,112,213,143,158,63,216,51,224,125,208,156,127,220,68,104,275,179,30,146,104,203,90,169,136,71,125,256,396,261,170,76,156,142,103,174,102,269,142,121,165,105,125,245,277,84,176,189,85,327,259,21,241,64,91,106,250,287,144,161,128,104,159,38,275,80,82,164,49,135,144,514,107,177
611,142,122,202,335,33,61,126,121,65,230,185,298,74,127,151,158,143,110,161,84,44,99,165,113,216,144,159,63,218,51,224,125,210,157,129,220,68,106,277,180,30,147,105,207,91,171,138,71,125,257,397,265,173,77,157,144,103,175,103,270,144,122,166,107,125,251,278,84,178,189,85,330,260,21,243,64,92,108,252,289,145,162,129,104,161,38,276,80,85,164,49,137,144,520,108,178
612,143,124,206,339,33,61,127,122,65,231,185,301,74,129,154,163,145,111,163,85,45,99,169,116,218,144,159,63,219,51,226,126,211,157,130,224,68,108,279,181,30,149,105,207,92,172,143,71,125,258,401,271,175,77,157,147,106,177,103,270,144,123,166,110,126,252,282,84,185,191,85,334,260,21,245,65,93,112,253,290,146,164,130,106,163,38,279,80,86,165,49,137,144,524,108,179
613,143,124,207,343,34,64,128,124,66,234,190,304,76,130,155,168,146,113,165,85,45,101,171,118,224,146,162,63,226,51,228,127,212,160,131,228,68,108,283,182,30,150,106,209,93,175,144,71,125,260,405,273,177,78,160,148,108,178,104,272,146,124,170,110,128,254,285,86,187,193,85,337,264,22,246,66,94,112,255,292,149,167,131,107,163,39,281,81,86,165,49,140,144,525,109,180
614,144,124,210,344,34,66,132,125,66,238,191,311,77,130,159,170,150,113,168,87,45,102,171,121,226,146,163,63,226,53,229,127,213,162,131,230,70,109,284,185,31,151,108,210,94,175,145,72,125,262,407,279,180,78,162,149,109,180,106,276,149,126,171,111,128,256,289,88,187,196,86,342,268,22,247,66,94,113,255,295,150,169,132,107,164,39,288,81,87,165,49,143,146,528,109,180
615,145,124,213,348,34,66,133,128,68,239,196,313,77,131,160,170,151,113,170,87,46,103,172,122,227,147,164,63,226,53,229,133,217,163,133,231,71,110,286,187,31,152,112,210,94,175,146,73,127,265,412,283,183,78,163,151,109,183,111,278,150,126,171,112,130,259,289,89,191,196,87,345,273,22,249,66,94,116,256,296,152,171,135,108,168,39,290,81,88,166,49,144,146,530,109,181
616,147,124,216,352,34,68,134,128,70,243,198,316,79,132,161,172,153,114,170,88,46,105,173,123,229,149,165,63,228,53,230,136,220,164,135,235,72,110,288,191,31,153,112,217,94,177,148,75,128,267,413,288,185,80,164,152,111,184,111,280,150,127,174,113,131,259,290,90,191,197,87,346,273,22,250,66,95,118,258,297,155,172,136,112,169,39,291,81,90,167,50,147,148,534,111,184
617,147,125,219,353,34,68,134,131,70,246,202,318,80,134,164,173,154,114,172,88,46,106,175,123,232,150,165,65,230,53,231,136,221,165,136,237,72,111,289,194,31,155,113,219,95,179,148,76,130,270,413,291,186,81,164,154,111,185,112,283,151,128,176,114,133,262,294,90,191,197,87,349,276,22,253,66,95,121,260,299,156,173,136,113,169,39,294,82,90,167,50,150,148,542,111,185
618,148,125,223,356,34,69,136,133,71,247,205,320,81,136,166,174,155,117,173,89,46,106,179,123,232,150,167,65,231,53,233,137,224,166,137,238,72,112,294,194,31,155,113,221,95,179,149,77,132,273,419,296,187,81,164,155,112,188,112,283,153,128,178,115,133,266,294,91,193,198,87,350,278,22,255,69,97,122,260,302,157,173,136,114,171,39,297,85,92,170,50,153,148,548,112,188
619,151,125,225,357,35,69,142,134,72,249,207,324,81,137,168,176,157,118,174,90,47,107,180,123,233,151,169,65,232,53,235,138,225,167,139,238,72,113,298,197,31,155,113,225,98,183,152,78,132,274,425,299,188,81,165,158,112,188,113,285,153,129,178,115,134,266,295,91,194,198,87,355,279,22,256,69,99,123,262,304,157,174,136,114,172,39,299,85,92,170,50,154,148,550,112,189
620,153,127,226,361,35,69,142,136,73,250,208,327,81,137,169,179,157,119,177,91,48,108,180,124,235,152,170,66,235,55,236,139,227,172,139,241,74,113,300,197,32,156,115,227,98,185,153,78,133,277,430,301,191,81,165,159,113,188,114,288,154,130,180,116,138,269,297,93,195,199,87,358,281,23,258,69,101,124,263,306,158,178,138,114,172,39,300,87,93,172,50,154,150,553,112,192
621,156,128,227,364,35,69,145,137,74,250,210,329,83,139,170,180,157,124,179,92,49,109,180,124,235,152,170,67,236,55,239,140,232,173,141,241,75,114,306,197,33,156,115,232,99,188,154,79,133,279,433,303,194,81,168,159,114,189,114,289,154,132,180,118,139,269,299,94,199,202,89,360,284,24,260,69,102,124,264,308,160,178,138,114,173,39,302,88,93,175,50,156,152,560,112,193
622,159,129,228,364,36,69,145,138,76,252,214,332,83,142,171,182,159,124,179,92,49,109,181,124,236,153,170,68,239,56,240,141,232,175,143,242,75,117,307,199,34,156,116,235,99,188,155,79,137,281,437,305,197,81,168,159,114,189,114,291,154,134,181,118,143,271,300,94,199,203,90,362,284,25,260,69,102,126,266,309,161,181,139,116,175,39,303,88,93,176,50,156,152,563,112,195
623,160,132,230,365,36,69,147,138,76,256,214,335,85,143,174,183,160,125,183,93,49,112,181,124,237,155,170,69,241,56,242,144,232,178,145,244,75,117,310,200,35,157,118,236,100,188,155,80,138,281,441,306,197,82,170,163,114,191,115,295,155,136,181,120,145,272,301,94,204,205,92,364,285,25,261,70,103,126,268,311,163,182,139,116,176,39,304,89,94,179,50,157,155,568,113,195
624,161,132,231,369,36,69,147,139,77,260,214,337,85,144,177,185,161,125,183,94,50,113,182,126,239,156,172,70,241,56,243,145,235,180,147,245,75,117,313,201,35,161,121,239,100,190,156,81,138,282,442,308,199,83,171,163,116,192,116,298,155,139,183,120,148,274,301,94,206,206,93,365,288,25,262,71,104,127,274,313,167,182,140,117,176,39,306,89,94,179,51,161,158,569,116,195
625,166,132,234,373,36,70,149,141,78,260,216,339,86,146,179,189,162,126,184,94,50,113,185,126,239,157,174,71,243,56,246,148,237,180,149,248,76,117,315,204,35,162,123,240,100,190,159,82,139,286,446,312,204,83,172,163,118,194,116,299,155,141,187,121,149,275,304,97,206,210,95,370,289,25,268,71,104,127,279,317,169,182,142,121,178,39,310,89,94,179,51,161,159,577,117,196
626,168,132,237,378,36,71,150,142,78,263,216,341,86,146,180,191,164,128,187,96,51,114,185,128,240,160,175,72,246,56,246,148,238,181,149,251,78,119,315,204,35,163,123,243,100,192,159,83,140,286,449,315,207,83,173,164,120,194,117,302,155,142,189,121,150,277,307,99,208,212,95,372,290,25,269,71,104,129,282,321,169,183,146,122,179,39,317,90,94,179,51,165,159,581,118,196
627,172,132,239,379,37,71,150,142,79,267,221,347,87,147,180,192,166,128,190,98,52,117,190,128,241,160,177,74,250,56,248,149,239,181,151,253,78,120,318,204,36,165,125,245,102,194,160,83,141,290,452,318,210,85,173,166,122,195,117,304,157,142,191,122,151,278,309,99,208,214,96,375,292,25,272,72,106,129,283,322,169,185,148,123,181,39,321,91,94,179,51,166,161,585,118,197
628,174,133,241,383,37,71,150,143,82,270,224,349,88,149,181,195,166,130,190,98,52,118,191,130,247,163,177,75,251,56,251,151,242,183,152,256,80,123,319,206,36,165,127,248,104,198,161,85,144,292,456,321,211,85,176,166,122,198,119,307,158,143,193,123,152,281,312,100,208,216,98,381,299,25,273,73,107,131,286,324,171,187,151,124,181,39,322,92,95,180,52,167,162,592,119,201
629,174,135,241,385,37,71,150,143,84,272,225,352,89,150,183,196,169,131,191,98,52,119,193,131,248,164,179,75,254,57,254,151,243,186,154,258,81,126,321,206,36,166,128,248,105,202,162,86,144,295,459,324,212,87,177,167,122,201,120,309,160,144,195,125,152,282,312,101,208,217,100,383,301,25,276,74,107,132,290,327,173,188,152,125,184,39,325,92,97,180,52,167,163,594,120,203
630,174,138,242,391,37,72,151,145,84,273,226,352,89,150,183,197,171,133,194,98,53,120,193,131,249,169,181,77,256,57,256,153,244,190,156,258,82,128,323,208,36,168,129,252,106,203,165,87,145,296,466,329,215,90,178,169,124,202,122,311,160,145,196,127,152,285,317,101,208,221,100,385,306,25,279,74,107,133,291,329,173,191,153,126,185,39,328,93,98,181,53,169,163,598,122,204
631,177,138,242,395,37,72,151,145,86,278,230,352,89,150,183,200,173,135,194,98,54,121,197,132,250,172,183,77,257,57,256,153,245,192,158,258,82,128,326,213,37,170,129,255,106,204,165,88,146,299,472,334,215,91,180,169,124,203,122,317,160,148,197,128,153,288,319,101,210,225,100,386,306,25,282,75,108,136,292,330,174,192,153,129,187,39,333,94,98,182,53,173,164,601,122,205
632,178,138,243,397,38,72,153,145,86,281,232,354,91,151,184,201,175,137,194,98,55,121,199,135,253,174,185,77,260,57,260,154,248,192,162,261,82,129,328,215,37,170,132,256,108,206,167,90,146,302,475,338,216,91,183,170,125,205,122,319,160,149,200,131,155,291,324,103,211,227,100,388,307,25,283,75,109,136,293,334,175,192,157,130,189,39,334,95,99,183,55,173,166,606,124,205
633,181,140,244,400,38,72,154,146,87,281,238,357,92,152,186,205,175,138,194,99,55,122,199,136,254,176,187,77,261,57,263,156,251,193,163,262,83,129,334,217,37,174,133,258,109,208,168,90,147,306,476,341,217,91,184,172,126,208,122,321,162,150,204,133,156,294,326,106,211,227,101,392,309,25,285,76,110,137,293,334,175,193,158,130,192,39,334,96,99,184,56,173,167,607,125,206
634,181,140,245,402,38,72,154,148,89,283,238,360,92,154,187,207,176,141,194,100,56,123,199,136,254,179,188,77,263,57,265,157,254,194,165,264,83,129,336,218,38,174,135,261,112,210,169,91,148,309,479,344,220,92,186,174,127,209,124,326,163,150,206,134,156,294,329,108,211,228,101,392,313,25,288,76,111,140,298,336,177,196,158,131,194,39,335,96,99,184,58,177,169,615,125,207
635,183,141,247,403,39,72,154,150,89,284,240,363,92,156,189,209,177,142,199,100,56,125,199,138,257,179,188,77,266,57,269,157,256,196,167,269,85,130,337,219,38,174,136,266,114,211,171,91,148,310,480,345,221,94,188,175,128,210,125,328,163,152,209,137,156,299,334,108,212,230,102,399,314,25,289,78,113,142,299,341,177,200,161,131,198,40,336,98,99,188,58,179,170,619,127,207
636,184,141,251,407,40,73,156,153,90,286,241,367,92,156,190,211,178,142,201,101,58,126,202,138,258,180,189,78,270,57,271,157,259,197,167,271,86,131,339,220,38,176,137,269,115,212,173,92,149,313,482,347,222,94,192,177,131,212,125,329,164,152,209,138,157,304,338,108,212,232,102,404,315,25,291,79,115,144,301,344,177,200,161,133,200,40,341,99,99,190,59,180,173,621,128,208
637,184,142,251,411,40,73,157,153,90,286,243,369,92,157,195,212,179,142,202,101,58,126,202,138,259,182,191,79,271,57,271,157,260,199,169,274,86,131,341,223,38,176,141,271,118,214,174,93,149,315,488,349,225,94,192,177,131,212,125,335,164,152,212,138,157,305,340,108,212,232,102,406,319,27,294,79,117,146,304,346,178,201,161,134,200,40,344,99,99,190,61,181,173,626,128,210
638,184,146,253,412,40,73,157,154,91,291,244,373,95,159,197,214,179,143,204,101,60,126,207,138,260,185,192,81,275,60,273,159,265,200,172,280,86,131,344,225,38,176,141,275,119,215,176,93,150,317,493,351,226,95,192,178,134,214,127,337,165,153,216,141,158,310,342,109,214,234,104,411,326,27,297,80,118,146,304,350,179,202,162,135,201,40,345,99,99,191,63,182,173,628,128,213
639,187,149,256,414,40,74,158,155,92,293,246,377,97,160,199,216,179,145,204,101,60,127,207,138,265,185,193,81,278,60,274,160,267,201,173,284,86,133,347,225,39,178,142,279,120,215,176,94,150,321,497,354,228,95,194,178,136,217,129,339,166,154,218,144,158,311,344,109,217,236,104,414,326,27,298,81,119,147,305,354,179,204,162,137,204,40,348,101,99,195,65,184,175,630,130,214
640,190,150,256,416,40,74,158,156,94,294,248,383,97,161,201,219,181,146,204,102,60,128,208,138,267,185,194,81,282,61,280,162,270,202,173,289,87,133,350,225,39,182,143,280,120,217,178,94,152,324,499,356,230,97,195,180,136,218,130,339,168,157,220,146,158,314,344,113,219,236,104,416,329,27,300,81,119,148,307,358,182,205,165,137,205,40,351,101,100,197,65,185,178,634,130,215
641,192,152,258,417,40,76,159,157,94,296,251,384,97,161,203,220,182,148,204,102,60,130,210,139,268,186,196,81,285,61,282,162,272,204,178,294,87,137,351,226,40,183,143,280,120,219,179,96,152,328,501,357,233,98,198,181,137,223,130,341,170,157,222,147,158,316,346,115,220,237,106,416,331,27,301,81,120,150,310,360,183,206,166,137,207,41,357,102,100,200,66,187,180,635,131,217
642,195,153,260,423,40,77,160,158,96,301,254,386,97,163,204,220,182,148,206,102,60,130,212,139,273,187,197,82,287,62,282,164,275,206,180,295,87,137,353,229,40,183,143,282,123,219,181,96,154,329,505,360,234,99,201,183,138,225,131,346,170,158,228,150,159,317,348,116,221,242,108,418,333,27,303,81,122,151,311,363,184,207,166,137,209,41,358,102,101,201,66,190,183,636,132,218
643,195,155,262,425,40,79,161,159,96,302,259,389,97,164,205,223,184,151,206,103,60,130,212,141,277,187,198,85,289,62,285,166,277,207,180,297,89,137,357,231,40,185,144,285,125,221,182,96,156,331,512,362,235,99,204,186,138,227,132,348,171,159,232,151,160,319,350,117,225,245,109,419,333,27,305,83,123,153,313,366,186,213,166,138,209,41,361,104,101,201,66,190,184,638,133,220
644,196,157,265,426,40,79,161,160,97,306,261,391,97,164,208,226,185,151,208,105,60,131,213,142,281,187,199,85,291,62,287,169,280,208,181,298,89,137,359,233,40,187,144,289,126,223,184,97,156,334,516,365,238,99,207,186,140,229,133,349,173,160,233,153,163,321,352,120,230,247,110,422,336,27,307,84,124,154,315,367,186,213,167,141,211,42,363,105,101,202,66,191,186,645,135,221
645,198,158,265,428,40,79,162,160,99,307,261,394,100,165,208,227,187,153,211,107,60,132,214,143,282,187,200,87,293,62,288,169,281,211,182,302,90,138,361,235,40,191,146,292,126,224,184,97,157,339,519,366,243,100,208,187,140,230,135,353,174,160,233,153,165,321,354,121,231,250,112,426,339,27,308,84,126,155,319,369,187,214,168,142,212,43,366,105,101,204,67,194,187,649,135,221
646,199,159,269,432,40,79,164,160,99,309,261,398,102,167,210,228,189,155,214,111,60,133,215,145,284,187,200,88,295,62,291,172,285,212,182,305,90,140,364,238,40,191,147,294,126,226,185,98,158,343,522,370,245,100,209,191,141,230,136,356,175,161,235,154,167,326,358,122,232,252,112,428,340,27,309,84,128,157,320,372,187,214,168,142,215,43,368,106,101,207,67,195,188,653,135,221
647,201,159,271,437,40,80,165,160,100,310,261,402,103,167,212,229,191,155,216,111,61,134,215,147,284,188,201,89,296,62,292,172,287,213,183,307,90,142,366,241,41,192,150,296,126,227,186,98,160,345,527,374,245,100,213,194,141,232,137,358,177,162,238,155,168,327,360,123,232,252,112,430,341,27,312,84,131,158,323,375,187,214,169,142,216,43,369,106,101,207,69,196,190,655,136,221
648,202,160,272,438,40,81,166,162,100,314,263,404,104,167,214,230,192,156,216,112,62,135,216,147,288,190,204,90,298,62,298,173,289,214,183,309,90,144,367,243,41,193,150,296,126,231,189,98,160,349,530,377,246,100,215,195,142,236,137,362,178,162,240,157,169,328,361,125,235,254,114,434,342,27,312,84,132,158,325,377,187,215,169,145,217,43,372,107,101,210,70,197,190,661,138,226
649,205,161,273,445,40,82,166,164,101,314,266,408,106,169,216,232,192,157,217,113,62,138,216,148,289,193,205,90,301,62,299,175,291,216,183,311,90,145,367,245,41,194,150,297,127,234,190,99,161,352,533,379,247,100,216,198,145,239,137,363,179,162,241,158,169,334,362,126,236,259,115,443,344,27,316,84,134,160,326,379,187,216,170,145,219,43,376,108,101,210,70,198,190,669,139,231
650,206,162,274,449,40,82,168,167,102,315,268,414,107,170,217,235,192,157,219,114,65,140,218,149,291,195,207,90,302,63,303,177,294,218,184,311,92,146,369,247,42,194,152,300,127,236,190,102,163,356,536,382,249,101,216,199,147,241,137,364,180,165,242,158,170,335,365,127,238,259,115,444,347,27,316,85,134,160,327,381,189,216,171,145,220,43,383,108,102,213,70,201,191,670,139,234
651,207,163,276,451,41,82,168,168,103,315,270,416,107,172,219,239,193,158,220,114,67,141,220,152,295,197,208,90,304,63,303,181,296,220,188,314,93,146,375,252,42,194,154,303,128,237,191,102,163,357,540,382,251,101,217,201,149,242,138,365,180,165,245,160,171,338,370,128,238,260,116,448,349,28,317,85,135,162,330,382,190,217,172,146,223,46,386,110,104,218,70,201,194,671,141,234
652,209,164,278,453,41,82,170,170,105,317,271,419,107,174,224,241,194,160,222,114,67,142,223,153,297,198,209,91,307,63,307,181,297,220,191,317,93,146,376,253,42,194,156,310,128,238,194,102,164,360,546,386,251,102,218,201,149,242,138,366,183,168,245,162,172,339,371,128,239,262,117,451,352,28,319,85,135,162,330,386,194,218,172,149,223,46,390,110,105,219,70,202,195,679,141,235
653,211,166,279,454,42,82,171,174,105,318,271,421,109,177,226,242,195,160,224,116,67,143,225,154,298,199,210,91,309,63,309,184,302,222,192,318,95,146,378,254,42,195,157,310,128,240,194,104,165,362,552,388,254,102,218,202,150,242,140,370,184,170,248,162,174,339,373,128,241,264,119,455,353,29,322,85,136,163,334,389,194,218,173,149,223,46,393,112,107,220,70,202,196,686,143,235
654,212,167,279,456,43,82,173,176,105,320,272,423,110,177,228,244,196,163,226,116,67,143,229,155,302,203,214,92,312,64,314,187,303,223,194,318,95,147,379,255,42,195,160,313,128,241,194,105,165,364,559,390,255,103,219,203,150,243,140,373,186,171,251,163,176,339,375,128,241,266,121,459,359,30,322,85,136,163,335,394,194,221,173,151,225,49,396,112,107,221,72,204,200,692,144,238
655,214,172,279,464,44,83,174,178,106,322,273,425,110,181,230,246,197,164,228,116,67,143,233,156,304,204,214,94,313,66,316,187,304,223,196,318,95,148,379,256,44,198,161,314,128,244,195,107,168,365,563,392,258,105,220,205,151,245,141,374,189,174,253,163,179,342,380,130,241,266,122,464,362,30,323,88,136,164,337,397,199,222,173,151,226,49,399,112,108,225,72,204,200,701,147,240
656,217,172,280,469,44,83,174,179,106,325,278,426,114,182,231,247,197,166,231,118,67,144,237,159,304,207,215,98,314,66,321,188,307,223,196,319,96,148,383,257,45,198,161,316,129,247,195,108,170,371,566,393,261,105,223,205,153,247,141,375,189,175,256,164,179,348,384,130,244,267,122,467,364,30,329,90,141,165,342,398,199,222,177,152,228,49,401,114,108,225,72,206,202,706,147,240
657,220,173,283,472,44,84,174,181,106,327,279,430,116,182,232,252,197,168,234,119,68,146,238,159,305,207,215,98,317,66,324,190,307,225,199,322,96,151,385,260,46,198,162,318,131,249,199,108,170,376,573,395,266,105,224,207,154,248,142,375,190,175,257,164,182,350,388,130,244,269,125,468,366,31,333,90,143,165,347,400,201,225,178,152,230,49,403,115,109,227,73,206,204,709,149,240
658,220,173,286,472,45,84,175,183,107,329,280,431,118,184,233,252,198,168,235,119,68,147,238,160,307,207,215,98,319,66,325,193,308,226,200,323,96,153,388,264,48,199,162,320,132,251,205,109,171,379,575,402,272,105,224,213,154,252,144,378,190,176,261,164,183,353,391,132,246,270,125,470,367,31,335,90,143,167,350,410,205,227,181,152,233,49,408,116,109,230,74,206,205,710,149,242
659,223,176,287,476,45,84,176,184,108,331,281,434,122,184,235,253,199,170,235,123,68,149,240,160,310,208,218,99,323,66,331,194,310,228,202,326,96,154,390,265,49,199,164,324,134,257,206,109,171,382,580,403,276,106,226,215,155,255,144,380,192,179,262,165,183,355,394,132,247,271,125,475,373,31,335,90,144,169,353,411,205,229,182,153,234,49,410,116,110,232,74,208,209,715,150,244
660,225,177,289,478,45,86,177,187,111,331,286,437,122,185,236,255,202,171,236,125,68,152,240,161,312,210,220,99,327,67,332,196,311,230,204,329,97,154,391,267,49,200,166,324,134,258,207,110,171,387,582,407,280,106,227,216,155,259,146,382,192,181,262,166,184,356,395,133,253,275,125,478,378,31,335,90,144,169,357,414,206,230,183,156,235,49,413,118,111,234,75,208,211,721,151,249
661,226,179,290,481,45,87,177,191,111,336,291,441,124,186,236,256,202,172,241,127,68,153,240,161,314,210,220,100,333,67,337,198,311,233,205,332,97,156,394,270,49,203,167,326,136,260,208,110,172,390,584,411,282,106,231,218,158,262,147,384,193,182,263,166,184,362,397,133,254,276,127,481,380,31,338,90,145,170,357,416,206,232,184,157,236,49,416,119,112,238,77,210,212,724,152,250
662,227,179,291,483,46,87,177,193,111,341,293,444,127,186,240,256,203,174,241,127,68,153,240,161,316,214,222,102,336,68,339,200,313,236,206,333,98,156,395,270,49,206,169,328,136,260,210,111,175,393,586,418,282,109,232,220,160,266,149,385,193,183,265,166,185,365,401,133,258,277,128,485,382,31,340,90,146,171,357,418,208,233,185,157,239,49,416,120,113,241,78,211,212,728,152,252
663,228,182,293,484,46,87,178,193,113,344,296,445,130,189,242,258,206,174,243,128,69,156,243,161,317,216,223,103,339,68,340,202,315,238,206,335,98,157,399,271,49,206,174,329,136,262,212,114,175,397,590,420,282,110,234,221,160,267,151,386,195,185,267,167,189,367,402,135,258,279,129,489,384,32,343,90,147,173,359,421,210,235,187,157,242,49,418,121,113,241,78,212,215,733,153,253
664,232,184,295,489,46,87,178,193,113,347,298,447,132,190,244,258,206,174,243,131,69,156,244,161,318,217,225,104,341,68,342,205,320,240,206,338,99,159,400,274,49,207,176,333,136,266,215,114,175,398,593,423,286,110,235,223,164,269,152,388,197,186,267,167,191,370,405,135,260,282,129,492,386,32,345,91,148,175,360,426,210,237,187,158,244,49,423,122,113,245,79,214,217,740,153,257
665,234,185,295,494,46,87,179,194,114,349,298,450,136,193,247,260,207,175,246,131,69,156,245,161,318,220,225,106,342,68,345,206,321,243,208,346,99,160,400,278,49,209,178,334,137,267,216,115,178,403,600,429,290,111,239,223,165,270,154,388,200,191,268,169,191,371,408,136,262,282,129,493,390,32,346,91,149,175,364,431,211,239,189,160,245,49,425,122,114,247,82,217,220,747,156,259
666,235,187,296,497,47,87,180,194,115,349,301,453,138,194,247,264,209,176,247,131,69,159,247,161,320,223,226,106,346,68,348,207,323,244,209,349,99,161,403,278,50,211,178,335,138,267,220,115,181,407,602,434,293,111,241,224,165,274,155,388,202,191,269,170,191,372,409,136,264,283,130,498,396,32,350,91,149,178,368,435,212,239,191,162,248,49,428,122,114,251,83,221,222,749,157,260
667,235,188,298,500,48,89,180,195,116,350,304,456,141,195,247,266,211,176,248,132,70,160,248,163,321,226,227,107,348,68,350,207,326,245,210,351,99,163,405,283,52,214,180,337,140,268,221,117,181,407,606,438,294,111,242,226,165,277,156,392,203,193,272,172,193,375,409,137,265,286,130,505,398,32,350,92,153,181,373,436,214,240,194,162,248,50,431,122,114,253,84,224,222,753,159,261
668,237,189,298,502,48,89,180,196,116,352,304,459,142,197,250,268,212,178,249,133,70,162,253,164,322,230,228,111,350,68,352,207,327,246,211,353,99,164,411,285,52,215,180,338,140,270,223,118,182,413,612,441,298,111,246,227,167,279,158,392,208,195,273,172,193,376,411,139,267,286,131,509,402,32,355,93,154,182,374,439,215,243,196,162,250,51,431,122,114,253,85,225,222,758,160,263
669,239,191,300,504,48,89,182,197,116,354,308,464,142,198,251,268,214,180,250,133,70,164,255,167,324,232,233,111,351,68,355,210,328,248,215,357,100,164,414,290,52,219,180,342,140,272,224,118,183,416,615,444,301,112,247,228,168,281,158,393,208,196,275,172,194,378,415,139,267,288,131,513,405,32,358,95,154,183,378,443,219,243,197,162,252,51,435,122,115,254,86,226,222,762,161,264
670,239,192,301,507,49,91,183,199,116,356,311,468,144,198,253,273,216,181,252,133,71,164,258,168,325,233,234,111,352,68,357,211,329,248,216,360,100,165,416,290,52,221,180,344,140,272,225,121,184,417,619,448,302,112,247,228,170,282,160,396,210,198,280,174,195,383,415,140,269,290,131,517,408,32,361,95,155,185,381,444,219,244,199,162,252,52,437,123,116,256,87,227,225,767,161,265
671,240,193,303,510,49,92,186,200,117,357,311,469,145,200,256,275,220,182,252,135,72,164,260,169,326,235,237,111,356,69,359,212,332,249,217,361,101,168,422,292,52,222,181,344,141,273,228,121,184,419,621,453,304,112,248,229,171,283,163,399,210,200,282,174,199,385,416,140,270,292,132,521,410,32,365,95,156,186,386,447,221,245,199,162,255,53,441,123,116,260,89,230,225,771,163,267
672,242,194,307,513,49,93,187,204,117,358,311,472,148,200,257,277,222,183,254,135,72,166,263,169,330,238,239,111,359,69,360,212,335,250,217,365,101,168,424,295,52,222,181,345,141,274,230,122,185,420,627,456,306,113,248,232,172,285,164,402,211,200,284,175,199,390,417,141,270,293,133,526,414,32,369,95,160,188,391,451,222,246,199,164,255,53,446,124,118,264,89,231,229,771,164,269
673,243,196,308,517,49,94,187,205,118,360,312,474,149,201,259,279,223,184,257,136,74,168,266,171,333,238,240,111,360,69,362,212,339,250,221,367,102,169,424,297,52,225,182,345,142,274,233,124,185,421,632,460,312,114,252,233,172,291,165,403,214,202,286,177,202,391,419,143,271,293,134,530,418,32,369,95,161,189,394,455,224,247,202,165,257,53,450,126,120,267,89,234,231,775,165,269
674,246,199,313,521,49,94,189,206,119,362,316,479,151,201,260,281,223,186,257,138,76,170,269,172,336,241,243,111,360,69,367,213,342,251,222,369,102,171,425,298,54,227,182,352,144,275,234,125,187,427,635,462,314,115,253,238,173,291,167,405,215,203,286,177,206,393,424,144,271,295,135,534,423,32,372,95,162,189,398,457,225,247,202,165,258,53,453,126,120,270,90,236,232,780,165,270
675,248,203,316,526,49,95,192,207,123,364,318,483,151,205,262,282,224,186,257,138,76,170,271,172,338,243,244,111,363,69,371,215,347,253,224,375,103,173,426,299,54,230,183,353,147,277,235,127,187,430,639,466,314,119,254,241,174,293,169,408,219,206,289,178,209,396,425,145,272,298,135,537,428,32,376,97,163,189,403,459,225,249,203,165,259,53,457,127,120,272,91,237,236,786,167,270
676,248,204,319,531,49,95,192,208,124,366,319,485,152,208,264,283,226,188,258,138,76,170,271,172,340,244,246,111,364,69,373,217,349,254,229,381,104,176,429,301,54,231,184,356,148,279,237,128,188,431,644,469,316,119,257,244,176,293,171,409,219,209,290,179,210,399,426,146,273,301,136,539,432,32,378,97,164,192,405,463,228,252,204,166,261,53,458,127,122,272,92,240,238,791,169,271
677,251,206,320,534,50,96,193,208,124,369,321,488,152,209,265,283,227,190,260,139,76,170,274,173,343,248,249,111,368,69,376,220,349,254,231,385,105,179,431,302,55,231,187,358,149,279,237,129,188,438,648,470,320,119,257,246,176,297,171,410,221,211,294,179,210,399,431,146,274,302,136,542,437,32,379,98,165,194,408,468,230,253,206,167,264,54,462,130,123,273,92,243,239,796,170,272
678,254,207,320,537,50,96,197,209,124,374,328,498,154,209,268,285,230,191,262,141,77,172,276,174,344,250,250,111,371,69,377,221,353,256,232,387,106,180,432,304,55,234,189,360,151,281,238,129,190,445,651,471,320,120,258,249,177,299,175,411,222,213,295,180,212,402,433,147,274,305,138,547,441,32,382,98,166,194,411,472,232,255,206,169,267,56,465,132,127,275,94,245,242,805,171,273
679,256,207,322,540,51,96,198,211,124,375,330,502,156,210,270,287,231,191,263,143,78,172,279,174,349,252,253,111,372,70,378,222,354,257,236,388,106,181,435,306,55,234,190,362,152,284,239,130,191,451,656,474,323,121,259,249,178,301,175,411,225,213,297,183,213,405,438,149,275,310,139,550,443,33,385,98,166,197,418,476,235,256,207,170,267,56,466,135,129,277,94,246,243,812,172,273
680,258,208,324,546,51,96,201,211,124,377,330,504,158,211,273,288,232,193,264,143,79,174,281,176,354,254,256,112,373,71,379,225,357,259,236,391,107,181,437,307,55,235,194,363,156,284,240,131,191,456,659,477,325,122,261,251,178,303,177,412,226,214,299,185,213,408,441,150,277,313,139,557,447,33,390,98,167,197,422,478,238,257,207,171,268,56,467,137,130,278,94,246,247,815,174,274
681,258,210,328,549,52,97,204,212,124,382,331,511,159,213,276,289,235,196,265,143,80,176,283,176,358,258,257,112,377,71,383,226,365,260,237,395,107,185,439,308,55,238,194,364,159,286,243,131,192,460,662,479,326,122,264,253,179,305,179,414,227,215,302,187,215,410,442,151,278,317,142,561,450,33,392,98,167,198,423,478,238,258,208,172,268,57,473,137,130,279,94,248,249,819,179,275
682,259,210,328,552,52,98,207,214,124,387,334,515,161,214,278,292,235,198,269,145,81,179,288,177,359,259,257,113,380,71,386,227,368,261,238,399,107,186,443,309,56,238,194,369,161,286,243,131,192,461,667,482,331,123,265,254,181,308,182,417,228,216,303,188,216,414,445,151,279,317,143,564,454,33,393,98,168,198,424,485,241,260,209,173,269,57,477,137,132,282,94,251,251,822,182,277
683,260,214,331,558,52,99,210,216,124,388,336,517,164,216,280,292,236,199,270,147,81,180,288,178,362,262,258,114,383,72,390,228,370,263,238,399,107,186,449,310,56,239,195,372,162,289,243,132,193,463,673,486,333,124,269,256,183,310,184,421,228,218,306,190,217,415,448,152,282,318,143,571,459,33,394,98,169,198,426,489,243,261,210,175,271,57,480,138,133,282,96,252,252,826,183,278
684,260,216,332,563,52,99,210,217,125,392,339,520,164,217,281,294,239,200,270,148,82,181,288,180,362,265,258,115,386,73,393,232,372,264,240,399,108,190,455,311,56,240,196,374,163,289,244,133,194,466,682,486,334,125,272,256,183,314,185,422,230,221,309,191,221,417,449,154,287,320,144,577,465,33,398,98,170,201,430,489,244,264,210,176,274,57,483,140,134,283,97,253,253,832,185,282
685,261,217,334,565,52,99,212,220,125,396,343,526,164,218,281,294,244,202,270,148,82,182,291,181,365,265,258,116,387,74,395,235,374,266,241,401,109,191,459,311,56,241,197,376,164,291,246,133,195,472,687,487,335,125,272,259,183,316,187,426,231,222,312,192,225,419,450,155,288,322,145,584,466,33,399,98,171,201,431,495,249,266,214,176,277,57,485,140,134,283,98,258,259,837,188,283
686,262,222,336,572,53,100,212,220,127,399,346,528,165,221,284,298,246,205,271,148,82,183,291,182,369,268,261,117,391,74,397,237,376,267,243,405,109,192,461,312,56,242,198,380,167,292,247,133,196,473,690,488,339,125,275,264,185,318,189,431,236,225,315,193,227,421,454,157,290,326,146,585,470,33,404,100,172,202,433,497,249,266,215,179,279,57,485,143,134,287,99,260,261,842,190,285
687,265,223,338,575,53,101,218,221,127,401,348,530,167,223,285,298,248,207,274,149,83,184,291,183,370,269,263,118,397,74,399,237,380,268,244,409,110,196,463,315,56,244,198,382,167,293,248,133,197,475,694,494,345,126,277,267,186,319,190,433,237,225,317,193,229,424,458,157,291,330,146,587,472,33,404,100,175,202,436,500,252,268,216,179,280,57,488,144,135,288,100,260,262,846,191,287
688,267,226,341,575,53,102,219,224,128,404,348,537,167,224,286,300,250,208,275,150,86,185,293,184,371,269,267,120,400,74,401,237,382,270,247,411,111,203,464,317,56,244,198,384,167,296,249,134,199,479,699,498,347,127,279,271,186,322,192,435,238,227,321,195,230,425,460,157,294,331,147,590,476,33,407,100,176,202,437,508,253,268,218,180,284,57,490,144,136,288,101,264,264,848,193,290
689,269,226,342,581,53,103,220,229,128,406,351,538,168,225,287,302,253,208,276,151,86,185,293,185,375,270,267,121,402,75,404,238,389,271,250,412,111,206,471,319,57,245,198,386,168,296,251,135,201,484,701,501,348,128,280,273,186,323,192,441,238,229,324,197,232,429,466,157,298,332,148,590,477,33,410,103,176,204,442,510,257,269,219,180,284,57,493,146,136,289,101,265,266,852,195,290
690,271,226,344,585,53,103,222,229,129,411,352,539,169,226,291,303,253,211,277,154,87,185,295,185,377,271,268,121,405,75,406,240,391,273,251,415,112,207,477,321,57,246,200,389,170,298,251,136,203,488,705,504,351,129,283,275,187,324,194,443,240,229,329,198,236,433,471,158,301,336,149,592,479,33,413,105,176,204,443,515,257,270,221,180,285,58,499,150,138,294,101,265,266,856,196,291
691,273,231,348,590,53,104,222,231,130,413,353,544,171,226,294,303,254,212,280,156,88,185,298,185,377,273,268,122,408,75,412,240,395,274,254,418,112,208,480,321,57,246,201,390,171,299,251,136,204,489,706,506,354,130,283,276,191,329,194,444,242,229,331,198,236,437,474,160,302,338,151,592,483,34,415,105,176,205,448,520,258,273,223,181,288,58,499,150,138,294,102,267,268,860,200,294
692,274,233,351,592,54,104,223,233,132,418,355,547,172,226,299,304,256,214,282,156,88,186,299,186,380,273,269,123,408,75,419,240,399,275,255,424,112,211,483,325,57,250,202,392,174,300,254,138,204,492,710,510,356,131,286,277,192,329,194,447,244,231,333,198,236,439,477,160,308,338,153,597,489,34,417,107,179,205,450,521,259,275,225,181,294,58,502,152,140,297,103,268,269,867,200,296
693,276,233,351,595,54,106,223,233,132,420,357,553,175,227,301,306,256,214,285,159,89,188,301,187,381,277,271,123,410,76,424,240,399,277,257,428,114,213,484,331,58,252,204,393,177,303,255,140,205,498,713,514,358,132,286,278,193,332,196,453,248,233,335,198,239,440,479,161,310,339,153,599,490,34,419,107,181,206,452,523,259,276,225,181,295,58,507,155,141,300,103,269,271,871,203,297
694,277,236,353,597,55,106,226,236,134,422,358,556,177,230,304,309,260,214,286,162,89,189,303,188,382,281,274,124,412,77,427,241,401,279,260,435,116,216,487,331,58,252,204,394,177,305,257,140,205,502,717,520,360,133,289,282,196,335,198,454,249,235,338,199,242,443,482,164,310,342,153,603,493,35,420,108,183,207,454,528,261,279,226,181,295,59,509,155,144,302,103,272,272,879,206,297
695,282,237,357,600,55,108,226,238,135,425,360,557,178,232,307,312,262,216,292,162,89,192,304,188,385,282,278,125,415,77,431,244,404,280,262,440,116,217,491,331,58,253,205,397,178,308,258,141,207,503,723,524,360,135,291,286,197,337,205,455,252,235,339,200,246,446,485,164,310,344,154,608,497,35,424,109,184,209,456,530,263,279,229,182,295,59,512,157,145,306,106,275,277,884,209,301
696,283,238,360,604,55,108,227,238,135,428,365,560,178,234,309,313,264,217,294,163,89,193,305,190,389,285,282,126,416,77,433,245,410,281,265,444,117,220,494,332,58,253,207,400,181,309,262,142,207,506,731,531,365,136,292,286,200,341,205,456,255,236,348,201,247,448,488,165,311,345,155,612,497,35,428,109,185,209,457,542,267,280,229,182,297,59,514,158,147,307,106,276,277,888,209,303
697,283,239,363,607,55,110,229,238,136,431,365,566,179,234,311,314,265,219,298,166,92,193,305,191,391,293,284,127,420,78,439,247,417,282,266,448,118,221,499,334,59,255,207,404,181,311,263,143,208,507,737,533,368,136,293,291,200,342,207,460,258,237,351,201,248,453,494,167,312,349,157,617,500,36,429,109,187,211,459,547,269,284,233,183,298,59,514,160,148,315,107,277,280,894,211,308
698,289,240,364,610,56,113,231,240,137,438,369,570,181,236,313,317,267,221,299,167,92,194,308,192,392,294,284,130,423,78,444,252,419,284,268,449,119,223,501,335,59,256,207,404,183,311,265,145,209,509,740,537,370,136,294,293,201,345,208,464,261,237,353,202,250,453,496,167,312,351,159,622,500,36,429,109,188,214,461,554,269,285,234,184,299,59,522,160,148,316,108,278,281,897,213,310
699,291,242,365,612,56,114,233,241,137,441,371,573,181,237,314,317,268,223,302,168,92,195,308,192,394,298,288,130,425,78,450,254,421,284,271,452,119,224,504,336,60,256,209,406,186,312,267,146,209,512,743,540,374,137,298,295,204,347,212,466,262,238,357,206,251,456,500,167,315,353,159,624,502,37,433,109,189,217,465,557,269,288,235,186,301,59,525,161,148,317,108,278,281,906,215,313
700,294,243,366,613,56,115,234,243,139,442,374,579,183,239,320,318,269,224,303,168,92,199,310,194,394,299,289,131,426,78,451,256,423,288,279,458,119,225,506,338,61,260,209,406,186,314,267,147,211,513,747,549,377,138,302,300,205,351,213,469,263,238,357,209,251,456,501,168,316,359,161,629,505,37,438,109,190,218,466,560,273,292,237,186,304,59,529,163,149,322,108,278,282,913,217,318
701,295,246,368,617,56,115,234,245,140,444,378,585,184,242,324,320,269,225,303,170,93,199,313,195,396,302,292,131,431,78,453,258,426,291,279,458,119,230,510,345,61,261,210,409,186,318,267,148,215,516,749,554,379,138,308,303,207,352,214,470,264,238,359,211,254,458,503,173,316,360,162,633,508,37,440,109,191,219,470,564,275,295,238,189,306,59,534,164,152,323,108,280,284,922,221,318
702,296,246,368,623,56,115,237,246,140,447,383,588,186,247,326,324,270,226,304,172,95,199,314,197,398,305,292,132,435,79,456,258,428,292,281,461,122,234,515,348,63,267,212,410,187,321,270,150,215,518,750,555,383,138,312,308,209,354,215,474,266,241,359,213,258,462,506,174,316,363,163,636,512,38,442,110,191,220,472,567,279,297,239,192,306,59,534,164,152,324,108,282,285,924,222,321
703,299,248,370,625,56,116,237,246,140,449,386,593,190,248,329,327,274,230,306,172,97,199,314,197,403,306,294,133,437,79,461,261,431,294,284,462,122,236,521,350,63,268,215,410,192,322,273,151,217,523,756,557,384,138,316,309,212,354,217,479,268,243,362,216,258,467,508,174,319,366,166,637,516,38,443,111,193,220,474,569,282,304,241,194,310,59,540,164,153,325,108,287,286,933,223,323
704,299,249,375,629,56,116,239,247,140,451,388,597,190,251,331,329,277,230,309,173,98,200,316,198,406,307,298,133,440,80,463,262,433,298,286,466,125,238,523,352,64,268,218,414,192,324,273,153,217,526,761,561,385,139,319,310,216,358,221,484,270,245,365,217,258,467,510,175,319,369,167,643,517,39,446,111,196,221,474,572,284,304,242,198,313,59,544,165,154,326,109,287,287,943,223,326
705,299,251,381,630,56,116,240,249,142,454,393,605,193,251,332,333,277,231,309,174,99,203,318,199,407,312,298,134,442,80,465,265,434,299,288,472,126,239,528,356,64,269,220,417,192,324,276,153,219,528,767,564,388,139,321,312,216,360,223,491,270,248,366,218,261,469,512,176,320,370,168,645,521,39,451,111,196,223,474,574,284,305,242,199,314,59,549,166,154,328,110,291,289,945,224,326
706,300,253,384,635,56,119,242,249,142,458,397,608,194,255,336,337,279,232,310,177,99,209,320,201,408,313,303,134,447,80,468,267,436,300,292,475,128,241,531,361,65,269,220,420,192,326,277,154,220,529,771,568,389,139,323,313,218,365,224,495,271,251,367,220,262,474,515,177,321,377,169,649,524,39,454,112,197,223,476,580,284,311,243,199,319,59,553,169,155,331,111,291,291,951,227,330
707,303,256,388,640,56,120,243,250,143,460,398,615,195,256,338,343,279,235,310,178,100,212,320,202,410,319,310,135,447,80,472,269,436,302,295,480,130,244,535,362,65,271,221,423,194,327,278,154,221,534,777,572,390,139,324,315,220,367,224,500,273,252,369,221,264,475,518,179,322,377,170,652,527,39,455,113,200,223,477,581,284,311,246,200,321,60,560,169,155,332,114,292,292,954,228,334
708,305,258,393,641,56,120,244,250,145,463,400,618,195,256,340,348,281,237,312,180,100,213,322,203,411,320,312,137,450,81,476,271,439,303,299,484,131,244,537,369,65,272,223,428,196,331,280,156,222,538,779,577,391,140,326,317,222,367,225,501,276,252,371,222,265,478,523,180,324,379,170,654,529,39,458,113,203,226,482,584,285,314,247,201,323,60,562,169,156,332,115,293,295,959,229,335
709,307,259,395,643,56,120,244,252,146,463,401,620,197,258,340,350,282,239,314,181,101,214,323,205,413,322,314,138,452,81,481,274,439,304,300,487,131,245,542,370,66,274,223,430,199,333,280,157,224,542,784,579,393,141,329,319,223,371,225,505,277,253,371,224,266,480,524,185,326,382,171,659,534,39,460,113,204,228,484,591,289,315,248,204,325,62,567,169,156,332,116,294,295,962,229,337
710,308,260,398,647,56,121,246,253,148,465,401,629,197,259,343,350,284,240,316,183,101,215,328,208,417,322,315,139,455,81,485,275,441,308,303,488,132,245,550,375,67,274,223,436,201,336,281,157,225,544,787,582,400,141,331,319,226,373,225,506,279,253,374,224,268,480,528,186,328,385,171,666,536,39,462,113,205,231,485,592,293,317,248,206,325,62,569,170,157,336,117,295,297,970,230,337
711,309,260,401,651,56,123,247,254,148,468,406,630,198,259,346,356,285,243,319,185,101,216,328,209,419,325,320,140,458,81,488,275,445,310,304,490,133,246,551,376,68,277,224,438,201,336,284,157,225,546,794,583,405,142,334,322,229,374,225,509,280,256,375,225,271,483,529,187,331,388,173,668,538,40,466,114,209,231,490,592,295,321,248,207,326,62,573,172,157,339,118,296,301,972,232,341
712,310,261,406,659,56,123,249,256,151,470,407,633,199,260,347,358,287,245,319,186,101,217,331,212,420,328,320,141,462,81,491,275,447,312,305,497,135,247,554,378,68,282,227,439,201,337,285,158,225,549,797,586,408,145,338,324,235,376,226,511,281,259,377,230,272,488,530,190,332,390,173,670,541,41,470,117,211,233,496,596,295,321,249,207,329,64,574,173,157,341,118,297,306,975,233,345
713,311,262,408,663,57,123,250,256,152,472,411,636,202,264,350,358,288,247,322,188,101,217,332,215,424,329,323,142,467,81,493,276,449,315,305,503,135,249,556,378,69,283,231,440,202,342,288,158,226,554,808,590,410,145,341,326,238,379,226,517,283,262,381,231,272,489,534,193,334,391,174,677,546,41,475,117,213,235,499,601,297,321,252,208,330,64,580,173,157,344,118,299,307,978,234,345
714,313,264,409,666,58,124,251,259,155,475,412,640,202,267,352,360,292,249,324,191,101,219,335,217,426,329,325,144,467,81,496,278,454,317,307,507,137,250,559,381,70,284,233,441,203,346,288,160,226,558,813,593,412,145,344,328,238,380,226,522,284,263,383,232,274,493,539,197,338,394,176,678,554,42,478,119,215,238,500,606,299,322,253,208,332,65,582,175,157,346,118,303,308,985,234,348
715,317,264,411,668,58,125,253,259,155,478,416,641,203,269,353,362,292,250,325,197,102,220,336,219,427,331,327,144,469,81,498,279,455,318,308,509,137,253,566,382,70,284,234,443,204,348,289,162,227,563,818,595,415,146,345,328,240,381,228,526,288,266,386,232,276,493,542,200,342,396,177,680,561,43,483,119,217,240,502,608,301,325,254,208,333,65,586,177,158,349,119,303,310,995,234,352
716,319,266,413,669,58,127,256,263,156,480,418,645,204,270,355,365,294,251,325,198,102,224,338,220,429,331,329,148,472,83,503,281,457,318,313,516,138,255,567,383,70,288,236,447,205,350,290,166,229,567,822,598,422,146,348,332,240,383,228,531,290,267,387,233,276,497,544,201,344,399,178,682,567,43,488,119,221,241,506,609,303,329,258,209,337,66,589,177,158,351,121,305,315,1002,235,353
717,320,267,415,671,58,129,257,265,157,481,421,648,204,271,357,365,295,251,329,199,102,225,338,221,431,335,331,149,474,84,508,284,462,320,316,518,138,256,568,385,70,290,238,448,206,351,293,169,231,571,829,604,425,147,350,333,241,387,232,535,291,269,388,234,276,499,545,202,346,400,178,689,571,43,492,123,222,243,506,609,305,329,260,209,338,67,592,177,158,353,123,307,316,1007,235,356
718,321,270,417,676,59,129,260,265,158,486,422,648,205,273,361,367,296,255,331,200,102,226,338,224,436,339,334,149,475,85,514,287,465,323,318,522,138,257,569,386,70,293,239,450,209,353,297,170,232,574,833,607,427,148,351,335,243,390,232,539,292,270,390,235,277,501,546,205,349,402,178,691,576,43,493,125,225,243,507,611,306,333,261,211,343,67,595,178,159,354,124,308,320,1012,237,357
719,322,272,421,681,60,129,262,268,158,489,422,651,208,276,363,371,298,256,333,202,102,228,341,225,438,341,334,151,479,86,518,289,466,323,319,526,141,261,572,388,71,293,239,454,213,355,298,170,236,577,838,617,434,150,353,336,243,392,237,542,292,271,392,236,278,505,549,207,351,404,178,693,580,43,497,125,225,243,507,616,307,336,261,214,344,68,600,179,159,357,126,308,323,1017,237,358
720,325,275,425,685,62,129,267,268,160,493,424,656,210,280,364,371,302,256,333,205,103,229,346,225,440,348,338,151,482,86,520,292,467,324,324,532,141,261,576,390,72,294,241,457,215,356,300,171,238,578,844,621,436,154,354,336,248,394,242,545,294,275,393,240,280,506,552,210,354,404,180,695,582,45,500,126,226,246,512,622,309,337,263,217,348,68,603,179,161,357,127,309,325,1019,239,360
721,327,278,430,691,62,130,267,272,162,493,426,660,210,281,366,375,303,258,335,205,103,235,349,227,441,348,339,151,486,86,524,295,470,326,331,536,142,262,579,394,73,297,243,461,217,358,302,173,239,581,848,627,442,154,357,338,249,397,243,548,294,276,395,243,283,511,555,212,355,405,181,700,583,45,502,126,228,247,516,625,309,339,265,218,349,69,608,180,162,360,132,312,326,1024,239,362
722,331,280,431,695,62,132,270,273,163,498,428,663,216,284,368,375,305,258,335,208,104,237,351,227,444,349,344,152,488,86,527,295,476,328,334,541,143,263,581,396,73,301,245,464,218,360,303,173,241,585,852,631,445,154,358,339,250,398,244,554,294,276,397,245,286,513,560,212,357,406,183,705,589,45,503,126,230,249,516,626,311,339,266,218,350,69,613,182,163,364,133,316,327,1030,243,367
723,333,283,434,699,63,133,270,274,164,499,433,667,220,289,371,378,308,259,339,208,105,237,351,231,447,350,346,153,492,86,531,297,478,328,335,542,143,264,586,397,73,304,249,470,219,362,304,174,243,590,857,634,446,155,359,340,251,401,245,556,295,278,400,247,287,517,564,213,359,407,183,708,592,45,505,126,231,251,522,629,313,341,266,218,350,70,614,184,165,368,134,321,327,1036,247,371
724,336,284,436,701,64,134,270,276,167,502,435,674,222,292,373,379,309,260,341,210,106,238,353,233,448,351,349,154,496,86,534,300,481,330,338,547,144,267,590,400,74,305,250,473,222,364,307,175,245,593,861,641,448,155,362,340,251,401,245,562,298,279,405,251,290,518,564,214,363,410,186,711,593,46,509,127,231,251,524,633,314,344,267,221,354,70,615,186,166,369,135,324,328,1045,249,375
725,338,285,437,707,64,134,271,278,167,507,438,679,223,293,374,381,310,260,342,210,108,240,354,238,453,353,352,155,501,86,536,301,483,333,341,547,144,270,591,403,75,305,250,474,223,365,307,176,246,595,867,645,449,156,362,343,252,403,245,566,300,283,406,252,291,519,566,214,363,411,189,716,596,46,515,128,232,251,531,636,317,346,271,224,356,70,618,189,166,375,136,326,329,1052,250,378
726,339,285,438,714,64,135,274,281,168,510,441,684,224,295,376,384,310,262,345,212,108,241,359,238,454,354,355,157,503,87,539,302,486,335,343,553,144,271,596,406,75,305,251,478,225,366,307,176,249,600,875,653,453,157,363,344,255,408,247,569,301,285,408,252,291,520,567,214,368,411,192,724,599,46,518,128,233,254,534,638,318,346,271,226,357,71,620,193,169,380,139,326,333,1058,250,379
727,340,286,441,714,64,135,276,282,169,514,445,689,227,297,378,387,312,265,347,213,110,244,363,239,454,356,359,157,504,87,543,304,487,337,346,553,145,272,600,406,75,307,255,480,225,366,310,176,252,604,880,656,456,157,364,345,257,413,248,574,305,285,409,256,293,526,572,214,368,416,193,728,605,48,521,131,234,256,538,642,318,348,271,228,360,71,630,195,169,383,139,333,334,1062,252,383
728,343,289,444,719,64,136,276,285,169,519,446,692,229,299,380,390,314,265,352,213,111,247,364,240,456,358,364,160,508,89,552,306,490,340,351,557,145,272,602,407,75,310,257,483,227,368,310,176,254,607,886,661,462,157,366,347,257,416,250,580,307,286,410,257,294,529,576,214,369,419,195,729,607,48,527,131,235,257,544,643,322,350,272,229,365,72,637,196,170,389,139,333,334,1069,255,390
729,344,291,447,723,64,137,278,287,171,523,448,696,229,302,380,394,318,267,352,214,113,250,365,240,464,358,365,160,511,89,553,308,492,343,352,558,146,273,603,410,75,312,258,484,229,371,312,177,254,613,891,662,465,157,370,348,257,419,251,580,310,287,411,258,297,532,579,217,371,420,196,738,611,48,529,131,237,258,550,650,326,354,272,230,366,73,641,197,171,392,139,333,336,1074,259,393
730,346,294,448,727,64,138,282,288,172,525,450,700,234,306,382,398,320,270,353,214,115,251,366,242,469,361,367,162,512,91,557,308,495,343,354,560,147,278,605,410,75,316,262,490,230,373,312,177,256,614,895,664,466,158,372,349,261,419,251,582,311,288,415,258,300,533,583,219,373,424,199,741,615,48,533,131,237,258,555,656,328,358,274,232,369,73,645,198,172,395,139,336,339,1079,260,395
731,347,295,451,730,65,139,284,290,173,527,453,701,234,308,383,403,321,271,354,216,115,253,368,245,472,364,368,164,515,91,562,309,498,343,356,562,148,279,607,412,75,317,266,493,233,373,314,179,258,619,899,669,468,159,374,351,262,423,252,585,314,290,415,261,300,539,585,221,375,426,200,748,615,48,534,131,240,258,557,661,329,359,274,233,372,73,652,198,173,396,139,339,342,1085,261,397
732,347,297,453,733,66,140,286,292,176,529,457,703,235,309,385,407,322,274,354,216,117,253,371,246,474,367,369,164,516,92,568,311,502,348,357,565,149,280,613,414,75,319,266,497,233,374,316,179,259,623,904,672,469,159,375,352,264,425,255,589,316,293,415,262,302,546,587,223,377,430,200,752,620,50,538,131,241,259,559,665,331,361,276,234,374,74,656,200,173,401,140,340,343,1090,265,400
733,352,298,456,738,66,142,289,296,178,534,459,707,236,309,385,408,324,274,357,216,117,254,371,247,477,370,373,164,521,92,570,312,505,348,359,571,150,283,624,415,75,320,268,499,233,377,316,179,261,625,909,677,471,159,377,354,269,425,256,591,318,296,420,263,302,548,591,225,382,430,203,755,621,50,542,131,242,261,560,670,333,363,278,234,377,74,664,205,173,403,141,341,344,1098,267,404
734,356,298,458,744,69,142,291,296,178,535,460,710,238,312,390,409,324,274,360,216,118,257,373,249,481,372,375,165,522,94,573,315,506,350,362,572,152,286,626,417,76,322,270,500,233,378,316,180,261,630,913,680,472,160,377,355,273,430,256,594,321,302,420,266,304,554,592,226,386,436,204,760,626,50,550,131,244,263,564,673,336,365,279,236,380,74,668,206,173,404,143,341,345,1102,267,409
735,359,300,458,747,69,143,292,299,180,539,464,714,239,314,392,415,326,278,364,216,119,260,377,251,481,375,376,165,524,95,578,319,506,356,362,575,152,288,628,419,76,322,271,502,234,379,318,181,261,632,921,683,477,162,379,359,274,434,258,596,321,304,421,267,305,556,597,228,388,439,209,763,628,50,551,132,245,265,570,677,341,366,280,238,381,75,674,207,174,408,143,345,347,1103,270,413
736,359,300,459,752,70,143,294,299,181,540,467,717,240,317,396,415,327,280,364,217,121,263,379,251,482,381,379,165,526,95,584,321,509,357,364,581,152,289,631,420,76,324,273,504,238,379,319,183,265,641,927,690,478,162,380,363,278,438,259,600,325,306,424,268,306,560,600,228,391,443,210,769,634,50,553,133,247,269,573,680,343,367,281,241,381,76,682,208,175,409,143,347,351,1110,272,415
737,361,301,461,757,70,143,294,301,181,548,470,722,241,321,401,419,331,281,367,219,121,265,384,252,483,386,382,165,527,96,588,322,511,358,367,586,152,289,636,422,76,324,274,507,239,382,320,183,268,648,931,693,481,162,384,365,280,443,260,604,326,311,424,268,308,563,602,229,392,446,211,775,635,50,555,135,249,269,574,685,345,369,283,242,384,77,688,209,177,411,145,348,353,1112,274,418
738,364,301,465,758,71,144,297,301,182,551,474,724,243,323,403,420,333,281,368,220,121,266,387,254,485,390,384,165,531,97,594,323,515,360,369,589,152,290,638,424,76,326,277,508,239,384,325,186,268,652,934,700,482,163,386,368,283,446,261,605,327,313,425,270,311,565,604,229,397,448,213,778,639,50,560,137,249,270,579,688,345,370,284,243,385,77,691,213,180,415,146,352,354,1121,274,420
739,368,301,466,761,71,144,298,305,182,553,479,726,245,323,403,422,335,282,370,220,122,269,391,254,488,391,388,166,534,97,597,324,519,362,372,593,153,293,639,426,77,327,280,510,240,386,327,188,270,656,942,701,485,163,388,370,283,448,263,611,329,315,427,272,314,568,606,231,398,449,215,781,640,51,565,139,251,274,586,691,346,373,287,243,387,77,697,213,180,421,146,354,358,1126,275,424
740,371,301,468,764,72,144,301,311,182,555,483,729,246,331,405,425,335,283,370,220,122,275,395,254,491,394,390,166,536,99,600,327,522,365,375,595,156,295,644,428,77,327,281,513,241,389,330,188,271,660,945,704,487,164,390,371,283,450,266,618,330,317,428,273,314,569,611,231,398,450,215,786,644,51,570,139,251,277,594,693,349,375,287,245,388,77,702,214,182,424,146,356,361,1133,278,428
741,373,303,470,767,73,147,303,311,185,559,483,736,246,331,409,429,337,283,371,221,122,276,397,259,494,394,390,167,537,99,606,328,527,366,377,598,157,300,649,429,78,328,286,516,242,390,331,188,272,664,950,706,489,167,395,372,286,454,268,622,332,318,430,279,314,572,614,233,399,453,217,791,649,51,572,140,251,278,594,696,352,377,289,246,391,77,706,215,182,425,146,358,365,1142,280,430
742,377,305,471,772,74,149,308,313,187,561,485,738,247,332,410,432,338,283,371,221,124,279,398,260,497,395,391,168,540,99,612,330,533,367,380,599,160,300,655,432,78,330,287,523,245,393,333,191,272,667,953,712,491,167,396,372,287,458,271,624,333,321,432,281,314,575,617,234,403,456,221,796,655,51,576,140,251,279,600,698,353,380,290,249,391,77,710,215,182,428,146,361,366,1151,281,430
743,377,310,474,777,74,149,310,315,188,563,488,743,247,334,411,436,338,285,373,224,124,280,399,262,499,396,394,168,546,100,614,332,536,372,381,599,160,302,657,432,80,332,288,526,245,393,334,191,273,671,960,713,493,168,397,372,291,460,274,625,334,322,433,284,316,577,620,235,409,459,222,801,661,52,579,141,251,282,605,701,353,381,294,251,392,77,715,216,183,433,147,363,369,1155,283,431
744,380,313,477,781,77,149,312,316,191,567,490,745,248,336,414,437,341,286,375,227,124,282,401,263,502,400,398,170,549,101,617,335,537,375,381,601,160,305,662,437,81,335,289,528,246,399,335,195,276,675,964,720,495,170,397,374,294,462,275,627,335,322,433,287,318,579,622,236,410,460,223,803,666,53,580,142,252,283,609,703,354,383,296,251,392,77,717,217,185,436,148,367,369,1159,287,432
745,382,316,482,785,78,149,313,318,192,568,493,750,249,337,417,439,342,287,378,229,126,283,406,264,505,403,402,170,551,102,622,339,540,378,382,604,162,309,667,440,82,336,290,531,248,401,341,197,278,677,971,725,498,170,398,376,295,463,278,632,335,323,435,287,319,583,626,237,411,462,223,809,670,54,585,143,252,283,611,703,355,383,298,251,396,77,719,219,188,440,150,371,373,1163,287,433
746,382,322,485,788,79,150,313,319,193,570,497,758,251,339,419,442,342,290,379,230,126,284,409,268,505,404,403,170,555,102,623,339,543,381,389,604,162,309,672,441,82,336,292,534,250,403,343,197,278,680,980,727,504,171,402,382,295,466,278,639,339,324,437,287,324,585,630,237,413,463,224,813,672,54,588,143,255,283,615,708,357,383,299,251,397,78,723,220,188,445,150,376,376,1170,289,438
747,383,325,490,794,79,152,314,321,193,574,499,762,252,342,419,444,344,292,381,231,126,286,413,268,512,407,405,170,559,102,629,343,545,387,391,608,162,309,678,444,83,340,293,536,254,407,345,197,279,685,984,733,506,171,405,385,296,469,282,640,340,327,440,293,324,586,634,239,414,466,226,817,677,54,591,143,256,286,620,714,361,385,302,251,400,79,726,222,190,449,150,381,377,1175,292,441
748,384,327,495,799,79,153,315,322,194,577,501,764,252,343,419,448,348,294,385,232,127,288,417,269,515,407,407,171,561,102,631,344,549,389,394,614,165,309,680,447,83,344,295,542,254,412,345,199,280,689,987,736,509,172,407,386,298,469,284,643,341,329,445,294,327,592,638,242,416,470,228,820,678,54,593,144,258,288,623,719,361,388,304,252,403,79,727,222,191,451,151,384,380,1180,295,444
749,386,336,499,804,79,153,316,322,195,578,503,767,254,343,420,451,348,296,385,235,128,290,417,271,515,409,407,172,564,104,636,349,554,390,397,617,166,313,684,450,84,346,299,544,255,414,346,199,281,695,992,743,512,173,410,389,299,472,286,646,344,332,450,297,329,595,641,244,418,473,229,828,684,54,594,144,262,289,625,724,364,390,305,252,403,80,730,222,192,455,152,388,383,1183,295,445
750,394,343,502,805,79,154,317,324,195,583,505,772,255,349,423,455,351,297,386,237,129,292,420,273,518,411,410,173,570,105,642,351,559,392,399,617,166,315,686,454,84,351,300,550,258,416,346,200,282,698,995,750,519,174,411,389,301,474,287,653,345,334,452,297,330,597,646,245,421,476,231,829,690,54,598,144,262,289,629,729,367,393,307,253,404,81,732,222,193,461,153,391,383,1190,298,446
751,396,345,504,814,79,157,318,328,195,590,508,775,255,353,425,462,354,298,389,239,130,294,425,274,520,413,412,174,576,106,644,352,561,393,404,625,167,318,692,457,84,354,301,552,259,417,347,201,283,702,998,754,522,175,414,395,302,479,290,654,350,337,458,297,335,601,652,248,423,477,231,836,692,54,601,146,263,292,632,734,371,393,311,255,407,83,736,225,193,466,155,393,385,1198,298,450
752,400,349,505,819,79,158,321,329,197,593,514,777,256,354,426,464,357,299,392,240,132,296,427,278,526,415,414,176,580,107,649,355,565,395,406,628,168,321,693,463,85,356,304,557,264,421,348,201,285,705,1001,759,530,177,417,395,303,481,291,656,351,341,460,299,336,603,657,249,425,481,232,840,696,55,602,148,264,293,635,739,376,395,317,256,415,83,744,226,194,469,156,394,388,1206,299,451
753,402,352,508,825,79,159,323,330,197,595,517,781,258,354,426,467,358,302,393,242,132,298,428,280,530,418,415,177,583,107,655,357,567,400,407,631,169,325,697,467,85,359,305,563,266,421,353,202,285,707,1008,761,531,178,420,398,303,485,295,659,353,346,464,301,338,605,663,250,426,483,233,848,703,55,606,151,264,294,639,743,379,397,319,256,415,84,745,229,196,472,158,398,390,1212,300,454
754,405,353,510,833,79,160,324,332,198,596,522,788,261,355,426,471,363,305,394,245,133,300,429,281,535,422,418,177,587,107,658,361,568,404,412,633,171,328,700,467,85,360,307,566,266,423,356,202,286,711,1013,767,533,179,423,399,304,487,296,664,356,346,466,301,343,609,670,250,429,484,234,853,707,55,609,153,266,295,640,747,379,402,321,257,416,84,745,229,197,475,158,399,393,1217,302,457
755,407,357,511,839,80,161,325,333,198,599,524,792,261,357,429,474,366,306,395,246,133,300,433,282,535,424,420,180,591,108,663,362,572,406,417,636,171,329,701,471,85,361,309,567,269,425,359,202,286,712,1021,772,538,179,429,402,304,490,298,668,359,348,467,302,346,613,674,252,432,489,235,859,711,58,616,154,269,300,642,752,382,404,326,260,420,84,754,232,198,476,159,401,396,1226,306,460
756,408,359,514,842,80,161,328,337,200,603,528,796,262,359,436,475,370,307,396,246,134,302,437,284,538,427,424,182,597,109,664,364,575,413,419,641,172,331,704,474,86,362,311,570,271,427,362,204,286,716,1027,774,541,179,431,404,306,493,300,673,364,352,468,303,347,617,680,253,434,493,237,865,718,58,619,155,269,303,645,756,386,405,328,261,421,84,758,235,200,478,159,403,402,1230,306,462
757,410,360,515,850,80,161,328,338,200,608,532,798,264,359,438,477,373,309,399,248,135,307,440,288,542,428,426,183,601,109,668,364,577,413,421,644,172,332,710,475,86,363,312,573,274,430,365,205,288,719,1037,774,547,180,433,405,307,496,301,677,367,354,468,306,349,622,682,256,436,496,239,870,725,58,625,158,269,304,648,761,389,409,328,264,426,84,761,236,201,481,160,405,405,1234,310,464
758,414,362,519,856,81,161,329,340,201,611,534,805,265,360,440,479,377,312,402,253,135,308,443,292,549,429,430,183,604,109,671,367,579,414,423,647,173,333,712,477,86,367,314,576,277,436,366,208,289,724,1041,779,549,181,433,408,308,500,301,679,369,355,470,310,354,625,685,256,438,499,241,874,728,60,627,158,273,308,651,766,392,411,328,266,429,85,766,237,204,484,161,408,408,1237,314,466
759,416,367,521,857,82,161,333,341,205,614,537,807,266,361,444,481,380,313,402,255,135,310,448,292,551,431,433,185,606,109,674,368,583,415,427,650,174,334,716,479,86,368,314,581,280,439,366,211,289,726,1047,782,555,183,436,410,308,507,304,681,371,357,472,315,355,629,688,259,440,500,244,874,729,60,629,158,275,312,655,770,394,415,330,269,431,86,770,239,205,486,162,411,412,1248,314,467
760,417,368,521,860,84,161,335,342,205,617,539,813,268,363,447,484,383,314,403,257,135,311,453,294,554,438,436,187,609,110,678,371,585,416,428,655,174,337,720,484,86,371,317,582,282,440,369,213,292,731,1052,788,557,183,438,413,308,509,306,687,371,357,474,319,355,633,691,259,446,502,246,879,734,61,633,159,277,315,659,778,395,417,334,271,433,86,775,240,205,488,163,413,414,1253,317,467
761,420,369,522,868,85,161,336,345,207,622,541,818,271,366,450,485,384,317,407,261,136,316,457,295,559,439,439,188,611,110,684,371,589,418,431,658,174,338,727,485,86,373,318,584,285,441,370,216,294,734,1054,798,561,184,440,415,312,511,307,690,372,359,476,320,358,635,694,261,450,504,246,884,740,61,637,160,279,317,660,783,396,418,335,275,438,86,784,241,207,494,163,416,415,1261,318,471
762,422,372,527,869,85,161,338,346,209,623,544,822,271,370,452,486,388,318,408,261,136,316,461,297,562,446,441,188,615,111,689,374,591,423,433,662,176,339,731,486,87,376,320,590,290,441,371,218,295,740,1058,804,565,185,442,417,312,517,309,698,377,361,477,320,362,639,696,266,451,505,248,889,741,61,640,160,282,321,669,785,399,418,337,277,442,86,787,245,208,498,165,418,419,1266,319,473
763,423,376,531,872,87,162,339,347,210,628,546,826,271,372,455,490,390,320,413,261,137,317,465,299,563,450,444,192,616,112,694,377,596,426,435,665,177,343,733,493,87,379,321,595,291,442,372,220,298,744,1062,810,565,185,443,418,312,522,309,700,377,363,479,322,362,644,702,267,456,506,249,895,744,61,643,160,286,323,676,788,402,418,339,278,446,86,795,247,208,502,166,418,422,1270,321,475
764,425,377,536,877,88,162,342,349,211,632,547,834,273,374,458,493,390,322,415,263,138,318,467,303,565,452,447,194,618,113,698,377,598,427,436,667,178,343,742,497,87,380,326,597,292,448,374,221,301,747,1070,814,567,186,443,421,314,524,310,705,381,365,482,324,362,649,706,271,460,511,250,901,747,61,649,161,287,324,678,794,404,421,339,280,449,87,797,247,208,504,167,419,428,1273,322,479
765,426,379,537,881,89,165,343,350,211,639,549,834,274,376,461,497,396,325,416,265,139,320,469,304,568,456,449,194,622,113,700,377,605,432,438,671,178,346,747,498,89,381,328,598,294,449,376,223,302,752,1077,817,575,188,447,425,314,525,311,710,383,370,484,327,363,653,710,272,465,514,250,907,751,61,653,162,288,327,680,801,407,423,340,280,451,87,797,247,209,510,167,424,430,1277,324,484
766,427,381,539,887,89,167,345,353,213,643,553,843,274,381,468,499,398,329,417,267,139,323,471,307,571,456,451,195,625,114,709,379,608,435,445,678,179,348,753,500,90,383,329,603,295,450,377,226,303,754,1082,824,578,189,449,429,315,528,314,713,385,371,487,330,365,657,718,273,468,517,251,910,754,61,656,162,291,329,685,805,409,426,342,283,453,89,800,250,211,513,169,425,433,1280,325,490
767,429,386,542,893,90,169,348,357,213,647,555,845,275,382,472,502,400,332,418,267,143,324,473,308,578,459,455,197,629,115,713,380,610,438,447,682,179,351,759,501,91,384,332,606,296,455,377,229,307,759,1088,826,579,191,454,430,315,530,317,717,388,372,491,333,366,659,720,273,469,522,252,916,756,61,659,162,297,333,687,810,410,429,345,285,454,89,802,250,211,516,171,431,433,1288,328,494
768,431,392,544,896,92,170,350,357,215,653,557,853,277,382,472,504,403,335,419,267,144,326,474,312,585,464,460,199,631,117,717,384,617,439,448,685,179,357,764,508,92,386,334,610,297,459,379,232,311,763,1094,835,585,191,457,434,315,531,321,720,389,374,493,338,368,666,722,274,474,525,253,918,762,61,662,162,300,335,691,815,410,432,350,287,456,90,808,252,215,517,173,436,436,1292,330,496
769,433,392,546,899,94,171,351,360,217,655,560,859,277,384,478,505,403,336,420,268,146,326,476,313,587,465,461,200,636,117,721,386,623,443,455,691,179,363,771,512,92,387,337,614,301,465,380,233,313,765,1100,838,587,192,459,441,321,534,323,723,391,378,496,340,369,671,723,275,477,528,253,927,767,61,666,162,302,336,697,819,411,433,351,288,457,90,812,254,216,522,173,438,437,1296,332,499
770,435,394,548,906,94,171,353,364,218,658,562,864,281,389,482,507,406,338,422,269,147,328,479,315,593,466,465,201,640,118,726,386,625,444,458,694,183,365,776,514,92,387,338,617,301,466,380,234,316,766,1107,843,590,192,460,444,326,536,325,727,395,380,496,342,372,675,727,276,479,531,257,932,769,62,668,163,303,338,701,822,413,433,355,288,459,92,815,257,216,525,174,438,441,1305,332,505
771,437,399,551,911,97,172,356,368,220,663,564,865,281,391,486,511,406,340,423,270,148,330,479,317,594,470,467,204,640,119,730,392,626,446,463,697,183,367,777,515,93,387,339,622,305,469,381,235,318,768,1114,850,590,194,460,446,330,537,328,729,395,383,499,346,373,677,730,277,488,532,262,935,772,64,673,163,305,338,708,823,414,433,357,291,463,93,816,260,216,526,177,442,443,1314,334,506
772,440,401,552,913,97,174,361,368,221,665,566,868,283,393,491,514,407,340,425,273,149,331,481,320,599,473,474,206,643,119,732,393,631,446,465,701,185,368,779,517,94,387,341,624,310,473,383,235,319,773,1122,855,595,196,461,448,333,542,330,731,396,386,499,347,375,680,733,279,489,532,263,939,778,64,676,164,308,341,715,827,416,438,358,295,465,94,821,263,216,527,178,444,445,1317,334,507
773,445,405,555,919,98,174,365,370,222,668,570,869,284,399,496,518,413,342,426,274,150,335,484,324,600,476,475,208,646,120,734,394,633,448,467,702,187,371,783,519,94,389,343,626,314,475,384,236,319,777,1126,862,600,199,463,448,335,546,330,731,399,388,504,348,378,683,738,281,490,534,263,943,786,64,679,164,309,345,721,830,422,440,361,296,468,95,823,263,217,529,181,444,448,1324,336,512
774,446,407,557,922,99,175,369,373,223,673,574,871,289,403,500,520,416,344,428,278,153,339,487,326,605,479,475,211,649,121,736,397,634,449,471,704,188,374,786,520,95,390,347,628,314,476,387,236,323,784,1128,872,600,200,464,449,337,554,333,737,400,388,504,350,382,684,742,284,497,539,266,946,791,65,681,164,310,347,725,833,426,443,364,297,468,96,827,263,217,533,181,447,450,1333,336,514
775,449,409,562,928,100,179,371,374,224,677,576,877,294,407,506,522,420,350,430,279,153,339,488,329,608,480,479,211,651,123,740,398,638,452,473,706,190,375,789,522,96,393,349,628,317,478,388,238,327,786,1136,874,606,203,468,452,340,556,337,745,402,389,507,353,384,685,743,286,501,542,267,951,798,65,685,165,311,349,728,834,429,444,365,298,471,97,832,266,217,537,182,450,451,1342,339,517
776,449,412,565,933,103,179,372,376,226,678,578,880,295,408,506,526,422,353,430,281,153,343,490,333,613,481,482,212,655,124,745,400,640,454,475,706,193,381,793,526,97,398,351,630,317,479,391,239,327,790,1143,879,609,205,468,455,342,559,340,754,405,389,510,355,384,689,748,287,505,543,267,956,804,65,689,165,313,349,729,840,432,445,366,298,473,98,836,266,217,541,183,451,452,1353,342,522
777,451,415,568,935,105,181,375,377,228,681,582,883,298,409,508,531,423,353,431,282,153,345,495,336,618,483,482,212,659,124,749,401,646,456,479,713,194,384,794,528,98,400,353,635,317,480,393,241,330,794,1151,881,612,207,471,458,347,562,342,758,408,391,512,357,384,690,757,289,507,546,268,958,810,68,696,166,315,350,736,845,432,446,370,302,477,99,840,267,217,545,184,454,455,1359,345,529
778,453,417,570,938,105,184,376,379,228,690,584,890,300,412,514,534,425,356,431,282,153,350,496,339,622,487,483,215,663,124,751,402,649,459,480,718,196,386,799,529,99,400,356,636,318,482,396,242,330,798,1156,886,618,207,473,462,350,569,345,760,411,393,513,359,387,693,760,290,508,551,269,963,812,68,703,168,319,353,739,849,435,451,372,302,479,99,848,268,217,545,185,456,460,1364,347,529
779,455,418,576,941,105,184,380,384,231,696,587,890,302,414,514,537,427,360,435,282,154,354,498,340,628,488,483,217,666,124,751,404,652,461,484,722,197,387,803,532,99,403,360,640,320,485,398,244,332,804,1167,894,620,209,475,464,351,571,345,762,414,395,517,362,388,695,764,290,509,557,271,967,816,68,705,169,320,356,742,855,439,453,373,307,483,101,853,271,217,546,186,457,464,1372,349,530
780,459,422,584,945,105,187,380,384,234,697,591,894,303,415,515,542,432,366,438,285,154,354,500,344,629,492,483,218,668,125,755,404,657,463,486,724,197,388,808,534,101,404,360,641,321,489,403,245,333,805,1172,897,626,209,476,464,351,572,349,767,415,397,519,363,388,698,767,292,512,559,272,971,818,69,708,170,321,358,745,861,442,454,376,311,483,101,863,272,220,551,187,460,465,1374,351,532
781,463,425,589,951,105,187,381,386,237,697,595,896,305,419,515,543,433,368,442,285,155,354,503,346,634,493,484,220,673,127,758,407,664,469,488,729,199,388,813,537,101,408,361,643,323,492,408,246,335,810,1178,901,632,212,478,467,352,574,350,770,419,399,522,366,390,699,770,295,518,563,273,976,823,69,713,170,321,359,750,865,448,457,377,313,486,102,867,274,220,553,187,465,467,1378,353,536
782,463,428,594,956,106,187,385,387,237,702,597,898,306,421,518,543,434,369,443,286,158,356,505,348,635,497,488,223,680,127,767,413,669,474,489,734,199,390,816,539,102,410,363,653,325,496,410,248,336,815,1181,905,636,214,480,468,354,576,351,772,422,399,524,366,397,701,776,297,523,565,275,979,826,70,718,170,324,359,752,870,450,461,377,314,489,102,871,278,223,557,193,469,470,1385,353,538
783,467,432,598,959,106,187,388,388,238,703,603,908,308,423,521,546,437,371,445,289,159,356,509,349,640,502,491,223,683,127,772,416,672,478,490,738,200,392,823,540,102,414,363,656,327,498,411,251,336,819,1187,910,640,214,483,469,357,578,354,776,425,402,525,369,398,703,781,299,525,567,277,984,832,70,720,170,327,365,758,875,452,463,379,315,493,102,874,279,223,560,193,472,471,1391,353,540
784,472,436,601,964,106,188,392,392,240,705,608,911,310,426,525,551,439,375,447,290,159,356,509,350,643,504,492,226,690,129,775,421,677,479,494,740,201,393,827,545,102,415,365,659,328,500,413,252,337,827,1193,914,643,215,486,470,359,580,358,781,428,404,530,371,399,711,788,303,527,569,277,988,838,70,722,171,327,367,762,876,453,466,380,316,499,102,878,282,224,565,193,475,471,1400,356,544
785,474,438,607,968,107,189,394,394,242,706,611,912,310,427,526,551,440,377,451,290,159,360,513,353,645,506,494,226,693,130,783,424,685,479,497,745,201,396,835,548,102,419,365,664,331,502,414,254,338,828,1200,922,647,216,489,471,361,583,361,783,433,406,532,375,400,712,793,303,529,573,278,994,841,71,724,171,330,368,764,883,456,469,381,321,501,102,884,283,224,567,194,475,472,1403,356,548
786,477,440,608,975,109,192,396,397,244,712,612,915,311,428,527,557,440,381,452,291,159,363,514,355,651,507,499,227,694,130,784,426,688,484,498,749,201,397,843,550,105,425,367,667,332,505,415,257,339,831,1208,927,651,216,493,475,363,586,364,787,436,406,532,377,402,715,797,305,533,574,279,1001,845,71,730,171,330,370,765,890,459,471,383,322,502,103,892,283,225,571,196,480,475,1406,358,551
787,485,441,611,988,109,194,397,400,245,717,613,919,312,433,527,559,440,383,453,294,160,363,521,357,657,509,504,230,697,131,788,428,694,487,500,755,201,399,845,555,105,426,368,667,332,512,420,261,343,835,1216,931,660,216,498,481,365,586,365,794,436,409,535,380,405,719,801,308,535,574,279,1005,852,71,733,171,333,374,774,896,461,475,391,324,505,104,896,283,226,572,196,482,481,1412,365,552
788,489,445,612,990,110,194,400,401,247,721,619,923,314,438,530,561,444,385,453,296,162,363,522,359,666,511,506,230,704,132,793,432,701,489,502,757,204,401,851,562,105,429,372,673,334,515,423,263,345,839,1220,935,667,217,499,483,368,588,366,795,437,413,541,382,407,724,806,310,538,577,281,1011,853,71,734,172,335,376,779,901,465,479,392,326,507,105,904,286,227,576,198,484,483,1418,367,555
789,494,445,614,996,113,194,401,402,250,726,628,927,314,440,532,562,447,389,453,298,163,368,525,360,669,514,508,231,707,132,796,435,707,491,505,760,206,402,853,564,105,433,375,678,335,517,427,264,346,843,1226,937,673,217,502,485,370,591,368,799,439,417,542,385,411,728,811,312,541,581,281,1013,861,71,736,172,336,378,786,903,468,481,394,329,510,105,908,287,229,579,199,490,484,1430,368,559
790,495,449,618,1001,114,194,401,402,250,729,631,936,315,443,536,563,450,391,453,298,164,368,529,362,669,517,509,233,712,132,802,442,715,492,506,764,208,404,861,567,107,436,377,683,337,518,427,265,348,846,1229,942,675,218,505,485,372,594,369,803,441,420,546,387,413,733,814,315,546,583,282,1017,864,71,741,173,341,379,790,907,471,482,397,332,513,105,915,288,229,584,200,492,485,1440,372,562
791,498,453,619,1005,115,194,403,405,251,733,634,938,315,445,539,567,455,394,456,304,164,369,530,366,670,522,512,236,718,133,804,447,721,492,509,770,210,404,867,570,107,440,382,687,338,520,431,266,349,849,1232,943,682,220,508,488,374,594,370,805,443,424,549,390,416,736,817,316,549,585,282,1023,870,71,748,174,344,381,791,909,472,487,399,332,515,105,919,292,230,585,200,498,488,1445,374,563
792,501,456,623,1011,116,194,404,407,253,739,639,940,317,449,539,570,459,397,456,305,165,370,532,366,674,523,513,237,719,133,808,454,725,495,513,772,212,405,872,574,107,441,385,691,340,523,432,266,351,855,1235,943,686,222,512,489,376,598,372,809,444,429,551,390,420,741,823,317,555,591,282,1027,870,71,752,174,346,384,793,914,474,490,400,335,516,105,926,293,232,587,202,500,493,1450,378,565
793,505,458,631,1018,117,194,409,408,258,747,644,949,318,451,541,576,461,399,460,308,166,373,534,367,676,528,517,239,722,133,813,455,730,500,515,778,213,411,874,577,107,442,387,695,344,526,434,267,352,860,1239,950,688,225,512,493,377,604,374,812,446,430,554,393,423,742,825,320,557,596,282,1031,871,71,761,175,350,385,797,918,478,492,403,337,517,105,932,294,232,587,202,503,497,1458,381,565
794,511,459,634,1023,117,196,413,409,262,749,646,951,320,455,543,578,463,400,463,310,166,373,535,370,676,536,520,241,724,134,819,459,732,503,517,781,214,412,880,577,107,444,389,701,346,528,438,268,353,863,1246,952,690,225,514,497,380,605,376,819,454,433,558,395,425,743,829,326,561,601,282,1041,878,71,764,177,352,387,798,924,481,495,407,338,521,106,936,296,232,590,202,505,499,1465,385,568
795,513,462,637,1028,118,197,419,409,262,751,648,956,321,457,548,583,465,402,467,313,166,375,538,371,678,536,522,241,725,135,825,461,736,505,521,782,214,415,885,578,108,446,390,708,348,531,440,270,356,865,1251,957,694,229,515,503,384,609,378,823,457,437,559,401,426,747,834,328,568,602,285,1046,879,73,768,177,355,388,798,932,481,497,408,339,524,107,943,299,235,592,204,507,506,1470,385,573
796,516,463,641,1033,119,198,422,411,263,752,648,963,322,461,551,587,468,403,468,314,167,376,543,372,681,541,524,243,729,136,830,466,741,507,527,789,215,420,887,579,110,451,392,710,352,535,441,270,361,867,1254,960,696,230,519,505,389,612,379,827,457,439,560,402,429,750,836,328,570,604,287,1052,884,74,774,177,357,389,798,937,484,497,409,343,528,107,951,299,236,596,205,511,509,1475,387,576
797,517,464,641,1036,119,201,425,413,264,755,653,969,324,462,553,589,471,403,471,318,167,377,546,375,684,544,530,244,731,137,832,471,747,509,529,792,216,424,891,584,110,453,395,715,355,536,442,271,364,871,1260,967,697,232,523,507,390,615,381,829,461,444,564,403,432,758,842,330,571,611,287,1057,889,74,777,179,359,391,803,942,487,499,410,344,532,107,958,303,239,604,207,513,512,1486,387,578
798,518,466,646,1042,119,202,426,416,264,765,655,973,325,465,558,590,471,405,473,318,169,381,548,377,687,550,533,245,735,139,839,474,749,512,531,796,219,425,894,587,111,455,397,717,355,539,445,273,367,875,1269,969,703,232,526,509,394,616,384,832,466,448,565,406,434,761,848,333,571,614,288,1063,894,75,780,182,362,392,808,945,491,500,411,345,534,107,964,305,242,608,210,515,513,1495,388,581
799,521,468,654,1044,119,204,429,418,265,770,656,977,327,469,561,590,474,407,476,321,170,384,551,378,691,553,536,245,738,140,843,477,749,515,532,800,220,425,897,589,111,456,400,721,359,544,446,274,370,876,1273,979,707,232,529,511,397,619,384,834,471,451,570,409,436,762,852,336,575,617,288,1069,902,75,785,182,365,392,814,953,492,502,412,346,538,107,972,305,242,610,212,517,517,1502,390,584
800,525,474,657,1045,120,204,430,421,265,772,660,979,329,472,565,596,476,409,479,323,170,385,556,381,694,560,543,245,741,140,849,480,752,515,535,801,223,425,905,596,111,457,404,724,360,548,449,278,372,884,1278,984,709,234,532,516,398,623,385,840,473,453,572,411,438,766,853,340,580,621,293,1074,905,75,787,182,365,393,819,954,494,502,416,351,541,107,978,308,242,613,215,519,520,1509,391,587
801,528,475,661,1054,120,205,434,425,267,777,663,985,332,473,568,602,479,409,486,325,171,391,557,384,696,562,546,247,752,142,855,483,758,519,540,806,223,425,909,602,112,459,405,729,362,550,456,278,372,892,1284,988,715,234,535,521,404,630,385,842,476,458,573,418,443,770,857,341,584,624,295,1080,909,75,790,182,366,396,826,959,497,506,417,353,543,108,983,309,243,616,218,527,523,1514,394,587
802,530,477,662,1064,120,207,435,434,267,786,664,988,334,475,572,602,483,412,490,328,172,392,561,386,702,562,547,249,757,142,857,483,761,521,543,809,225,426,914,606,113,460,407,735,363,554,457,279,374,897,1288,993,720,236,537,527,408,634,388,844,480,459,578,423,445,775,859,345,585,629,298,1088,912,77,797,184,370,398,828,960,500,513,420,354,546,108,991,312,243,619,224,530,525,1516,395,590
803,537,478,666,1070,121,209,436,436,272,787,667,992,338,477,575,604,483,417,495,330,173,395,565,387,703,566,551,250,761,142,863,484,761,524,546,813,226,431,916,613,114,465,411,738,365,559,461,282,376,897,1294,1000,725,236,540,530,410,637,391,845,481,461,578,425,449,776,861,345,588,632,299,1096,916,77,797,185,374,399,832,966,501,516,422,354,549,108,995,313,243,623,226,530,529,1524,397,591
804,538,480,673,1075,121,212,440,441,272,792,670,993,344,480,580,606,484,418,497,330,177,399,566,388,708,569,553,253,770,142,864,488,767,526,547,819,227,434,919,615,115,466,411,742,368,560,464,282,378,904,1299,1006,727,237,540,532,410,639,392,848,483,466,583,427,450,778,864,345,591,633,301,1104,917,77,803,186,376,403,835,968,502,519,423,355,553,110,1000,314,245,624,227,533,533,1531,400,592
805,541,483,674,1078,122,213,443,445,273,797,672,1002,347,486,584,611,485,419,501,333,177,402,569,390,710,571,557,254,774,143,868,493,770,532,550,822,230,436,922,617,116,466,413,743,369,562,469,283,380,907,1301,1016,731,237,542,540,413,644,394,855,485,470,585,430,452,782,866,346,596,636,301,1111,927,77,806,188,379,404,844,974,504,526,424,358,557,111,1007,315,247,626,228,539,534,1538,400,594
806,542,485,676,1081,122,213,444,449,274,799,678,1006,350,488,592,614,487,420,505,336,177,403,569,392,713,574,560,255,776,143,872,496,773,533,553,826,230,440,925,623,116,472,415,748,370,562,473,288,384,911,1309,1020,732,238,543,540,418,646,397,860,487,476,592,434,455,787,867,347,598,641,302,1117,931,78,809,190,380,408,849,978,506,529,428,359,559,111,1014,318,249,628,230,540,537,1545,404,595
807,548,489,679,1087,122,217,448,449,275,802,680,1013,351,490,596,618,491,424,505,339,178,404,571,395,715,576,562,256,780,144,873,498,776,537,558,838,232,441,929,627,117,476,419,752,371,564,475,289,385,915,1321,1024,736,240,544,545,420,647,399,860,491,477,595,434,462,788,873,349,602,644,303,1121,937,78,811,190,382,409,851,986,508,532,429,361,562,111,1021,322,250,630,233,541,539,1557,408,596
808,549,489,687,1093,125,218,449,453,278,809,686,1018,352,496,599,620,495,425,508,344,178,407,571,396,718,578,563,256,785,147,875,500,778,539,560,842,233,441,933,629,117,479,420,755,374,567,478,292,387,918,1328,1027,739,245,545,545,422,652,400,864,494,480,596,436,463,792,875,350,605,648,304,1123,942,78,815,190,385,409,854,996,512,536,429,363,567,112,1026,325,252,634,234,542,540,1565,409,598
809,549,492,691,1102,126,223,451,457,283,814,688,1020,355,499,602,623,499,429,513,345,179,409,576,397,724,587,564,259,788,147,883,505,781,539,566,846,234,446,938,632,119,481,421,756,374,568,482,295,389,920,1333,1030,740,246,547,547,423,658,401,867,495,482,600,438,464,797,879,354,609,651,306,1124,945,79,820,191,389,413,857,1001,513,542,431,365,571,112,1027,329,253,636,236,544,544,1568,410,601
810,551,496,697,1109,126,224,452,460,284,815,692,1023,359,503,605,627,499,432,515,347,181,412,577,400,727,589,567,261,793,147,891,506,785,543,569,852,237,448,942,633,120,481,421,759,375,573,483,297,394,927,1340,1039,745,247,552,548,426,661,404,876,498,485,604,441,465,799,882,355,613,655,307,1128,953,81,820,191,393,418,861,1005,518,544,436,366,573,113,1028,332,254,639,238,547,549,1576,412,604
811,556,496,698,1113,126,224,452,460,284,821,693,1033,363,504,607,630,502,432,518,349,181,416,580,404,727,595,571,263,800,147,894,512,791,543,572,855,238,449,947,637,121,482,422,763,378,574,485,297,395,929,1349,1044,749,249,554,551,430,664,404,879,499,489,607,443,467,800,889,357,615,657,310,1133,955,82,822,192,393,421,865,1011,522,547,438,366,575,114,1033,334,258,642,241,553,552,1582,413,608
812,560,499,700,1118,127,224,458,464,287,827,695,1039,365,508,609,633,508,434,519,351,182,419,580,406,730,601,573,265,803,148,901,513,797,546,578,855,240,456,953,638,123,486,423,769,384,576,488,300,396,933,1352,1048,754,249,557,553,434,666,409,883,503,490,608,449,470,804,893,359,618,662,312,1140,961,82,829,192,397,426,865,1017,528,551,443,369,581,115,1038,334,258,645,241,554,555,1590,416,611
813,562,504,705,1122,130,226,459,468,289,828,697,1044,368,511,612,637,513,436,521,351,183,423,581,408,734,604,574,267,806,149,903,515,801,548,583,858,242,458,958,644,123,489,429,772,387,579,490,302,396,937,1358,1053,756,251,561,555,437,669,410,887,505,494,614,453,472,807,896,360,622,663,312,1143,965,82,832,193,397,429,867,1023,529,554,449,370,586,117,1041,335,259,648,243,562,561,1594,418,614
814,564,507,710,1126,131,229,463,470,289,829,698,1048,372,512,614,642,516,439,522,353,183,427,588,411,738,608,575,268,810,149,905,516,805,551,587,861,245,463,963,644,124,493,433,781,389,582,494,303,398,938,1362,1062,757,253,564,557,440,676,412,893,507,496,621,454,474,811,902,362,625,665,314,1150,971,82,834,194,401,432,873,1026,535,560,453,372,590,118,1042,339,262,657,244,564,563,1601,422,619
815,566,514,713,1130,132,230,467,472,292,835,705,1056,373,516,618,644,519,441,526,353,183,427,593,412,744,612,579,269,811,149,911,523,807,553,588,865,249,468,968,644,124,498,437,782,390,588,500,307,399,944,1368,1071,763,255,565,561,442,683,413,898,509,498,625,456,477,812,907,363,627,670,314,1156,977,82,836,195,403,438,877,1033,538,560,454,374,592,118,1049,339,264,660,246,568,568,1607,423,620
816,568,516,715,1134,133,230,470,473,294,837,708,1065,375,518,621,647,520,445,530,356,185,429,596,415,747,616,582,269,816,151,914,527,813,553,591,867,249,472,971,651,124,500,440,787,390,591,503,308,400,946,1376,1081,766,258,569,565,444,686,415,901,511,501,626,458,478,818,908,367,632,674,315,1165,984,82,841,196,406,440,881,1038,540,563,456,376,593,119,1052,341,265,663,248,574,569,1611,425,623
817,569,517,715,1138,133,231,471,477,295,840,711,1073,380,522,627,651,523,447,532,359,186,431,601,418,748,617,587,272,819,151,922,529,815,557,597,874,251,475,975,656,124,501,442,788,392,592,506,309,401,952,1385,1090,771,258,573,570,447,689,415,906,515,506,629,461,480,824,910,369,636,678,316,1171,992,83,846,197,406,445,884,1043,541,570,457,378,596,120,1057,344,268,666,250,579,571,1622,428,627
818,573,519,718,1142,134,231,476,480,295,841,716,1078,381,523,631,657,525,450,536,360,187,434,603,419,754,620,591,272,822,151,927,531,818,558,599,875,251,480,978,661,125,502,444,790,394,597,507,309,403,954,1390,1100,779,258,574,574,451,692,419,908,521,509,633,461,483,828,916,371,641,684,317,1174,999,83,848,197,407,447,889,1055,542,578,461,380,599,123,1065,346,268,669,252,581,571,1628,433,628
819,575,520,723,1148,135,232,480,482,295,843,720,1084,383,526,633,660,528,451,537,364,188,435,607,425,756,622,593,274,825,151,933,535,824,563,602,877,251,480,985,662,125,505,444,798,395,601,508,313,404,958,1391,1104,781,260,577,578,454,695,422,915,526,512,634,462,483,830,919,373,644,687,319,1181,999,83,850,200,408,450,891,1058,547,580,462,384,605,123,1068,346,268,671,253,586,573,1635,437,629
820,578,526,727,1153,135,233,483,487,297,846,722,1093,387,527,639,665,531,456,540,364,188,437,609,426,759,625,596,275,828,151,938,540,831,564,606,881,254,482,991,664,126,508,449,803,399,606,508,313,404,960,1394,1106,784,260,578,582,456,700,425,918,529,512,637,463,485,835,924,374,647,689,321,1189,1002,83,852,201,410,453,897,1064,552,582,465,389,608,123,1077,348,270,671,253,589,574,1644,439,631
821,580,529,730,1159,135,233,484,490,297,850,723,1105,389,530,639,668,535,457,543,366,189,439,612,428,761,627,599,276,834,152,940,544,832,564,609,883,255,487,994,665,126,510,449,806,399,609,510,314,407,963,1403,1112,788,261,583,582,458,705,426,923,531,513,640,465,486,838,932,377,650,690,324,1195,1002,84,857,203,416,457,902,1075,557,585,466,391,611,124,1080,350,273,673,256,593,574,1657,443,637
822,582,534,736,1164,135,233,491,491,301,852,729,1111,392,537,644,671,536,459,544,368,190,440,613,431,767,631,603,277,836,153,948,548,834,568,615,887,257,488,996,668,127,510,454,813,404,610,517,317,409,967,1408,1121,792,262,586,584,462,708,428,930,535,518,642,469,489,842,933,378,651,696,325,1202,1008,85,861,205,417,461,905,1083,558,587,472,392,614,124,1090,350,275,677,258,597,576,1663,444,638
823,583,535,739,1171,136,235,495,493,302,859,733,1116,395,540,646,675,538,462,546,370,190,441,613,433,774,633,606,278,843,155,952,552,838,571,616,891,260,490,998,670,128,511,456,815,404,613,517,319,409,971,1415,1124,793,262,590,587,465,711,430,935,537,522,647,470,493,845,935,379,655,698,329,1205,1014,88,867,206,420,464,907,1089,561,590,474,394,619,124,1092,353,276,680,258,598,578,1670,450,640
824,588,539,745,1173,137,238,497,495,303,862,738,1120,397,542,648,681,541,466,549,371,191,445,616,436,779,638,611,278,844,157,956,553,840,571,625,893,263,490,1003,674,129,515,459,820,405,614,522,321,417,972,1419,1130,795,263,595,594,471,717,435,938,540,523,650,474,497,847,938,381,660,700,335,1211,1020,89,874,206,422,464,910,1096,566,594,477,397,623,124,1097,359,281,684,258,599,579,1676,453,643
825,590,543,749,1177,139,239,499,502,303,870,740,1128,399,545,649,683,543,467,553,371,195,449,617,440,780,643,614,278,844,157,963,554,844,573,626,896,263,491,1007,676,129,517,461,823,407,619,523,322,419,976,1426,1135,796,264,596,598,473,723,437,943,542,527,652,475,498,850,945,383,662,705,337,1216,1028,90,875,206,424,468,911,1101,568,596,480,397,627,125,1104,362,283,688,259,601,582,1685,455,646
826,590,547,753,1183,139,239,504,504,306,874,748,1131,402,547,656,690,545,471,555,374,196,451,624,443,786,646,620,279,847,158,967,559,848,577,627,902,264,493,1009,679,130,519,462,829,409,622,527,324,420,979,1431,1143,800,265,602,599,474,728,441,945,546,530,656,477,499,855,955,387,666,711,337,1221,1035,90,877,207,425,470,913,1106,569,598,482,399,628,126,1110,369,286,692,259,607,584,1688,456,651
827,592,551,757,1187,140,239,507,506,311,879,751,1138,405,550,664,693,551,474,557,376,196,453,626,443,788,648,622,279,851,159,968,559,852,581,633,908,264,493,1011,684,132,521,464,833,411,625,528,324,421,987,1440,1146,801,265,608,600,476,730,443,948,549,532,658,480,501,860,958,389,668,714,339,1229,1040,90,882,210,426,471,918,1111,575,599,484,401,631,126,1114,370,287,694,264,607,589,1698,457,655
828,597,553,764,1192,140,239,510,509,314,885,752,1143,408,550,668,697,553,477,559,377,196,457,631,445,789,653,622,280,856,164,973,562,854,583,635,917,270,496,1014,684,133,527,468,834,414,628,533,324,422,991,1445,1151,804,268,610,605,482,736,446,957,551,534,662,482,506,862,964,391,671,717,342,1231,1047,90,885,212,427,472,923,1115,582,600,487,404,634,126,1118,374,289,695,266,612,590,1706,460,657
829,598,556,767,1198,144,241,512,512,316,885,753,1150,409,555,670,700,555,485,561,379,197,460,632,447,795,654,625,282,861,167,978,564,862,584,636,919,272,499,1023,687,134,533,471,838,418,630,537,325,424,994,1447,1160,807,268,611,606,487,739,449,965,557,538,663,484,510,866,970,395,672,721,343,1236,1057,90,888,214,428,474,925,1118,584,601,489,408,639,126,1124,379,290,702,270,617,592,1715,464,660
830,600,558,769,1202,144,242,516,516,320,887,754,1155,410,558,672,703,561,487,562,381,197,464,636,450,801,655,626,282,868,170,987,569,866,587,643,926,272,500,1026,688,134,537,478,841,419,633,540,327,429,1000,1458,1162,812,268,616,606,488,744,453,969,558,543,668,489,512,869,972,396,676,724,346,1242,1062,90,902,216,431,475,925,1123,588,607,493,410,643,126,1129,380,290,706,270,619,597,1718,465,663
831,603,560,773,1206,144,245,520,517,321,890,760,1164,412,562,672,711,562,492,569,382,197,469,637,453,803,657,630,284,870,170,992,571,868,594,645,932,274,502,1031,696,135,540,482,842,422,634,545,328,435,1002,1467,1168,817,270,617,612,489,745,455,970,562,545,670,495,515,873,979,400,682,727,348,1251,1066,90,908,217,436,475,928,1126,591,610,494,413,647,126,1133,382,291,711,272,621,600,1720,470,668
832,606,562,774,1212,145,247,523,518,323,891,761,1168,414,563,672,717,565,494,572,383,197,470,638,454,808,659,635,286,873,170,994,571,873,598,646,937,277,508,1035,702,135,544,486,845,425,638,548,329,438,1007,1472,1174,819,271,620,616,491,749,455,972,565,548,671,499,519,876,985,402,684,729,348,1256,1071,90,909,217,438,477,931,1128,593,615,498,415,650,126,1136,386,291,712,272,623,602,1724,471,671
833,607,564,783,1219,147,248,527,524,323,892,766,1174,417,567,676,720,568,496,575,384,199,473,643,458,811,663,641,287,876,171,1000,575,879,604,651,943,277,510,1041,704,135,547,487,850,426,640,552,330,442,1011,1479,1178,823,272,623,620,497,752,460,980,568,552,675,503,520,880,989,407,689,731,348,1262,1075,90,913,218,439,478,933,1131,596,619,499,416,653,126,1143,390,294,712,273,628,607,1728,473,675
834,609,566,790,1225,148,250,528,527,326,897,771,1180,419,568,681,723,571,502,577,388,201,475,647,458,817,667,645,289,882,172,1004,578,883,607,655,947,277,513,1044,706,135,548,488,855,427,646,554,332,444,1019,1480,1184,829,274,627,623,499,757,465,982,570,554,677,505,521,881,992,409,693,735,348,1270,1081,90,918,218,440,480,935,1136,601,620,503,417,658,127,1150,391,294,720,275,633,610,1735,476,682
835,614,569,802,1229,149,251,531,531,326,898,773,1186,420,576,684,724,574,507,581,391,204,477,649,460,818,669,650,290,889,173,1010,580,890,610,658,951,279,518,1050,710,136,549,489,858,428,649,556,332,445,1025,1487,1187,831,274,629,626,504,761,466,986,573,559,681,508,526,884,996,409,698,738,349,1281,1086,90,925,218,441,484,939,1144,605,622,505,419,661,129,1153,394,296,723,276,637,613,1740,478,688
836,616,572,803,1233,150,252,533,534,328,900,774,1190,421,578,692,728,575,512,584,393,205,478,652,463,821,672,654,292,891,175,1012,582,894,617,660,955,281,520,1054,712,136,552,493,865,432,650,557,332,445,1033,1493,1196,834,275,631,628,509,765,468,991,574,561,685,509,527,886,999,411,700,739,350,1285,1092,90,931,218,446,485,942,1150,607,624,509,419,667,131,1155,400,298,725,279,639,614,1746,479,692
837,621,575,806,1239,151,255,542,536,331,906,779,1191,424,580,694,732,581,517,587,395,206,479,657,464,827,676,655,294,894,175,1012,586,896,619,666,960,285,522,1062,716,136,555,495,866,433,654,559,334,446,1038,1500,1202,837,278,634,629,514,769,472,993,576,564,687,512,529,889,1001,412,706,743,351,1288,1099,91,935,218,448,489,944,1154,611,629,511,420,668,132,1159,400,299,730,280,642,618,1755,483,696
838,623,578,814,1242,151,257,544,540,332,911,781,1199,425,583,698,734,584,519,590,402,209,481,660,464,834,680,658,296,898,175,1016,591,900,622,671,964,285,523,1066,718,136,563,496,872,435,658,561,335,449,1042,1510,1207,841,278,638,632,516,770,473,995,576,566,691,514,533,894,1005,414,706,746,351,1298,1104,91,941,219,451,490,950,1160,613,634,512,422,670,132,1163,402,301,735,282,646,621,1767,487,701
839,626,579,820,1245,152,258,546,548,334,915,782,1203,427,588,701,738,586,519,591,406,209,483,664,466,838,682,661,300,902,176,1025,594,905,626,673,972,288,527,1072,723,138,569,500,879,438,660,564,337,450,1042,1515,1213,845,280,642,636,517,772,478,1000,580,570,694,517,534,899,1011,416,707,749,353,1306,1104,91,943,219,453,492,954,1172,616,639,515,424,673,132,1168,404,301,737,282,650,625,1777,489,706
840,627,581,825,1249,153,258,549,553,335,916,782,1205,427,593,702,740,589,519,594,410,209,484,668,467,840,688,662,302,905,176,1031,597,909,631,679,978,289,527,1077,726,139,573,501,882,441,665,567,338,451,1047,1522,1219,847,280,644,640,521,777,481,1004,584,573,699,522,536,904,1017,419,712,752,358,1316,1109,91,944,220,456,498,956,1180,620,640,519,429,674,132,1173,405,304,743,282,653,627,1779,491,708
841,629,584,826,1251,154,261,550,554,337,921,784,1207,428,598,706,746,590,520,595,413,211,487,670,469,842,693,664,303,909,177,1037,599,911,635,688,984,290,529,1080,733,139,576,504,887,442,667,569,341,454,1052,1528,1225,850,282,645,643,525,782,482,1009,587,578,702,528,536,912,1019,422,716,761,359,1323,1114,91,951,223,457,501,959,1187,625,643,522,430,677,132,1176,406,305,745,284,655,629,1786,495,711
842,629,584,831,1255,156,262,557,554,338,925,789,1213,430,601,709,748,593,524,596,413,212,488,671,470,847,698,668,305,911,179,1041,602,916,638,689,990,293,531,1084,738,141,580,506,890,443,669,570,342,455,1058,1535,1234,853,286,649,646,528,789,483,1014,589,581,703,528,538,913,1024,422,718,762,361,1325,1121,91,955,224,459,506,963,1189,625,648,523,433,679,132,1184,407,307,750,285,657,631,1790,498,714
843,632,586,832,1261,156,262,559,556,340,928,794,1219,434,602,712,751,594,526,598,417,213,493,673,471,851,702,672,306,917,180,1046,607,920,640,693,994,294,533,1092,739,141,582,510,894,444,672,574,344,456,1065,1540,1241,856,286,652,652,529,796,484,1015,592,582,705,530,542,914,1028,425,722,767,362,1331,1125,91,959,225,460,506,968,1195,627,652,523,435,679,132,1188,408,307,753,288,657,638,1797,499,719
844,637,590,832,1267,157,265,564,560,340,934,797,1220,436,603,717,753,595,527,603,417,214,496,677,472,854,703,674,309,924,181,1052,613,922,641,696,994,298,536,1095,740,141,582,512,898,447,675,576,347,459,1068,1548,1247,857,288,654,659,533,802,485,1017,594,585,707,531,545,916,1032,428,726,771,362,1335,1127,91,965,225,460,507,969,1200,633,652,527,437,684,133,1196,411,309,761,289,664,646,1803,504,724
845,640,592,834,1273,159,267,567,563,344,934,800,1224,440,605,719,757,597,529,607,419,217,498,681,473,862,704,678,313,929,183,1055,624,927,643,700,999,300,539,1099,744,141,587,516,900,448,677,577,347,461,1078,1555,1254,859,288,661,663,536,804,486,1022,598,587,709,533,548,919,1035,430,730,774,363,1343,1131,93,970,226,463,507,975,1207,634,659,532,440,688,133,1207,411,310,764,292,671,647,1809,508,728
846,641,596,839,1276,160,268,569,567,345,937,806,1229,444,606,723,762,600,531,607,422,217,499,686,479,864,713,681,314,936,183,1061,626,932,643,704,1003,300,539,1104,746,141,590,517,903,450,682,583,348,463,1089,1559,1257,861,288,665,664,541,808,488,1024,602,590,713,539,550,926,1040,432,736,777,366,1348,1137,94,974,227,466,509,976,1212,639,661,537,441,690,133,1216,414,310,765,295,675,650,1812,510,735
847,641,600,845,1287,160,271,570,571,346,945,812,1235,446,609,728,764,602,534,610,424,217,505,688,482,868,714,688,315,937,183,1066,630,935,647,707,1005,301,541,1108,750,141,594,518,906,451,685,586,348,465,1095,1562,1263,861,289,669,669,544,814,490,1027,606,593,717,540,553,930,1042,433,737,782,369,1352,1140,96,978,228,468,510,977,1217,640,664,537,442,691,133,1217,417,312,769,296,680,652,1817,516,741
848,648,603,846,1291,160,273,576,573,349,951,814,1245,446,609,732,766,605,537,613,428,217,509,693,483,871,717,694,316,941,185,1068,632,938,650,712,1015,305,545,1112,755,142,596,518,908,451,688,591,355,467,1103,1572,1266,867,290,672,674,544,817,499,1033,609,593,723,543,556,934,1045,436,740,785,372,1353,1145,96,980,229,472,511,981,1221,642,667,537,442,694,134,1221,417,315,774,298,683,654,1823,522,747
849,650,605,846,1305,161,273,580,574,352,958,817,1250,449,611,737,769,611,540,616,429,217,511,695,485,874,718,696,318,946,188,1073,635,942,653,716,1019,312,550,1122,763,143,599,520,911,456,696,593,355,470,1110,1576,1269,874,290,673,677,546,820,500,1039,610,593,728,547,558,939,1050,440,740,790,374,1356,1151,96,982,230,476,513,987,1221,643,669,538,447,697,134,1228,418,318,780,302,684,655,1832,525,749
850,652,610,851,1308,161,275,581,575,352,962,821,1253,451,616,742,770,617,541,616,434,218,513,700,488,878,723,700,320,947,190,1079,636,945,657,718,1020,317,552,1129,766,143,600,525,912,457,699,598,357,472,1116,1586,1279,879,292,676,679,548,824,504,1044,613,596,730,551,563,941,1053,441,742,796,377,1362,1154,97,987,235,477,514,989,1224,644,676,542,451,704,134,1235,422,320,782,304,690,659,1838,530,754
851,653,612,854,1315,161,276,584,580,354,966,822,1260,454,621,745,772,621,545,620,436,219,514,705,492,885,728,702,323,952,190,1089,641,950,662,719,1026,318,553,1133,771,145,602,529,917,461,704,605,360,472,1120,1593,1286,881,294,677,681,550,827,504,1046,616,597,734,553,564,943,1060,444,746,800,380,1367,1156,97,994,235,477,520,992,1229,648,680,547,452,707,135,1236,423,322,786,305,697,661,1846,534,758
852,657,613,858,1319,162,276,585,583,356,970,825,1264,456,626,751,772,622,549,622,442,219,520,710,496,891,731,704,325,960,191,1092,645,956,662,727,1029,321,556,1137,774,146,605,535,923,463,708,611,363,473,1124,1600,1294,888,296,677,685,551,832,507,1050,620,603,735,556,567,948,1062,446,748,801,382,1374,1158,97,996,235,481,524,997,1234,650,685,548,453,712,136,1240,425,322,791,308,701,662,1855,537,758
853,662,618,862,1326,162,278,587,586,361,972,831,1266,458,627,757,773,626,552,626,444,219,521,713,502,894,733,707,328,965,191,1093,645,959,665,730,1032,323,558,1140,779,146,607,538,926,466,713,614,366,473,1127,1606,1296,894,297,677,690,553,839,509,1052,622,605,738,557,570,952,1064,448,754,807,384,1378,1160,97,1002,237,486,525,1005,1237,653,689,548,453,715,137,1250,431,323,798,311,701,665,1863,538,761
854,664,624,864,1335,163,280,592,587,364,979,834,1272,463,631,760,775,628,556,632,447,220,525,716,505,899,738,712,332,967,191,1095,645,963,671,731,1037,324,560,1145,783,148,610,540,929,469,715,616,369,476,1135,1615,1307,899,301,680,693,556,840,511,1056,630,607,740,562,574,955,1068,452,759,811,386,1381,1165,98,1004,237,491,526,1009,1239,655,695,551,455,719,138,1254,431,323,799,314,702,669,1872,545,767
855,668,632,865,1337,163,282,595,590,368,986,837,1273,465,634,762,777,632,559,633,449,223,526,719,508,906,745,712,334,970,191,1102,645,969,677,734,1042,324,560,1150,786,148,616,544,934,475,718,617,369,479,1140,1623,1321,902,302,686,699,560,845,513,1063,632,610,745,565,579,965,1073,454,762,815,389,1386,1169,99,1009,238,492,530,1018,1245,657,700,557,459,721,138,1257,433,326,806,318,706,672,1876,547,772
856,672,634,869,1340,164,282,598,595,371,990,840,1276,466,635,766,782,634,563,635,452,224,531,724,510,909,749,715,336,975,191,1103,645,978,680,738,1050,327,566,1152,789,150,621,548,936,476,718,619,372,481,1143,1628,1325,905,302,694,701,563,851,519,1069,635,615,749,568,579,971,1081,456,769,819,389,1393,1179,99,1011,238,495,531,1025,1251,663,704,561,463,730,139,1260,435,331,808,320,708,677,1883,549,774
857,673,638,875,1345,164,287,601,598,372,994,841,1281,469,637,772,787,639,568,636,452,225,533,728,514,913,756,718,338,980,194,1108,647,986,685,743,1054,327,569,1157,792,152,623,551,940,481,722,625,373,484,1151,1630,1329,910,303,696,703,564,853,521,1078,636,618,754,571,581,974,1088,458,772,826,390,1395,1187,100,1020,238,496,536,1027,1256,667,712,562,467,734,140,1268,440,333,809,322,710,679,1893,555,781
858,676,641,880,1351,165,288,604,601,374,1000,848,1287,471,639,775,795,642,573,638,455,226,534,731,515,917,763,722,339,982,194,1115,654,995,687,750,1058,329,570,1163,796,153,629,556,942,483,723,630,376,487,1155,1635,1334,917,304,700,708,566,856,522,1082,640,624,758,573,584,977,1094,460,773,831,393,1403,1191,101,1023,238,499,539,1037,1257,672,717,565,469,737,140,1270,443,333,814,324,714,685,1903,559,783
859,677,644,882,1355,166,290,606,603,375,1002,852,1290,476,643,781,799,646,574,642,455,227,538,732,516,922,767,727,340,987,196,1118,655,1002,692,754,1063,330,572,1169,798,153,631,558,946,486,724,635,376,490,1161,1644,1339,926,304,702,712,568,860,524,1093,640,626,763,577,588,979,1097,463,779,832,398,1406,1193,102,1026,239,501,542,1043,1264,675,721,566,469,739,141,1272,445,334,820,325,716,690,1920,561,785
860,683,650,887,1362,167,294,610,608,375,1007,856,1294,477,646,782,803,653,576,645,456,229,545,735,519,929,769,733,342,988,197,1123,659,1008,695,758,1069,332,576,1175,800,153,633,561,949,491,724,638,378,492,1162,1651,1343,929,307,707,716,569,862,526,1096,642,628,768,579,590,981,1102,464,781,836,402,1411,1196,103,1031,239,506,545,1046,1274,678,725,572,471,747,141,1276,450,335,822,327,720,695,1925,562,787
861,688,654,893,1366,171,298,617,612,376,1011,862,1298,478,648,783,804,658,579,651,457,231,548,737,521,935,774,739,344,994,199,1131,660,1012,698,760,1074,336,579,1184,804,155,636,562,958,496,730,642,384,495,1170,1657,1351,936,309,712,719,569,865,527,1098,642,629,776,582,593,984,1109,464,782,840,404,1417,1202,103,1039,244,510,551,1051,1277,680,731,574,475,750,141,1283,454,338,826,328,723,695,1935,567,789
862,691,656,896,1368,172,300,619,614,379,1019,867,1306,481,651,785,807,664,584,656,462,231,551,740,523,938,776,744,344,998,199,1136,664,1017,698,768,1080,338,582,1192,808,155,641,565,963,498,735,647,385,496,1170,1660,1356,945,309,715,720,572,869,529,1103,646,632,781,588,595,990,1114,467,789,842,406,1422,1207,105,1044,248,511,554,1058,1281,682,732,579,478,754,141,1293,457,338,828,332,725,696,1943,568,792
863,696,658,899,1370,174,305,619,618,381,1024,872,1313,485,653,791,809,669,587,658,464,232,554,744,527,940,779,749,345,1000,199,1141,666,1020,702,773,1089,339,584,1197,813,155,643,567,967,501,739,655,387,498,1176,1668,1366,953,311,721,723,575,874,531,1107,651,635,783,589,600,995,1119,470,790,842,407,1427,1212,105,1053,248,513,556,1061,1284,682,734,583,479,754,141,1295,460,338,831,336,731,697,1951,571,795
864,700,662,905,1373,175,308,621,621,382,1031,876,1321,487,656,794,812,672,592,663,466,233,560,745,529,942,787,755,347,1005,200,1148,670,1023,705,776,1092,342,585,1202,819,155,645,571,981,501,743,659,388,501,1181,1675,1373,960,312,726,725,577,877,532,1109,652,639,786,591,605,1002,1120,472,791,847,412,1434,1221,105,1058,249,515,561,1072,1291,684,737,586,480,757,142,1299,461,340,836,338,736,703,1958,576,801
865,705,665,908,1377,175,311,630,624,385,1035,881,1325,487,661,797,816,677,599,666,472,233,563,749,529,944,788,761,349,1011,203,1149,672,1027,709,783,1096,343,586,1211,826,156,647,573,984,503,745,660,389,501,1188,1684,1380,966,313,731,726,582,880,534,1112,654,641,788,598,607,1009,1121,473,793,855,416,1437,1223,105,1068,250,517,562,1074,1297,688,739,589,481,760,142,1308,463,342,842,340,738,706,1969,577,805
866,708,666,910,1382,176,312,634,624,388,1036,887,1331,488,666,799,819,681,601,671,476,233,564,756,531,947,794,765,352,1013,203,1153,676,1030,711,785,1100,343,589,1214,833,157,652,576,989,505,749,662,392,504,1192,1691,1385,972,314,735,729,583,882,539,1116,657,646,791,605,613,1020,1125,475,798,856,419,1443,1227,106,1074,251,520,565,1076,1302,690,744,591,486,763,142,1312,468,346,846,342,740,709,1981,579,810
867,709,675,913,1387,177,312,637,627,390,1040,894,1332,493,670,803,825,683,605,673,477,234,564,756,535,951,799,769,353,1016,204,1158,678,1038,718,793,1103,343,593,1215,836,157,655,578,993,508,751,665,394,507,1199,1696,1393,977,314,738,730,587,887,541,1120,658,649,793,609,613,1026,1136,477,801,859,421,1449,1236,106,1077,251,525,569,1081,1306,695,748,595,488,769,145,1322,470,347,851,347,744,713,1991,580,812
868,712,676,914,1391,179,313,638,632,394,1045,897,1338,498,673,807,827,684,611,676,481,235,570,760,538,955,804,772,357,1020,205,1164,682,1046,722,799,1109,345,597,1220,841,157,660,581,1000,510,756,668,397,509,1206,1704,1397,981,315,741,738,589,892,545,1132,660,651,800,612,616,1031,1141,478,804,863,422,1452,1247,107,1083,252,528,570,1085,1311,696,753,597,489,771,147,1327,473,349,853,350,746,714,1999,583,814
869,718,680,914,1395,181,315,641,635,394,1051,898,1346,501,678,811,828,688,611,678,482,237,572,764,539,960,807,778,359,1024,205,1171,684,1049,727,803,1112,345,599,1224,844,157,667,582,1004,513,758,672,400,509,1214,1710,1402,988,315,750,739,593,895,549,1139,661,653,803,614,618,1033,1146,483,809,865,425,1461,1254,107,1086,255,533,572,1093,1319,698,755,599,489,777,147,1331,477,351,855,352,754,718,2006,585,814
870,720,685,922,1396,183,316,645,638,397,1054,901,1351,505,687,815,832,690,613,682,484,238,574,767,542,968,811,782,363,1027,207,1179,690,1054,727,806,1113,348,605,1226,848,157,669,585,1009,520,763,673,400,512,1219,1719,1406,992,315,755,744,595,900,552,1139,666,656,806,619,620,1038,1147,486,812,869,426,1472,1257,107,1089,256,534,575,1098,1326,702,757,601,492,780,149,1336,482,351,862,355,756,720,2011,588,817
871,720,689,928,1400,183,318,648,640,402,1063,905,1362,508,694,819,836,691,616,687,484,240,575,770,550,974,814,786,366,1030,207,1183,694,1057,731,806,1116,348,607,1228,854,157,673,587,1011,522,769,676,401,516,1222,1727,1414,996,317,762,746,598,908,557,1147,667,661,808,623,622,1043,1154,487,815,871,429,1482,1263,109,1097,259,539,579,1103,1333,704,761,604,494,782,149,1339,484,353,869,355,759,721,2019,594,818
872,722,696,932,1404,185,320,651,642,402,1068,910,1370,510,699,822,838,692,619,693,487,241,576,775,554,977,818,789,366,1038,210,1191,696,1066,733,808,1121,349,610,1237,860,157,674,589,1015,525,771,678,402,520,1225,1733,1419,1002,317,765,749,605,912,558,1150,671,667,813,624,624,1046,1162,491,819,874,431,1486,1268,109,1104,260,542,580,1110,1338,711,761,607,502,787,150,1341,485,355,876,356,760,723,2029,599,823
873,730,699,935,1406,188,321,654,644,402,1071,910,1376,512,703,827,844,695,623,697,489,242,584,778,559,980,823,794,369,1040,210,1196,702,1069,737,811,1125,351,612,1240,862,157,677,592,1017,527,776,680,407,521,1228,1738,1428,1011,317,769,754,608,921,560,1155,677,669,817,627,628,1053,1167,495,822,875,435,1492,1276,109,1106,262,544,585,1115,1348,713,770,610,503,788,151,1348,486,355,882,359,765,727,2039,601,826
874,735,704,941,1415,189,322,657,647,409,1074,915,1381,514,705,830,849,702,630,702,490,243,588,782,563,986,827,795,370,1042,212,1200,706,1075,743,818,1127,352,616,1243,867,157,680,594,1021,529,782,682,412,524,1232,1744,1432,1016,318,773,757,610,927,564,1157,679,673,822,630,634,1056,1171,498,827,877,436,1496,1283,110,1112,263,547,587,1122,1355,715,774,611,505,792,152,1354,489,361,883,360,772,732,2041,608,830
875,738,706,942,1420,189,324,660,650,411,1077,918,1385,516,711,834,855,705,633,706,491,245,589,785,563,990,829,796,372,1046,214,1203,707,1082,746,824,1133,355,619,1250,869,157,681,600,1025,534,790,686,416,528,1235,1754,1436,1019,319,774,761,615,931,567,1164,682,676,825,635,637,1060,1175,498,829,880,439,1501,1287,110,1119,266,552,589,1127,1360,716,779,613,509,799,153,1361,492,363,887,361,781,733,2047,610,832
876,741,712,947,1427,190,324,663,651,415,1080,920,1391,518,714,838,861,711,636,707,492,246,589,791,565,990,836,802,373,1053,215,1206,710,1084,754,827,1139,355,625,1255,873,157,684,606,1032,537,791,688,416,529,1237,1761,1438,1028,320,778,763,621,935,569,1169,687,677,826,636,645,1061,1179,503,833,886,443,1506,1294,111,1124,267,557,593,1133,1364,720,786,615,512,802,155,1366,494,363,888,362,784,733,2060,611,833
877,743,717,953,1434,190,327,667,654,416,1084,928,1402,522,719,843,868,716,639,710,495,248,592,794,570,1003,839,807,374,1056,217,1207,711,1089,760,828,1141,358,630,1262,875,157,685,612,1034,540,792,690,417,536,1242,1768,1444,1033,322,780,768,625,942,572,1174,692,681,829,640,645,1065,1186,506,839,892,446,1511,1298,111,1130,267,558,594,1142,1367,723,788,617,514,804,156,1369,497,365,891,362,785,736,2073,614,839
878,745,722,958,1441,191,327,672,655,419,1087,934,1405,530,722,849,870,723,642,717,499,249,594,800,574,1007,840,811,376,1063,218,1209,714,1092,763,829,1145,361,634,1265,881,159,687,613,1037,543,795,691,419,537,1244,1772,1451,1038,323,784,770,628,947,575,1182,695,685,831,643,649,1072,1195,507,844,894,451,1519,1305,112,1137,268,560,601,1149,1372,726,789,622,518,812,157,1372,498,367,895,366,786,738,2077,617,844
879,748,725,960,1448,191,329,672,657,421,1093,939,1410,532,724,856,874,727,645,718,499,251,598,804,576,1012,843,816,377,1068,219,1211,720,1094,766,834,1148,364,635,1267,886,162,689,616,1040,545,798,694,421,539,1250,1778,1463,1040,323,787,778,634,951,579,1187,697,689,835,646,649,1079,1203,509,850,896,455,1523,1307,114,1142,269,561,604,1152,1380,731,797,624,519,816,157,1379,508,370,899,371,790,740,2081,619,848
880,753,727,961,1451,193,330,676,660,425,1096,944,1412,535,726,861,880,731,648,720,501,252,599,806,582,1015,844,820,377,1077,219,1213,725,1097,770,838,1157,366,636,1272,891,163,692,618,1042,546,803,696,425,541,1253,1784,1469,1043,324,793,782,637,960,582,1195,700,693,840,649,653,1082,1210,512,854,899,458,1527,1312,114,1152,272,567,607,1160,1382,735,801,627,520,821,157,1391,511,371,904,374,795,742,2087,623,851
881,761,729,965,1456,193,333,677,665,429,1101,947,1418,539,731,867,882,737,649,724,503,252,602,814,586,1019,850,822,382,1085,220,1227,728,1102,775,844,1162,366,638,1275,895,166,695,621,1049,549,807,697,428,545,1261,1792,1477,1051,324,797,785,646,963,586,1201,703,696,844,652,654,1089,1216,514,859,902,459,1532,1317,114,1155,274,572,611,1164,1384,737,805,627,524,827,158,1399,514,374,910,377,800,743,2096,625,854
882,767,734,972,1460,194,334,681,668,435,1103,950,1424,542,736,872,884,741,655,728,507,252,604,815,588,1022,851,826,385,1088,220,1230,735,1106,778,850,1168,368,641,1279,898,167,699,624,1055,550,811,700,429,550,1264,1802,1483,1056,325,801,790,650,973,588,1206,706,704,847,654,654,1092,1218,519,862,906,462,1538,1325,115,1162,274,575,614,1169,1391,741,815,629,526,833,158,1405,516,376,917,379,804,750,2103,629,860
883,770,739,975,1463,197,334,685,670,439,1106,957,1429,544,741,876,887,746,656,738,509,253,607,823,596,1025,854,828,392,1091,221,1234,739,1107,782,856,1174,371,649,1282,905,167,703,626,1059,552,812,705,432,552,1268,1812,1491,1059,325,804,793,653,981,590,1216,711,706,858,660,661,1093,1223,521,867,909,466,1543,1331,117,1166,276,578,618,1174,1398,744,815,633,530,838,160,1413,517,378,925,382,808,754,2110,631,865
884,773,741,978,1470,198,334,686,673,439,1106,962,1433,547,746,880,890,752,658,743,512,254,612,825,597,1031,860,831,393,1098,221,1241,746,1113,793,857,1179,372,653,1287,910,169,707,627,1066,553,818,708,433,557,1274,1817,1499,1062,326,809,799,655,990,591,1221,716,709,861,662,666,1096,1229,525,870,914,468,1546,1338,117,1169,278,580,624,1178,1404,746,821,639,535,841,160,1416,519,380,932,384,811,757,2116,633,868
885,777,745,986,1481,199,335,688,675,440,1109,966,1443,549,749,885,893,758,660,749,514,254,615,828,599,1035,867,833,396,1106,223,1247,752,1118,796,860,1184,373,660,1293,914,169,712,630,1071,557,826,710,433,558,1281,1821,1501,1064,327,812,804,658,995,593,1227,716,716,866,668,670,1099,1232,529,875,915,469,1554,1342,117,1173,282,583,625,1184,1414,749,825,642,537,844,162,1425,524,383,935,385,813,758,2125,638,869
886,781,751,994,1489,202,336,691,675,443,1115,975,1445,550,755,890,894,760,664,749,515,255,622,834,599,1038,874,836,399,1112,224,1249,756,1123,798,862,1193,377,661,1297,921,171,720,632,1075,557,828,715,435,560,1290,1833,1506,1070,328,814,810,661,1000,600,1231,719,722,869,670,674,1101,1238,532,880,922,470,1561,1349,117,1176,283,587,626,1185,1416,752,829,646,540,848,164,1432,529,385,939,386,815,763,2134,642,873
887,781,754,1000,1495,204,339,694,681,448,1119,982,1451,551,760,896,899,762,666,756,517,258,625,836,603,1039,877,841,401,1116,225,1254,761,1128,802,865,1197,380,664,1303,924,172,724,635,1080,563,835,720,440,561,1294,1843,1512,1075,330,818,819,663,1002,601,1236,727,727,873,674,678,1105,1241,537,882,928,470,1571,1353,118,1184,286,590,632,1192,1422,755,832,647,543,849,165,1435,533,388,949,387,817,767,2143,646,876
888,782,759,1007,1497,205,342,699,684,449,1123,984,1458,554,760,899,902,767,668,762,517,258,630,840,605,1041,882,845,403,1123,225,1259,767,1138,807,874,1203,384,669,1307,929,174,728,638,1084,567,836,722,442,563,1297,1847,1519,1079,331,819,821,668,1009,602,1239,729,732,875,676,681,1110,1250,540,888,931,471,1580,1357,119,1187,288,594,636,1199,1425,759,834,650,546,852,168,1437,536,391,951,389,822,771,2156,648,880
889,784,763,1010,1503,206,342,702,691,450,1135,988,1465,558,766,900,909,771,670,764,518,259,636,842,607,1044,885,847,406,1126,227,1265,774,1146,813,878,1210,385,673,1310,931,175,731,644,1090,570,842,723,446,565,1303,1853,1524,1084,333,823,826,671,1013,608,1242,734,734,879,681,685,1117,1257,548,892,936,472,1591,1363,119,1189,288,599,636,1200,1432,765,837,654,547,855,170,1443,539,397,955,393,824,775,2160,653,883
890,788,768,1012,1509,207,344,704,692,450,1140,991,1469,561,771,905,911,775,674,768,520,260,637,843,610,1051,891,855,409,1131,231,1269,775,1150,816,884,1214,387,675,1312,937,177,735,649,1096,572,847,730,447,568,1308,1857,1527,1087,333,833,828,674,1017,611,1246,741,739,883,682,692,1120,1262,554,895,938,472,1598,1369,119,1194,288,600,639,1207,1438,769,839,657,549,859,172,1448,545,400,960,396,825,778,2166,656,887
891,790,770,1015,1516,210,347,707,695,450,1143,993,1472,562,773,910,916,782,680,776,521,262,642,848,613,1057,896,856,410,1134,232,1278,783,1152,818,886,1216,389,682,1315,943,178,737,655,1101,576,849,735,452,569,1318,1865,1536,1090,334,838,834,677,1021,612,1253,743,742,887,685,694,1126,1265,557,900,942,472,1605,1372,121,1201,290,602,642,1209,1444,773,844,661,554,861,172,1456,549,404,963,399,831,781,2171,659,890
892,797,773,1025,1522,212,349,709,697,451,1146,998,1482,564,776,916,920,787,685,779,522,266,646,854,617,1059,900,858,412,1139,235,1283,791,1156,822,887,1219,391,684,1321,947,179,740,659,1102,578,851,740,453,572,1323,1869,1540,1094,337,843,838,681,1021,615,1261,747,746,891,690,698,1128,1274,560,904,944,476,1610,1377,122,1207,293,605,646,1216,1454,776,847,662,555,865,173,1465,551,405,969,403,838,785,2178,660,894
893,800,776,1029,1531,215,352,711,703,453,1151,1004,1490,568,778,922,923,790,687,780,524,268,651,854,619,1062,905,864,416,1144,235,1286,792,1166,825,892,1226,394,687,1324,950,182,748,662,1106,582,857,745,453,573,1331,1875,1549,1102,340,847,844,683,1023,615,1264,751,747,897,695,705,1131,1279,568,910,948,480,1617,1384,126,1215,296,608,653,1220,1457,778,850,671,556,867,176,1470,553,406,975,404,843,791,2183,662,898
894,801,779,1033,1533,215,353,715,710,455,1159,1007,1494,569,783,925,928,794,690,782,528,268,653,857,622,1067,907,868,419,1147,235,1291,799,1169,829,898,1231,394,693,1333,955,184,756,666,1109,584,860,753,454,574,1335,1880,1554,1109,340,849,847,689,1026,618,1268,754,754,903,704,710,1136,1289,570,913,953,481,1621,1386,130,1218,298,612,658,1226,1461,780,855,672,557,871,178,1475,553,409,982,404,850,797,2193,665,902
895,802,785,1036,1538,215,354,718,716,455,1165,1018,1498,574,785,927,933,799,693,785,531,269,658,861,625,1075,913,872,421,1152,239,1296,802,1175,836,899,1238,397,697,1338,956,186,757,668,1115,586,866,756,457,576,1341,1886,1560,1111,340,851,852,695,1034,619,1274,756,764,909,709,710,1146,1290,574,919,957,486,1626,1396,131,1225,299,615,661,1231,1467,783,857,675,558,873,178,1479,558,411,989,408,852,798,2196,668,910
896,806,790,1041,1545,216,355,720,718,458,1170,1022,1504,575,787,929,937,803,696,789,532,270,663,864,627,1085,915,878,423,1161,241,1300,809,1183,839,904,1244,399,702,1347,961,188,762,668,1123,586,867,761,458,580,1347,1893,1565,1116,341,856,859,698,1038,621,1278,759,771,914,712,715,1151,1298,575,923,959,490,1637,1401,133,1230,300,624,663,1234,1475,786,860,677,560,876,178,1483,562,414,994,413,855,799,2205,669,912
897,809,793,1046,1556,217,355,723,720,459,1172,1029,1511,577,792,934,943,806,700,795,533,271,666,868,633,1091,917,885,425,1163,241,1305,810,1188,845,908,1246,401,704,1350,961,188,765,670,1132,589,872,763,461,585,1348,1899,1570,1121,341,860,865,702,1041,625,1283,762,773,918,716,719,1161,1302,576,929,969,492,1643,1406,134,1241,300,630,666,1235,1476,788,863,683,564,882,178,1488,563,417,996,417,856,801,2216,674,919
898,815,799,1054,1557,219,357,726,726,461,1176,1032,1520,578,798,939,950,810,703,798,534,273,671,875,635,1097,922,892,426,1174,245,1309,811,1196,847,915,1254,404,706,1357,970,188,767,673,1137,592,875,763,462,590,1353,1907,1572,1123,342,861,870,704,1048,627,1291,763,777,919,717,722,1165,1308,578,935,975,495,1649,1411,134,1246,300,631,668,1237,1484,791,866,684,565,887,178,1495,566,419,1002,422,864,805,2226,677,923
899,817,803,1058,1561,222,360,730,731,464,1183,1036,1526,582,801,944,957,817,708,805,539,274,679,875,635,1104,926,897,427,1178,247,1313,818,1199,855,922,1263,407,708,1366,974,189,771,674,1140,593,877,768,464,593,1359,1913,1578,1129,342,870,872,707,1052,629,1298,768,780,924,719,724,1177,1315,582,941,978,495,1655,1417,135,1252,301,635,671,1240,1489,795,871,687,566,890,178,1507,568,420,1005,422,866,812,2233,679,930
900,819,810,1062,1572,223,361,732,734,466,1195,1038,1534,587,806,949,959,820,710,812,544,278,688,885,637,1108,930,901,429,1182,248,1318,821,1204,859,924,1267,410,712,1370,979,191,779,678,1147,596,878,770,468,596,1368,1919,1583,1130,343,876,875,712,1063,633,1305,771,782,927,721,731,1183,1321,589,944,981,497,1660,1422,136,1253,302,637,674,1247,1495,798,875,691,567,897,178,1515,568,424,1008,425,871,819,2244,683,932
901,822,813,1070,1577,224,364,734,736,466,1202,1043,1536,591,809,951,963,822,713,816,547,282,693,889,640,1114,930,904,433,1193,250,1325,827,1208,863,928,1273,414,716,1374,986,191,784,680,1150,599,879,776,473,597,1379,1925,1586,1133,343,879,878,718,1066,637,1310,774,785,932,723,734,1184,1323,594,947,987,497,1668,1425,136,1261,304,643,678,1253,1503,801,879,692,572,899,180,1520,572,425,1011,428,873,820,2249,689,936
902,826,816,1075,1585,229,365,739,740,466,1209,1052,1542,594,811,955,968,825,716,821,547,283,698,894,644,1119,931,908,439,1199,251,1327,834,1215,868,932,1278,417,720,1379,990,192,786,681,1158,603,880,783,475,600,1386,1934,1596,1141,345,881,883,722,1070,638,1311,780,789,935,726,737,1186,1328,595,949,991,498,1673,1432,137,1266,307,645,682,1255,1516,805,881,695,576,902,180,1526,576,426,1013,430,879,825,2257,692,938
903,828,817,1078,1593,231,367,741,745,468,1214,1053,1547,594,817,960,972,829,719,824,550,286,702,895,648,1122,933,914,440,1201,253,1332,842,1223,870,934,1283,420,725,1386,997,192,789,681,1161,605,883,785,478,603,1392,1941,1605,1146,346,887,886,727,1080,641,1317,786,794,939,727,739,1192,1333,597,955,994,498,1676,1437,139,1270,308,649,685,1259,1521,809,885,698,579,904,182,1531,581,429,1021,430,881,829,2259,694,943
904,834,822,1084,1597,231,367,746,747,470,1219,1062,1557,595,820,966,979,833,725,827,553,290,708,897,653,1125,936,922,440,1206,256,1338,845,1233,877,944,1284,421,727,1394,1001,193,790,683,1168,605,886,789,480,604,1399,1950,1611,1151,346,893,893,731,1085,643,1323,788,799,941,734,744,1201,1337,600,958,998,498,1683,1444,142,1277,312,653,689,1266,1528,816,886,701,581,906,184,1538,583,431,1022,432,884,832,2265,696,951
905,837,825,1087,1598,231,370,749,751,472,1223,1063,1564,600,823,971,986,836,728,833,555,291,711,902,660,1133,940,934,442,1214,257,1343,848,1240,883,949,1291,424,730,1394,1008,196,792,685,1178,608,889,798,484,607,1406,1954,1613,1158,347,895,895,734,1092,648,1332,791,803,945,736,747,1205,1345,603,964,1000,500,1693,1448,143,1279,314,657,693,1273,1532,821,888,705,582,909,186,1545,587,433,1029,433,888,836,2269,704,954
906,846,827,1092,1601,232,372,753,753,474,1227,1068,1566,605,829,975,989,840,730,834,557,291,717,906,664,1138,944,939,442,1216,258,1348,855,1244,889,952,1295,427,732,1397,1011,197,793,689,1182,610,894,800,485,609,1411,1957,1620,1162,348,899,899,736,1094,650,1337,795,805,951,740,753,1208,1349,604,967,1006,500,1700,1453,143,1286,314,658,695,1277,1537,825,891,709,585,910,187,1550,589,439,1031,436,894,842,2278,707,955
907,846,831,1096,1609,233,374,755,757,481,1238,1075,1574,608,836,979,993,845,734,840,559,293,718,911,668,1145,946,943,446,1220,259,1356,855,1251,893,959,1300,431,736,1399,1017,198,794,693,1190,616,898,807,487,613,1412,1959,1626,1171,348,903,904,742,1096,653,1343,797,808,955,744,757,1213,1357,607,972,1008,503,1703,1462,144,1292,314,661,698,1284,1544,830,892,712,586,921,187,1554,591,442,1038,438,899,844,2284,711,959
908,850,838,1103,1614,237,379,760,760,482,1243,1077,1577,615,842,987,996,852,736,841,563,293,720,919,672,1149,947,950,449,1226,261,1362,859,1260,900,962,1308,434,743,1400,1020,199,797,697,1196,621,902,812,493,615,1418,1969,1636,1178,352,907,908,745,1101,655,1345,800,815,962,747,758,1219,1364,609,977,1015,508,1711,1467,144,1295,314,664,702,1286,1554,833,895,715,588,925,187,1560,594,444,1042,442,900,848,2291,713,963
909,854,843,1110,1623,237,382,765,765,482,1247,1083,1584,618,846,991,1002,860,741,843,564,293,721,922,677,1152,951,956,453,1230,264,1366,864,1263,900,965,1313,437,751,1408,1026,199,801,705,1200,624,907,818,497,618,1424,1982,1640,1180,354,911,912,750,1105,662,1349,802,821,969,753,760,1223,1373,612,983,1017,514,1716,1471,145,1298,314,668,705,1289,1562,838,900,717,594,930,188,1564,598,449,1047,445,904,850,2297,716,967
910,858,846,1114,1632,237,385,769,766,486,1251,1086,1591,623,850,995,1005,861,745,849,571,294,725,924,683,1156,955,962,453,1241,264,1372,864,1271,903,971,1319,440,752,1413,1029,201,804,712,1207,627,910,825,497,622,1431,1992,1645,1189,354,913,915,755,1116,667,1353,809,825,974,758,762,1229,1378,615,989,1021,515,1721,1478,145,1304,314,669,710,1293,1567,845,902,723,597,935,190,1569,606,451,1053,446,909,853,2308,719,973
911,862,852,1119,1640,237,387,773,771,493,1253,1092,1597,624,856,997,1013,865,748,853,574,297,725,927,687,1160,959,968,453,1248,265,1380,869,1276,909,974,1327,441,759,1418,1033,203,808,713,1211,630,913,832,500,624,1437,1997,1653,1195,359,916,916,760,1120,672,1355,815,828,977,759,767,1233,1385,618,992,1027,517,1738,1489,146,1304,317,673,714,1296,1571,847,908,726,601,938,191,1570,610,452,1055,447,915,862,2315,723,976
912,864,857,1126,1646,239,389,780,777,494,1258,1094,1605,629,862,999,1016,873,752,857,576,298,727,928,691,1166,962,975,458,1257,267,1384,875,1281,912,980,1330,444,762,1427,1040,204,811,715,1214,634,920,835,501,628,1442,2008,1656,1198,362,923,922,763,1126,679,1362,816,830,982,762,770,1236,1392,620,995,1031,519,1742,1496,146,1313,319,676,718,1299,1581,850,910,728,601,940,191,1574,614,456,1059,450,919,866,2326,727,983
913,869,859,1134,1655,240,393,787,779,495,1265,1103,1609,631,866,1004,1028,873,753,860,581,304,733,932,695,1175,970,977,459,1260,270,1394,877,1287,914,982,1334,445,763,1434,1049,204,816,719,1222,641,928,841,505,631,1447,2020,1662,1201,365,930,925,766,1132,681,1365,821,836,991,765,770,1246,1397,625,997,1037,520,1751,1504,148,1324,320,679,719,1304,1589,855,915,732,603,944,191,1578,617,458,1066,452,924,868,2332,732,987
914,873,862,1139,1659,242,394,787,781,495,1271,1108,1611,634,869,1008,1030,878,759,862,587,306,737,935,698,1181,973,984,461,1264,271,1398,883,1291,918,985,1338,447,767,1438,1053,205,818,722,1225,644,932,845,506,632,1450,2025,1673,1207,366,933,929,770,1136,685,1374,826,842,996,768,776,1253,1403,628,1002,1039,526,1757,1511,148,1331,322,680,723,1311,1597,862,918,735,603,948,193,1583,620,462,1071,454,930,873,2345,738,990
915,876,864,1141,1666,245,394,794,783,497,1277,1110,1616,637,872,1016,1032,882,763,865,588,310,740,937,702,1182,975,988,462,1270,273,1402,887,1299,921,990,1347,450,772,1443,1055,206,822,724,1229,649,933,849,507,635,1456,2034,1680,1215,370,939,938,773,1143,692,1381,833,847,1004,769,784,1261,1409,633,1008,1042,526,1768,1515,148,1337,326,683,726,1317,1600,869,925,739,608,954,193,1589,623,462,1076,456,936,876,2355,741,992
916,880,865,1147,1677,246,397,799,785,501,1280,1114,1622,640,878,1020,1037,884,770,872,590,311,742,942,708,1190,979,991,467,1276,275,1408,892,1310,925,996,1356,450,777,1447,1058,207,824,725,1239,655,937,852,508,637,1461,2043,1685,1222,371,945,941,774,1150,697,1384,837,850,1009,773,788,1266,1416,639,1014,1046,526,1774,1521,149,1341,327,686,729,1322,1604,870,931,744,609,957,196,1593,625,462,1080,457,942,879,2368,743,995
917,885,865,1147,1685,250,400,803,788,502,1286,1117,1629,642,882,1025,1039,888,774,875,597,313,749,947,711,1193,982,997,470,1279,278,1413,894,1315,927,1001,1366,451,781,1454,1061,209,828,727,1244,657,941,859,514,641,1467,2049,1694,1226,374,951,942,774,1153,700,1388,840,853,1012,773,795,1270,1420,640,1016,1049,528,1781,1528,152,1348,330,690,732,1328,1607,872,939,748,610,964,197,1596,629,465,1082,463,947,881,2374,744,1000
918,888,869,1153,1690,251,401,807,791,504,1293,1125,1633,650,887,1030,1042,890,778,878,600,314,751,951,715,1198,986,1001,473,1283,279,1423,897,1322,929,1007,1371,454,787,1459,1067,209,833,731,1249,660,943,863,518,641,1470,2056,1697,1232,375,954,951,777,1162,701,1392,848,856,1017,779,799,1274,1424,640,1018,1055,528,1787,1533,153,1363,331,693,735,1338,1612,874,941,755,620,966,198,1599,631,468,1089,466,949,884,2381,750,1001
919,893,871,1156,1696,253,402,810,793,509,1299,1133,1635,651,891,1030,1046,892,782,881,602,316,754,960,720,1202,990,1003,476,1291,279,1429,902,1328,935,1008,1375,459,794,1462,1074,209,842,734,1253,664,946,870,519,646,1476,2068,1702,1234,380,960,959,779,1165,710,1396,851,857,1021,782,801,1280,1428,642,1021,1058,530,1794,1539,154,1370,334,693,740,1343,1617,880,945,757,622,968,198,1601,634,470,1097,470,952,887,2387,753,1004
920,899,876,1158,1700,254,407,815,797,513,1300,1141,1639,655,896,1034,1054,896,783,885,606,321,758,962,723,1203,993,1007,477,1292,282,1432,908,1339,935,1014,1378,462,798,1471,1078,210,846,736,1258,665,952,874,524,651,1484,2070,1708,1241,384,966,964,785,1166,712,1401,852,859,1029,782,804,1285,1430,646,1024,1058,533,1799,1544,156,1376,334,693,745,1349,1622,886,950,762,625,971,199,1607,637,471,1103,474,956,892,2393,757,1012
921,909,882,1163,1706,257,413,817,799,516,1303,1150,1645,663,902,1041,1059,903,786,891,611,325,761,965,726,1207,995,1013,478,1299,282,1437,910,1345,937,1016,1380,467,802,1476,1087,210,852,736,1261,666,961,877,526,654,1488,2077,1716,1246,386,973,970,793,1169,715,1408,855,865,1031,788,809,1289,1436,650,1027,1061,536,1805,1552,156,1381,335,696,746,1357,1626,889,954,769,627,977,201,1610,644,473,1109,480,961,895,2400,761,1015
922,916,883,1170,1713,260,415,822,804,522,1307,1152,1651,666,903,1045,1066,906,790,896,613,327,765,969,731,1213,999,1014,481,1304,284,1441,914,1349,945,1017,1388,469,806,1487,1094,211,855,740,1267,668,967,882,531,656,1499,2078,1723,1250,388,979,973,798,1177,727,1411,860,866,1035,791,813,1291,1444,654,1029,1064,537,1815,1560,156,1384,336,697,750,1362,1630,892,956,771,630,989,202,1614,648,475,1117,482,965,899,2406,765,1019
923,923,886,1176,1718,261,416,827,804,523,1312,1157,1656,669,913,1048,1071,912,792,901,615,328,769,972,735,1223,1004,1015,483,1315,284,1446,919,1360,949,1024,1391,472,811,1498,1101,212,857,743,1271,673,970,884,533,659,1506,2084,1734,1253,390,983,980,802,1178,731,1418,862,868,1041,795,822,1296,1447,658,1032,1067,539,1823,1567,157,1392,337,700,753,1369,1636,896,959,777,637,992,202,1619,652,483,1121,488,969,902,2414,766,1023
924,927,892,1181,1720,263,418,833,808,527,1316,1161,1664,676,919,1051,1076,917,796,901,618,329,776,981,739,1228,1009,1021,486,1320,285,1450,927,1366,953,1026,1394,475,817,1505,1107,213,861,747,1275,675,978,891,535,665,1513,2089,1743,1255,391,984,983,806,1180,734,1427,866,871,1042,801,824,1302,1449,662,1034,1074,546,1826,1571,159,1395,339,706,758,1375,1641,904,966,780,641,993,202,1625,657,486,1126,489,973,903,2424,770,1026
925,931,896,1186,1724,263,423,836,815,529,1319,1167,1672,682,925,1051,1085,919,800,902,623,331,778,984,742,1235,1014,1023,490,1328,286,1454,934,1371,958,1029,1398,477,822,1505,1113,215,866,750,1280,678,988,893,536,667,1516,2097,1753,1262,393,988,988,808,1183,739,1436,871,875,1046,807,828,1307,1453,664,1039,1079,548,1831,1579,160,1400,341,713,761,1383,1646,908,967,782,644,999,202,1629,660,489,1133,491,975,906,2427,773,1030
926,942,902,1191,1732,265,423,838,816,532,1321,1172,1677,690,929,1054,1091,922,804,906,623,333,780,987,747,1242,1017,1026,491,1331,286,1458,938,1374,962,1034,1402,480,825,1515,1117,220,872,754,1284,681,995,899,537,673,1526,2103,1755,1263,394,991,996,812,1189,741,1439,875,880,1053,809,832,1317,1458,667,1047,1079,551,1839,1585,160,1406,342,717,764,1391,1651,913,971,787,648,1003,203,1636,662,492,1138,493,985,910,2435,777,1035
927,945,903,1193,1734,267,425,843,820,534,1326,1177,1685,692,936,1059,1095,925,806,911,624,333,781,992,752,1248,1026,1029,496,1335,287,1465,942,1384,969,1040,1410,484,830,1524,1119,221,877,761,1290,683,1000,906,546,676,1530,2109,1762,1268,398,997,1004,818,1192,742,1444,878,885,1055,810,838,1320,1465,672,1054,1081,554,1846,1593,164,1417,342,718,767,1395,1658,914,976,788,653,1008,204,1647,663,493,1146,498,991,912,2442,784,1040
928,947,907,1203,1744,268,426,848,821,535,1327,1185,1690,695,940,1065,1098,932,809,918,627,336,785,997,756,1253,1030,1034,499,1338,289,1471,952,1391,975,1045,1415,485,838,1530,1123,222,881,767,1297,685,1004,908,553,683,1537,2115,1772,1274,401,1001,1009,823,1198,746,1446,881,894,1057,811,846,1326,1469,676,1062,1088,555,1852,1600,164,1424,343,722,769,1400,1663,919,981,794,655,1015,205,1651,664,495,1150,498,996,916,2445,789,1044
929,950,909,1206,1747,270,426,850,824,535,1334,1196,1694,700,949,1067,1101,936,814,922,630,339,789,1005,760,1259,1033,1036,500,1341,289,1474,954,1395,982,1048,1418,488,843,1538,1126,223,885,770,1300,689,1013,911,556,689,1543,2123,1778,1280,402,1006,1011,829,1202,750,1454,884,894,1062,815,848,1333,1471,682,1068,1092,562,1857,1607,164,1432,346,724,774,1403,1668,921,989,796,659,1020,206,1653,667,499,1155,501,999,925,2451,790,1050
930,955,914,1213,1754,271,426,856,831,538,1340,1201,1694,704,955,1070,1105,945,817,924,635,340,794,1007,764,1265,1035,1044,502,1349,292,1477,955,1402,987,1055,1426,492,849,1542,1132,224,894,774,1301,692,1021,920,558,691,1551,2130,1786,1285,403,1008,1015,834,1204,756,1458,888,896,1064,818,849,1343,1473,686,1072,1094,567,1868,1614,166,1438,347,726,776,1406,1672,924,991,803,660,1030,208,1657,670,501,1159,502,999,929,2452,796,1053
931,957,921,1218,1759,274,427,857,834,544,1346,1206,1703,706,961,1072,1110,953,819,925,636,343,800,1008,770,1269,1039,1047,506,1356,294,1483,962,1410,993,1059,1436,494,860,1548,1136,224,902,777,1307,695,1026,925,560,697,1556,2136,1793,1291,403,1011,1018,838,1210,758,1464,889,899,1071,819,852,1352,1480,693,1077,1096,573,1874,1620,168,1441,348,729,777,1411,1675,939,998,807,664,1033,211,1665,673,504,1163,503,1004,932,2460,801,1057
932,961,927,1222,1768,274,429,858,839,546,1356,1213,1711,710,965,1077,1115,956,824,928,642,344,803,1015,773,1273,1040,1056,513,1359,296,1491,971,1417,998,1066,1442,495,864,1553,1140,225,907,780,1311,701,1034,927,565,699,1563,2143,1803,1297,406,1015,1024,841,1214,760,1471,890,907,1074,826,858,1356,1482,695,1082,1099,577,1882,1627,169,1447,350,731,784,1414,1681,944,1007,808,665,1038,214,1670,677,506,1166,507,1013,935,2468,808,1060
933,966,931,1230,1775,275,430,864,844,548,1363,1219,1713,714,971,1083,1120,962,828,932,644,346,809,1020,777,1281,1043,1061,515,1363,296,1496,976,1424,1000,1069,1451,498,869,1556,1144,226,909,784,1318,703,1036,930,565,705,1566,2153,1807,1306,408,1016,1027,846,1218,762,1476,894,908,1077,835,864,1363,1486,700,1087,1105,580,1891,1635,170,1452,354,735,789,1421,1689,946,1007,812,669,1042,214,1675,681,507,1173,511,1018,939,2473,813,1067
934,972,935,1232,1785,277,432,868,848,550,1370,1222,1718,722,975,1089,1131,966,835,936,646,347,813,1023,784,1287,1047,1066,520,1367,298,1496,981,1429,1004,1076,1459,500,873,1558,1148,228,916,791,1326,707,1038,937,568,711,1573,2158,1812,1312,411,1020,1030,855,1221,764,1484,900,912,1083,840,865,1366,1492,705,1090,1107,583,1901,1645,170,1460,356,740,793,1425,1695,953,1017,814,675,1046,215,1681,685,508,1178,512,1022,941,2476,817,1073
935,982,944,1238,1790,278,437,870,853,553,1376,1227,1729,726,978,1094,1135,969,843,944,646,347,819,1026,786,1290,1053,1075,525,1372,300,1504,987,1434,1008,1082,1462,504,877,1564,1153,230,919,794,1332,713,1043,939,570,716,1583,2166,1817,1319,412,1025,1031,858,1223,765,1485,906,913,1087,844,869,1372,1497,709,1094,1114,584,1902,1654,171,1464,357,742,800,1428,1695,958,1019,819,682,1054,215,1684,686,509,1180,516,1028,944,2481,818,1075
936,985,948,1243,1796,281,439,873,856,556,1383,1235,1732,726,985,1098,1143,973,848,948,648,348,823,1031,789,1295,1054,1077,527,1376,306,1508,992,1442,1014,1089,1462,504,880,1575,1157,233,922,797,1337,720,1048,946,573,718,1588,2173,1818,1324,413,1027,1037,861,1227,770,1494,911,922,1096,849,871,1379,1502,711,1100,1121,588,1911,1659,172,1469,358,747,803,1436,1701,960,1024,823,685,1061,219,1692,691,510,1186,519,1030,948,2488,822,1082
937,988,954,1251,1801,282,441,874,858,561,1390,1238,1738,728,988,1101,1149,976,849,954,648,350,825,1033,793,1301,1057,1082,530,1383,307,1510,999,1445,1017,1095,1465,506,882,1582,1160,235,926,801,1344,724,1050,948,575,722,1595,2176,1822,1331,418,1028,1038,862,1237,773,1497,916,928,1101,851,878,1386,1509,716,1104,1127,591,1916,1665,174,1479,359,751,807,1441,1707,965,1032,824,690,1063,220,1702,696,513,1190,522,1037,954,2499,826,1085
938,989,960,1257,1809,282,447,876,862,568,1399,1241,1748,733,991,1105,1151,984,852,958,652,351,831,1036,799,1304,1062,1083,534,1388,309,1518,1006,1447,1026,1100,1472,512,886,1585,1164,238,927,803,1352,730,1055,951,579,724,1602,2185,1830,1339,418,1035,1041,865,1246,777,1500,922,936,1105,851,882,1390,1516,722,1109,1135,593,1920,1672,176,1486,362,758,814,1451,1713,970,1044,828,690,1071,221,1706,700,519,1199,525,1041,959,2506,827,1087
939,994,965,1263,1813,282,449,878,866,570,1400,1249,1760,736,995,1114,1156,988,857,961,653,356,834,1042,802,1310,1065,1087,538,1395,309,1525,1012,1453,1031,1105,1477,515,890,1593,1172,239,934,805,1359,733,1061,951,580,725,1608,2191,1836,1348,424,1040,1043,870,1254,782,1508,926,937,1112,854,883,1400,1520,730,1113,1142,595,1930,1678,176,1491,363,760,818,1457,1718,974,1045,831,694,1074,224,1712,702,524,1204,530,1041,960,2513,830,1097
940,999,970,1268,1819,284,453,884,871,576,1404,1256,1766,739,1001,1121,1159,996,861,963,660,358,840,1045,806,1316,1067,1092,540,1400,311,1527,1017,1454,1035,1113,1478,517,895,1600,1177,239,938,808,1371,738,1062,957,585,728,1611,2196,1838,1354,425,1044,1047,879,1256,788,1511,929,940,1115,858,888,1410,1525,733,1115,1149,599,1934,1686,177,1497,365,765,822,1462,1726,981,1048,834,698,1076,224,1719,706,528,1212,534,1041,965,2521,831,1104
941,1004,971,1275,1827,285,453,887,873,580,1408,1261,1774,741,1009,1128,1162,1002,864,966,663,361,843,1050,808,1326,1076,1095,543,1404,313,1529,1026,1459,1045,1116,1489,518,901,1606,1181,240,939,811,1377,744,1067,965,587,728,1614,2208,1843,1362,429,1050,1053,883,1265,791,1517,932,948,1118,862,892,1412,1531,737,1122,1154,604,1939,1691,180,1506,370,766,824,1464,1732,986,1056,840,705,1083,224,1724,711,531,1220,534,1049,970,2526,838,1109
942,1009,976,1277,1837,290,457,891,882,583,1414,1265,1780,747,1015,1137,1170,1004,872,972,669,363,846,1053,813,1331,1081,1100,545,1410,317,1531,1029,1473,1048,1118,1494,518,904,1612,1188,240,947,813,1382,755,1069,968,590,730,1622,2218,1846,1366,434,1054,1059,888,1271,793,1523,935,952,1126,866,900,1421,1538,741,1129,1158,606,1943,1695,184,1511,370,770,826,1471,1739,991,1061,846,708,1086,224,1733,714,538,1223,538,1051,971,2533,839,1114
943,1012,978,1281,1845,293,457,898,888,585,1421,1267,1787,750,1018,1142,1177,1010,877,982,676,364,846,1058,818,1337,1085,1101,547,1411,320,1537,1034,1477,1053,1124,1501,520,907,1617,1192,240,952,813,1385,757,1073,970,592,738,1629,2225,1852,1373,435,1056,1067,893,1277,796,1527,940,958,1133,870,910,1424,1544,747,1135,1166,609,1955,1707,185,1517,372,774,831,1477,1747,998,1065,848,712,1088,227,1737,715,540,1229,540,1060,974,2538,844,1119
944,1014,981,1283,1855,296,461,901,890,586,1428,1271,1795,751,1021,1147,1181,1015,883,986,679,367,848,1060,823,1341,1088,1107,550,1415,321,1544,1039,1483,1056,1128,1512,524,915,1621,1197,243,956,816,1391,761,1078,978,594,741,1630,2234,1859,1380,437,1061,1068,895,1282,800,1534,943,962,1137,874,915,1426,1552,751,1139,1172,611,1966,1714,186,1527,374,779,836,1481,1750,1000,1069,855,722,1092,229,1742,719,544,1233,544,1066,978,2548,848,1123
945,1021,984,1288,1861,297,462,909,893,589,1434,1278,1807,757,1025,1150,1186,1023,887,993,682,369,853,1065,829,1348,1092,1114,553,1419,323,1546,1044,1488,1061,1132,1515,527,920,1627,1202,246,958,818,1398,768,1084,981,594,744,1637,2244,1864,1387,438,1067,1075,898,1286,804,1542,951,963,1143,877,923,1432,1560,759,1141,1179,615,1971,1717,187,1533,375,783,840,1487,1762,1003,1075,858,727,1096,231,1749,723,547,1236,545,1073,981,2557,850,1127
946,1023,987,1294,1868,300,462,912,898,593,1436,1283,1813,758,1032,1152,1195,1029,889,994,685,371,861,1067,833,1356,1096,1119,555,1420,325,1557,1046,1496,1071,1136,1521,530,925,1631,1204,247,961,822,1402,769,1094,985,599,747,1645,2251,1870,1392,443,1072,1081,901,1294,808,1546,954,970,1149,879,927,1438,1567,763,1146,1182,624,1974,1724,188,1545,378,789,846,1493,1768,1012,1085,861,731,1102,233,1757,729,549,1241,545,1079,984,2563,853,1133
947,1031,992,1298,1872,304,465,916,903,593,1442,1291,1823,762,1038,1158,1202,1034,899,1000,685,373,868,1072,837,1357,1101,1127,559,1425,327,1560,1052,1498,1072,1141,1524,532,930,1639,1209,247,968,826,1408,771,1099,989,601,753,1653,2257,1874,1401,443,1078,1087,909,1301,810,1550,957,974,1153,882,935,1444,1571,766,1151,1187,626,1980,1729,188,1552,380,797,853,1501,1773,1015,1090,867,737,1112,235,1761,731,552,1245,548,1082,986,2572,855,1139
948,1035,999,1304,1879,306,467,919,906,594,1449,1294,1833,767,1041,1164,1207,1038,903,1003,688,375,872,1074,843,1361,1105,1132,565,1432,329,1570,1063,1505,1076,1151,1529,535,937,1649,1213,247,972,831,1412,776,1103,992,607,756,1659,2267,1882,1408,445,1083,1092,915,1308,814,1554,958,979,1160,884,943,1451,1580,769,1152,1194,629,1987,1735,188,1559,382,798,857,1512,1781,1020,1092,868,738,1118,238,1766,735,553,1251,551,1085,989,2578,860,1143
949,1039,1004,1309,1884,307,470,926,911,599,1453,1297,1846,771,1049,1170,1216,1040,908,1006,694,378,874,1081,848,1366,1109,1137,566,1439,332,1576,1074,1512,1082,1157,1534,536,945,1654,1216,248,980,833,1418,778,1106,996,612,758,1672,2275,1885,1410,446,1087,1097,919,1312,818,1557,969,986,1167,886,948,1456,1589,779,1157,1199,630,1997,1743,189,1565,387,799,860,1517,1786,1026,1093,874,739,1122,238,1774,736,555,1257,553,1095,996,2581,866,1150
950,1043,1011,1315,1889,309,470,932,914,599,1460,1302,1855,778,1054,1173,1220,1048,913,1009,697,383,877,1088,848,1373,1115,1143,571,1443,333,1580,1078,1515,1083,1165,1541,538,949,1655,1227,252,982,836,1422,783,1110,1003,614,761,1677,2285,1890,1416,448,1092,1102,928,1316,821,1561,977,990,1172,887,955,1461,1592,781,1160,1203,630,2001,1752,190,1571,388,801,864,1521,1793,1032,1098,880,749,1124,238,1780,741,558,1263,559,1098,1005,2582,868,1155
951,1047,1019,1321,1892,310,472,935,921,604,1469,1305,1861,785,1057,1177,1225,1050,918,1013,699,391,880,1089,851,1378,1117,1148,574,1452,334,1589,1079,1518,1085,1174,1549,544,954,1657,1236,253,985,843,1428,791,1112,1004,621,764,1681,2294,1894,1421,451,1099,1107,931,1324,825,1567,981,992,1175,890,960,1465,1595,784,1165,1210,631,2006,1760,190,1575,392,804,864,1525,1798,1040,1104,880,755,1128,239,1790,744,559,1268,563,1102,1007,2587,869,1163
952,1050,1028,1325,1894,312,477,937,924,606,1475,1314,1870,789,1061,1182,1229,1055,921,1016,702,393,884,1096,856,1382,1122,1154,575,1457,337,1593,1083,1520,1090,1180,1559,548,962,1659,1238,255,986,844,1435,793,1118,1012,622,766,1688,2301,1904,1427,453,1103,1112,937,1331,826,1576,984,998,1180,897,963,1468,1605,790,1168,1216,635,2010,1768,194,1583,392,810,870,1534,1804,1044,1107,886,755,1138,239,1796,749,562,1274,566,1106,1012,2590,875,1165
953,1055,1033,1330,1903,314,483,945,925,609,1481,1319,1871,791,1066,1193,1233,1062,924,1020,704,396,889,1101,861,1388,1133,1160,578,1460,339,1599,1089,1527,1098,1185,1561,551,968,1664,1244,256,991,847,1443,797,1121,1017,629,771,1698,2305,1909,1430,454,1109,1117,940,1334,829,1584,987,1004,1184,898,968,1475,1612,793,1173,1219,635,2017,1772,197,1591,394,815,872,1538,1811,1048,1114,892,762,1142,241,1800,753,563,1281,573,1108,1017,2596,879,1172
954,1059,1035,1334,1910,317,487,950,931,610,1484,1320,1881,794,1071,1198,1239,1068,929,1025,708,400,893,1104,867,1393,1136,1164,582,1464,342,1604,1095,1532,1102,1193,1566,551,973,1670,1251,258,995,852,1450,802,1122,1020,634,774,1704,2311,1913,1435,457,1112,1123,946,1337,835,1592,992,1010,1188,902,975,1479,1618,800,1176,1223,636,2022,1776,200,1596,396,818,875,1544,1813,1052,1116,894,762,1153,241,1809,757,566,1285,575,1114,1023,2604,886,1175
955,1061,1038,1339,1915,320,491,953,935,614,1489,1321,1887,801,1073,1208,1246,1071,937,1032,712,403,897,1109,870,1398,1139,1173,583,1473,344,1611,1101,1543,1105,1197,1568,555,980,1676,1257,258,1001,855,1453,804,1130,1021,637,782,1707,2314,1917,1441,459,1114,1129,949,1344,839,1597,1000,1017,1192,903,978,1484,1631,805,1181,1228,638,2027,1781,200,1602,398,820,879,1550,1825,1054,1119,895,763,1161,242,1821,761,569,1289,579,1121,1030,2607,892,1179
956,1065,1044,1344,1922,324,492,955,939,616,1495,1327,1894,805,1077,1215,1251,1074,940,1041,716,408,901,1110,872,1405,1148,1176,584,1481,346,1618,1104,1551,1110,1203,1578,560,985,1685,1262,258,1011,857,1461,805,1135,1024,639,784,1712,2323,1927,1444,463,1119,1132,953,1354,842,1604,1005,1023,1194,907,981,1489,1635,809,1186,1231,640,2035,1784,201,1609,400,821,881,1553,1832,1057,1126,900,767,1165,243,1826,763,572,1296,583,1124,1037,2617,900,1188
957,1070,1049,1348,1929,328,493,960,943,617,1503,1335,1904,811,1083,1222,1254,1077,946,1046,719,412,905,1115,877,1413,1152,1179,585,1485,350,1623,1106,1556,1113,1204,1582,562,989,1690,1267,260,1014,860,1467,808,1138,1027,640,788,1719,2329,1933,1448,466,1130,1136,955,1362,845,1612,1012,1028,1196,909,985,1498,1639,813,1191,1236,642,2040,1790,202,1621,401,825,886,1556,1834,1059,1132,901,769,1172,247,1832,769,576,1300,591,1128,1040,2627,905,1192
958,1076,1053,1351,1938,330,500,966,949,620,1509,1340,1906,817,1086,1230,1263,1080,952,1052,723,415,909,1121,878,1421,1154,1183,592,1493,352,1630,1108,1563,1116,1212,1586,563,992,1692,1274,260,1018,863,1474,816,1144,1031,645,791,1725,2333,1939,1452,474,1134,1141,958,1367,851,1617,1017,1035,1201,914,988,1508,1648,817,1196,1246,648,2043,1798,205,1627,402,828,892,1562,1840,1063,1138,904,770,1181,248,1840,777,580,1305,597,1133,1041,2633,911,1198
959,1081,1056,1359,1946,332,504,968,954,625,1512,1346,1915,818,1091,1233,1268,1080,954,1058,725,417,915,1125,879,1427,1159,1187,593,1503,354,1635,1114,1573,1123,1219,1592,567,994,1698,1277,260,1023,866,1479,819,1148,1033,647,797,1736,2342,1956,1462,478,1143,1147,964,1375,855,1625,1022,1043,1207,919,991,1512,1655,822,1200,1248,652,2058,1802,209,1632,406,831,900,1567,1842,1064,1141,907,775,1185,248,1845,780,586,1312,604,1134,1045,2639,913,1205
960,1085,1058,1366,1953,335,508,971,957,627,1515,1350,1921,821,1096,1241,1271,1082,957,1060,727,420,923,1130,884,1431,1160,1193,596,1510,355,1639,1118,1579,1131,1226,1594,568,1001,1700,1285,263,1031,871,1484,824,1152,1040,649,801,1743,2352,1968,1465,479,1149,1151,966,1382,858,1637,1022,1046,1214,923,994,1516,1661,827,1208,1251,654,2067,1812,211,1640,409,832,902,1572,1850,1069,1144,912,777,1186,248,1851,788,588,1317,608,1137,1053,2650,918,1211
961,1093,1060,1375,1957,337,512,976,960,630,1519,1357,1929,826,1105,1249,1278,1087,959,1064,731,422,923,1134,890,1436,1164,1194,598,1515,359,1650,1124,1582,1137,1229,1596,570,1005,1702,1288,267,1035,875,1492,828,1156,1045,652,811,1751,2359,1977,1472,481,1151,1161,970,1386,862,1641,1027,1047,1220,930,1001,1522,1666,831,1213,1255,659,2077,1820,212,1643,411,835,909,1578,1859,1071,1149,915,781,1192,248,1859,791,591,1320,613,1143,1058,2655,932,1215
962,1098,1067,1382,1967,341,516,983,965,636,1525,1369,1940,829,1111,1262,1281,1093,964,1067,733,425,925,1141,895,1444,1174,1204,600,1518,362,1655,1126,1591,1141,1233,1598,575,1010,1706,1293,269,1040,878,1496,837,1160,1050,656,816,1760,2364,1985,1477,485,1155,1166,976,1389,865,1647,1029,1052,1230,934,1003,1526,1672,831,1222,1259,661,2084,1828,213,1650,413,838,916,1581,1866,1077,1152,917,787,1200,250,1863,796,592,1325,616,1146,1059,2659,939,1220
963,1103,1071,1387,1976,346,520,985,973,638,1534,1375,1943,835,1114,1269,1286,1096,969,1072,736,428,929,1146,901,1446,1180,1209,601,1528,362,1661,1131,1603,1144,1235,1603,579,1016,1714,1299,276,1044,886,1504,840,1166,1060,658,827,1772,2375,1994,1480,490,1157,1169,983,1393,867,1651,1033,1059,1237,939,1004,1529,1677,834,1229,1266,666,2089,1834,215,1658,415,841,917,1587,1869,1083,1159,926,787,1204,251,1869,800,597,1331,618,1153,1065,2670,942,1228
964,1114,1077,1393,1983,348,524,987,977,640,1542,1377,1953,837,1123,1272,1295,1109,973,1081,740,433,934,1151,908,1453,1187,1214,609,1538,363,1665,1134,1611,1149,1239,1609,583,1022,1718,1306,280,1048,891,1507,847,1175,1064,660,828,1784,2383,2006,1486,493,1158,1172,986,1402,873,1657,1038,1062,1243,942,1007,1535,1683,838,1237,1270,670,2098,1843,218,1667,419,846,923,1593,1873,1093,1159,928,790,1207,253,1872,805,599,1340,621,1157,1069,2679,945,1234
965,1119,1083,1397,1994,349,528,995,983,647,1544,1387,1963,842,1128,1277,1303,1115,979,1089,746,433,941,1158,914,1456,1190,1221,611,1542,367,1671,1140,1618,1156,1245,1613,588,1027,1724,1311,284,1055,897,1511,852,1180,1074,662,834,1790,2391,2013,1496,496,1164,1177,989,1409,879,1662,1040,1071,1248,953,1013,1541,1689,844,1242,1274,673,2106,1846,220,1673,425,847,927,1600,1883,1096,1160,929,793,1213,255,1879,816,604,1343,626,1161,1076,2682,954,1239
966,1127,1085,1403,2003,350,532,999,987,650,1547,1396,1968,847,1134,1283,1306,1121,984,1094,751,439,948,1162,922,1462,1197,1227,618,1546,376,1676,1144,1624,1164,1250,1616,593,1031,1729,1321,284,1059,899,1522,857,1184,1081,665,834,1793,2398,2018,1504,501,1170,1180,991,1412,880,1671,1043,1078,1253,957,1020,1545,1695,851,1245,1276,676,2114,1852,224,1679,429,852,929,1607,1891,1103,1172,937,796,1216,256,1888,822,607,1347,632,1162,1078,2691,959,1246
967,1131,1090,1406,2007,354,537,1003,993,654,1551,1403,1970,852,1139,1288,1309,1125,989,1100,755,442,950,1167,929,1467,1207,1234,622,1550,378,1684,1149,1625,1170,1254,1622,596,1036,1736,1325,286,1065,903,1529,860,1191,1087,669,840,1798,2402,2029,1510,504,1176,1184,998,1415,881,1675,1051,1086,1260,959,1028,1552,1702,853,1252,1284,681,2120,1854,228,1685,433,863,933,1614,1893,1108,1182,944,801,1223,259,1895,825,610,1349,637,1170,1084,2699,966,1252
968,1135,1099,1413,2019,356,537,1011,998,659,1558,1411,1979,853,1145,1297,1314,1130,992,1106,758,446,954,1168,933,1473,1211,1239,626,1558,381,1689,1152,1632,1174,1263,1625,601,1044,1738,1328,287,1070,904,1537,867,1196,1093,674,845,1805,2408,2035,1517,511,1185,1192,1002,1423,885,1680,1052,1088,1267,967,1034,1556,1710,857,1260,1293,684,2129,1859,229,1694,436,866,938,1616,1902,1119,1187,951,804,1231,261,1904,832,614,1356,640,1172,1090,2705,971,1258
969,1142,1106,1418,2023,358,540,1013,1003,663,1565,1419,1985,857,1147,1305,1322,1134,1000,1109,763,448,960,1173,937,1479,1219,1243,631,1565,383,1695,1156,1640,1178,1266,1634,607,1053,1741,1331,291,1074,911,1540,872,1203,1099,679,847,1811,2415,2039,1520,512,1190,1197,1006,1426,894,1687,1055,1089,1270,973,1037,1563,1723,861,1264,1296,688,2136,1867,230,1705,437,869,943,1623,1905,1125,1195,956,811,1239,261,1911,835,617,1359,645,1177,1096,2707,975,1264
970,1150,1109,1424,2034,359,546,1017,1007,673,1569,1424,1993,861,1150,1309,1333,1139,1010,1114,768,452,963,1176,943,1486,1223,1249,636,1567,384,1703,1163,1652,1186,1271,1641,611,1060,1747,1333,291,1075,917,1547,874,1210,1107,683,850,1815,2422,2042,1522,517,1194,1201,1011,1431,900,1692,1059,1093,1277,976,1039,1570,1735,866,1271,1305,693,2142,1869,233,1713,439,875,945,1626,1911,1133,1204,959,812,1246,263,1919,839,618,1365,648,1183,1101,2717,979,1269
971,1153,1117,1431,2040,360,549,1023,1011,674,1572,1432,1998,866,1154,1312,1341,1144,1013,1117,769,455,967,1187,947,1487,1224,1257,641,1572,384,1709,1168,1657,1190,1273,1650,613,1063,1753,1342,291,1080,923,1550,883,1214,1114,691,855,1827,2429,2046,1528,518,1202,1207,1026,1438,903,1696,1065,1098,1283,982,1041,1576,1740,875,1277,1308,695,2148,1875,234,1721,439,880,950,1628,1919,1137,1211,960,814,1253,267,1925,841,622,1372,651,1190,1105,2725,982,1276
972,1158,1128,1441,2050,364,550,1029,1016,675,1577,1435,2009,876,1155,1317,1352,1155,1016,1118,773,458,968,1194,949,1492,1230,1260,647,1582,389,1715,1171,1662,1201,1278,1654,616,1070,1762,1347,294,1086,928,1556,888,1217,1117,698,859,1832,2441,2052,1534,520,1204,1210,1032,1447,907,1698,1073,1105,1291,985,1042,1581,1749,881,1283,1312,701,2152,1881,235,1723,445,884,957,1629,1920,1145,1217,965,815,1259,270,1928,847,627,1376,654,1198,1112,2734,986,1281
973,1161,1137,1446,2059,368,551,1035,1020,683,1578,1441,2017,880,1161,1322,1364,1163,1023,1123,776,459,976,1200,952,1498,1237,1263,653,1587,392,1721,1175,1669,1202,1284,1661,622,1076,1769,1351,294,1088,935,1559,889,1220,1120,701,862,1836,2447,2062,1541,522,1213,1221,1037,1453,910,1702,1074,1108,1296,991,1044,1582,1759,886,1289,1316,704,2159,1884,235,1731,450,891,963,1642,1926,1154,1219,969,819,1261,271,1932,849,629,1378,660,1203,1116,2743,991,1288
974,1164,1143,1447,2068,368,552,1041,1026,686,1589,1446,2023,885,1171,1326,1372,1169,1031,1132,778,464,977,1210,955,1502,1243,1271,657,1594,395,1728,1182,1676,1207,1291,1670,625,1084,1778,1355,296,1094,942,1562,896,1228,1123,706,864,1840,2457,2068,1544,524,1222,1223,1045,1454,917,1709,1079,1113,1303,994,1054,1587,1765,889,1295,1317,707,2160,1891,237,1738,451,893,967,1653,1933,1163,1228,971,822,1266,272,1938,853,634,1382,666,1208,1121,2748,994,1291
975,1169,1147,1451,2076,371,558,1047,1031,688,1596,1453,2029,887,1176,1334,1379,1172,1037,1136,780,467,980,1213,957,1505,1249,1278,665,1597,398,1733,1185,1681,1210,1298,1671,627,1088,1785,1357,299,1098,946,1565,900,1235,1127,709,869,1848,2458,2076,1549,528,1228,1230,1053,1460,924,1720,1082,1116,1311,998,1060,1597,1777,894,1299,1325,714,2169,1898,240,1746,452,898,970,1657,1938,1167,1234,974,829,1270,274,1947,859,637,1387,670,1212,1129,2752,996,1294
976,1176,1150,1454,2086,373,559,1055,1035,694,1603,1460,2037,889,1180,1340,1388,1175,1039,1141,786,473,981,1219,962,1513,1254,1286,669,1608,400,1739,1193,1687,1217,1307,1678,632,1093,1791,1364,299,1105,951,1577,902,1240,1133,714,874,1853,2463,2081,1554,530,1232,1237,1057,1464,932,1727,1088,1124,1316,1002,1064,1607,1788,897,1300,1329,718,2175,1902,243,1752,455,904,980,1661,1944,1172,1242,977,832,1273,274,1954,867,638,1394,672,1215,1133,2762,999,1299
977,1178,1152,1460,2094,375,560,1061,1043,702,1609,1470,2043,892,1186,1345,1398,1182,1043,1145,790,475,988,1224,965,1523,1257,1294,672,1615,402,1744,1196,1693,1222,1314,1687,632,1102,1798,1373,303,1111,955,1585,908,1244,1137,720,875,1861,2472,2093,1563,536,1240,1241,1065,1469,938,1733,1092,1129,1324,1003,1064,1616,1795,899,1309,1331,724,2181,1909,244,1758,458,906,983,1668,1957,1180,1248,979,838,1280,274,1963,871,644,1398,681,1227,1136,2767,1004,1304
978,1183,1153,1468,2101,381,562,1065,1045,707,1611,1478,2052,897,1192,1354,1400,1191,1047,1150,795,477,992,1231,972,1527,1258,1297,675,1620,404,1752,1205,1699,1227,1317,1690,635,1105,1805,1378,309,1122,957,1591,912,1247,1141,724,881,1867,2476,2100,1572,539,1248,1248,1069,1474,944,1742,1099,1135,1329,1008,1067,1621,1799,904,1313,1339,732,2189,1914,246,1764,460,911,987,1678,1959,1189,1251,987,842,1283,275,1969,872,645,1400,682,1234,1139,2773,1013,1308
979,1186,1158,1472,2112,383,566,1066,1050,710,1621,1484,2059,906,1197,1357,1408,1195,1053,1153,800,481,996,1236,974,1529,1262,1305,677,1631,407,1758,1207,1706,1233,1322,1697,639,1109,1810,1386,314,1126,964,1600,917,1251,1144,727,888,1874,2485,2109,1576,544,1249,1255,1073,1481,950,1748,1102,1140,1333,1011,1076,1625,1807,907,1319,1350,738,2198,1917,248,1767,462,915,991,1686,1964,1192,1258,999,846,1289,279,1981,877,646,1406,685,1239,1143,2779,1016,1312
980,1189,1160,1478,2116,384,572,1074,1053,718,1628,1484,2063,910,1203,1361,1416,1200,1056,1159,802,485,1002,1240,981,1534,1266,1310,678,1642,411,1762,1213,1710,1236,1325,1706,644,1113,1814,1389,315,1132,973,1605,919,1261,1150,729,896,1878,2492,2120,1584,548,1255,1260,1079,1494,953,1759,1107,1144,1338,1014,1081,1629,1814,914,1322,1355,741,2202,1926,248,1773,465,920,992,1689,1974,1193,1260,1004,854,1297,280,1992,880,651,1411,688,1247,1150,2785,1022,1315
981,1191,1169,1489,2123,386,577,1080,1060,721,1633,1487,2064,917,1209,1366,1421,1205,1058,1163,806,489,1006,1246,985,1542,1268,1321,684,1651,411,1766,1220,1718,1242,1331,1715,649,1125,1818,1394,317,1138,979,1611,919,1265,1156,732,900,1886,2493,2126,1588,549,1262,1266,1087,1498,960,1763,1113,1152,1342,1018,1089,1635,1821,923,1333,1361,747,2208,1936,249,1777,466,926,997,1693,1980,1196,1267,1010,857,1304,281,1999,886,653,1416,691,1250,1154,2796,1025,1320
982,1195,1175,1490,2129,389,580,1083,1068,723,1646,1491,2069,926,1210,1369,1429,1210,1061,1169,807,492,1014,1248,988,1548,1275,1330,688,1660,414,1772,1227,1720,1250,1339,1718,651,1131,1826,1400,319,1143,981,1615,925,1269,1162,735,901,1890,2504,2134,1602,557,1263,1271,1096,1505,966,1767,1117,1160,1351,1025,1094,1643,1831,932,1337,1366,747,2214,1941,249,1785,470,931,1003,1695,1986,1203,1272,1012,862,1309,281,2003,890,661,1421,697,1257,1160,2801,1029,1329
983,1200,1176,1493,2137,392,584,1093,1075,730,1649,1494,2076,932,1214,1375,1434,1219,1070,1175,813,496,1016,1251,990,1555,1283,1339,696,1664,414,1776,1236,1726,1257,1342,1724,654,1136,1834,1404,319,1151,989,1618,930,1273,1165,740,905,1898,2507,2139,1605,564,1267,1274,1099,1511,973,1774,1125,1166,1354,1033,1095,1651,1835,936,1339,1374,749,2219,1947,253,1790,474,940,1009,1701,1992,1212,1275,1018,863,1312,281,2007,896,664,1431,705,1261,1164,2807,1029,1335
984,1205,1178,1499,2140,393,587,1096,1079,731,1654,1500,2088,936,1221,1380,1437,1226,1073,1180,817,500,1020,1258,997,1564,1285,1347,702,1667,416,1785,1244,1731,1260,1351,1733,654,1140,1839,1410,320,1155,990,1622,937,1278,1171,745,910,1906,2520,2145,1610,565,1272,1280,1104,1514,974,1780,1131,1170,1358,1037,1100,1665,1841,943,1346,1380,750,2223,1959,253,1795,475,941,1014,1707,2001,1218,1281,1019,870,1321,282,2015,901,669,1438,709,1266,1171,2814,1033,1342
985,1209,1184,1509,2148,395,592,1102,1083,736,1663,1503,2093,940,1230,1389,1444,1231,1078,1186,820,502,1025,1262,1002,1571,1292,1353,706,1672,417,1793,1251,1742,1261,1361,1736,658,1146,1842,1414,323,1161,997,1631,938,1283,1175,749,911,1913,2528,2154,1617,570,1277,1281,1111,1521,979,1783,1134,1176,1362,1041,1106,1672,1853,951,1353,1385,754,2230,1965,254,1804,478,948,1019,1710,2005,1225,1287,1023,874,1328,282,2025,904,670,1444,713,1268,1176,2820,1041,1345
986,1210,1188,1520,2155,398,599,1106,1087,745,1669,1507,2097,946,1235,1395,1448,1240,1085,1190,827,507,1030,1267,1009,1581,1298,1360,707,1675,422,1798,1259,1752,1268,1367,1740,659,1153,1850,1422,327,1166,1000,1635,943,1289,1180,752,916,1919,2539,2164,1621,572,1281,1288,1116,1530,983,1785,1137,1184,1370,1047,1111,1680,1860,958,1356,1393,755,2234,1972,258,1810,483,951,1025,1715,2013,1233,1289,1029,876,1339,282,2027,910,673,1451,718,1272,1183,2826,1047,1346
987,1218,1193,1521,2167,403,602,1109,1097,754,1675,1510,2105,952,1242,1400,1458,1246,1088,1199,837,510,1036,1273,1009,1588,1309,1369,710,1682,425,1805,1264,1757,1275,1372,1747,666,1158,1863,1429,329,1173,1013,1641,949,1301,1184,758,920,1925,2546,2169,1627,575,1286,1296,1124,1538,988,1797,1140,1188,1377,1052,1116,1683,1871,960,1361,1398,758,2241,1976,265,1815,486,957,1032,1719,2023,1242,1294,1035,882,1343,286,2031,920,678,1458,722,1278,1189,2835,1051,1350
988,1223,1197,1526,2176,405,605,1116,1103,758,1680,1512,2114,957,1247,1409,1464,1254,1094,1204,842,516,1040,1277,1014,1594,1319,1373,714,1688,428,1816,1279,1765,1279,1378,1753,669,1166,1867,1431,332,1179,1019,1647,956,1307,1186,763,923,1930,2551,2179,1631,578,1291,1302,1128,1543,993,1807,1144,1197,1380,1058,1118,1696,1879,965,1369,1405,760,2251,1981,267,1827,489,958,1039,1724,2031,1253,1299,1043,888,1347,291,2033,927,680,1464,724,1281,1194,2845,1057,1356
989,1227,1199,1540,2180,405,609,1118,1106,763,1687,1519,2117,962,1251,1417,1472,1260,1096,1213,848,521,1045,1286,1024,1604,1322,1378,716,1693,430,1823,1287,1773,1283,1386,1757,670,1166,1874,1438,335,1187,1027,1657,963,1312,1192,771,924,1939,2560,2184,1636,582,1300,1306,1132,1551,1001,1814,1149,1203,1384,1062,1122,1702,1884,970,1377,1412,767,2256,1987,269,1832,489,963,1045,1730,2041,1255,1307,1048,897,1354,291,2040,930,681,1472,728,1288,1200,2855,1060,1363
990,1235,1205,1545,2185,409,612,1121,1114,766,1692,1527,2126,970,1256,1422,1479,1265,1101,1218,853,524,1051,1290,1029,1609,1331,1382,717,1698,434,1826,1294,1780,1287,1387,1760,673,1169,1885,1444,337,1190,1030,1668,973,1314,1195,774,930,1946,2567,2193,1645,586,1308,1310,1140,1560,1005,1822,1151,1211,1391,1068,1124,1712,1889,973,1379,1416,772,2264,1994,274,1838,494,964,1048,1740,2047,1262,1312,1050,899,1359,292,2044,934,685,1473,732,1291,1204,2860,1066,1368
991,1244,1209,1550,2192,411,616,1130,1119,768,1699,1530,2135,972,1256,1426,1488,1268,1109,1227,859,527,1057,1296,1032,1616,1334,1386,721,1706,439,1832,1298,1783,1293,1394,1767,677,1175,1892,1445,339,1200,1037,1674,975,1321,1198,778,936,1953,2572,2200,1650,591,1309,1318,1143,1566,1008,1831,1160,1212,1402,1074,1129,1718,1898,976,1381,1421,775,2272,2005,276,1846,498,970,1051,1745,2050,1272,1316,1058,903,1365,294,2051,940,692,1476,734,1297,1212,2870,1071,1373
992,1254,1214,1556,2200,416,621,1136,1122,770,1705,1533,2144,977,1262,1434,1492,1271,1114,1237,865,528,1065,1303,1035,1619,1335,1389,724,1713,442,1839,1304,1791,1299,1401,1773,683,1185,1896,1453,340,1205,1039,1677,979,1327,1206,781,939,1964,2583,2206,1657,594,1313,1324,1152,1572,1012,1836,1169,1221,1408,1084,1137,1725,1904,985,1388,1427,784,2276,2012,278,1852,503,975,1053,1753,2058,1279,1323,1062,905,1372,296,2056,943,700,1482,738,1308,1220,2880,1080,1378
993,1260,1221,1565,2206,420,627,1140,1127,773,1711,1534,2149,981,1267,1440,1498,1276,1116,1246,873,532,1073,1309,1043,1629,1339,1392,730,1722,443,1846,1311,1798,1307,1407,1781,687,1192,1900,1459,341,1211,1044,1691,984,1335,1212,785,948,1971,2591,2215,1660,596,1316,1329,1159,1572,1016,1841,1176,1225,1412,1089,1143,1736,1910,988,1394,1437,789,2281,2021,278,1859,503,979,1061,1759,2062,1285,1331,1068,911,1375,299,2064,949,704,1489,743,1317,1226,2889,1086,1382
994,1266,1229,1573,2211,423,629,1144,1133,780,1714,1542,2155,985,1273,1445,1502,1283,1120,1252,880,536,1079,1317,1047,1635,1346,1398,734,1729,447,1851,1315,1808,1312,1413,1788,691,1199,1906,1467,344,1217,1050,1695,992,1341,1221,791,948,1977,2597,2225,1667,601,1325,1337,1167,1580,1020,1848,1181,1231,1415,1098,1150,1744,1914,995,1399,1445,794,2289,2026,282,1861,506,985,1067,1767,2073,1290,1340,1075,917,1383,301,2077,951,707,1497,749,1325,1234,2900,1090,1386
995,1273,1232,1581,2214,426,629,1150,1139,784,1716,1550,2161,990,1282,1451,1511,1289,1127,1255,882,541,1086,1325,1057,1639,1352,1403,737,1733,449,1853,1324,1819,1315,1421,1792,696,1204,1912,1469,347,1226,1051,1702,997,1348,1222,796,954,1982,2608,2236,1672,604,1333,1339,1171,1586,1027,1859,1187,1236,1420,1105,1154,1751,1922,999,1409,1456,798,2298,2038,284,1868,509,991,1074,1774,2076,1292,1346,1079,926,1388,302,2087,956,715,1501,755,1327,1242,2905,1101,1393
996,1278,1240,1586,2217,429,631,1155,1147,785,1719,1554,2171,994,1290,1455,1520,1293,1138,1257,887,544,1094,1329,1061,1646,1357,1411,740,1743,450,1856,1327,1828,1319,1426,1798,701,1208,1917,1476,348,1232,1061,1707,1003,1360,1231,802,959,1989,2614,2247,1686,606,1336,1341,1180,1589,1029,1865,1191,1242,1427,1111,1157,1761,1924,1008,1419,1458,800,2300,2044,286,1879,510,999,1081,1784,2088,1295,1349,1086,931,1390,303,2094,958,719,1511,760,1330,1245,2912,1106,1403
997,1287,1251,1597,2230,429,633,1158,1150,788,1725,1560,2177,1001,1293,1461,1526,1304,1141,1264,891,549,1098,1333,1065,1650,1365,1412,741,1756,453,1860,1330,1839,1324,1434,1809,705,1209,1923,1480,350,1239,1066,1711,1006,1364,1238,809,967,2001,2616,2257,1694,609,1343,1344,1187,1592,1033,1871,1199,1250,1436,1112,1162,1770,1934,1010,1431,1465,804,2310,2049,287,1885,513,1003,1088,1795,2094,1300,1358,1093,935,1396,305,2106,964,722,1515,762,1338,1246,2917,1110,1407
998,1294,1261,1606,2241,432,637,1161,1153,791,1729,1570,2185,1012,1294,1467,1530,1307,1147,1269,895,555,1100,1341,1069,1652,1369,1415,744,1762,456,1865,1335,1850,1327,1439,1816,716,1216,1928,1484,353,1244,1072,1717,1009,1370,1242,817,967,2006,2626,2261,1698,612,1349,1349,1193,1602,1037,1875,1201,1258,1443,1116,1166,1779,1941,1012,1436,1467,808,2315,2055,290,1892,517,1008,1092,1803,2098,1304,1366,1095,942,1402,307,2112,969,725,1522,766,1346,1251,2922,1119,1413
999,1303,1266,1608,2252,435,638,1165,1158,797,1738,1580,2196,1021,1298,1476,1536,1314,1152,1274,898,559,1107,1347,1074,1656,1377,1422,746,1766,460,1869,1341,1854,1331,1444,1825,720,1225,1933,1490,353,1250,1075,1721,1015,1375,1246,821,974,2013,2630,2266,1701,613,1354,1352,1198,1609,1043,1880,1211,1265,1451,1122,1173,1784,1948,1021,1442,1474,819,2319,2062,293,1899,520,1014,1099,1810,2101,1311,1376,1104,944,1406,308,2120,975,726,1528,773,1350,1256,2935,1122,1417
1000,1308,1272,1615,2261,437,647,1174,1163,799,1741,1585,2206,1027,1305,1484,1542,1322,1161,1280,901,561,1114,1358,1077,1661,1380,1426,748,1771,461,1876,1350,1863,1333,1455,1831,722,1228,1939,1496,354,1256,1085,1730,1022,1379,1249,826,979,2019,2632,2269,1707,614,1365,1356,1206,1615,1052,1886,1218,1269,1459,1124,1179,1790,1951,1024,1448,1479,821,2330,2066,295,1908,521,1022,1103,1815,2109,1320,1381,1110,952,1412,309,2129,981,732,1533,778,1354,1262,2944,1127,1423
1001,1316,1275,1627,2268,440,649,1183,1166,804,1748,1588,2213,1029,1314,1493,1546,1328,1169,1285,908,562,1119,1361,1081,1671,1386,1430,752,1777,462,1885,1354,1867,1337,1459,1836,727,1235,1947,1502,355,1264,1090,1737,1027,1386,1254,830,984,2024,2641,2277,1714,616,1369,1364,1210,1623,1057,1892,1227,1279,1463,1132,1185,1798,1959,1029,1453,1485,826,2337,2077,300,1919,522,1025,1110,1825,2114,1327,1387,1117,958,1418,311,2136,988,736,1542,786,1359,1267,2951,1131,1427
1002,1323,1280,1632,2275,442,653,1191,1172,807,1754,1591,2221,1035,1315,1499,1555,1338,1177,1292,909,567,1125,1369,1088,1674,1393,1434,752,1783,462,1889,1357,1873,1340,1464,1843,728,1238,1954,1505,356,1266,1096,1743,1028,1389,1263,838,988,2033,2645,2284,1720,623,1375,1368,1216,1640,1058,1898,1232,1287,1472,1139,1190,1806,1966,1034,1457,1491,831,2346,2086,304,1921,523,1025,1114,1831,2129,1331,1391,1119,962,1426,317,2142,992,740,1544,795,1368,1274,2963,1132,1432
1003,1333,1288,1637,2283,443,655,1200,1175,814,1762,1596,2229,1043,1319,1508,1561,1344,1178,1302,915,572,1127,1371,1092,1680,1399,1441,758,1791,466,1903,1365,1883,1345,1467,1849,729,1243,1959,1511,361,1273,1099,1751,1034,1401,1272,842,995,2034,2650,2288,1726,626,1379,1375,1224,1644,1063,1904,1234,1299,1482,1141,1195,1812,1970,1042,1462,1495,833,2356,2094,307,1926,528,1028,1121,1839,2138,1332,1396,1126,972,1434,320,2150,1001,744,1551,799,1376,1278,2973,1137,1439
1004,1336,1292,1646,2290,447,659,1204,1179,822,1768,1604,2236,1049,1325,1513,1567,1347,1184,1305,916,573,1129,1377,1096,1694,1403,1449,762,1800,467,1906,1377,1889,1353,1479,1858,734,1254,1965,1516,369,1278,1106,1753,1041,1405,1279,844,999,2044,2658,2294,1731,628,1388,1379,1229,1651,1066,1911,1238,1301,1485,1152,1208,1819,1973,1048,1469,1502,838,2365,2103,311,1931,530,1032,1127,1843,2148,1340,1408,1130,977,1439,322,2153,1007,748,1553,802,1386,1285,2978,1140,1444
1005,1342,1300,1654,2295,450,665,1208,1186,826,1772,1614,2241,1054,1331,1519,1570,1356,1194,1311,919,576,1134,1384,1101,1700,1413,1456,766,1810,467,1914,1383,1898,1358,1489,1865,738,1261,1972,1525,372,1286,1114,1759,1045,1408,1285,849,1004,2051,2665,2298,1739,630,1391,1383,1232,1659,1072,1918,1242,1307,1490,1155,1213,1830,1986,1055,1477,1505,843,2372,2112,312,1939,534,1038,1135,1849,2152,1345,1418,1134,984,1442,323,2157,1018,756,1559,807,1393,1291,2983,1146,1452
1006,1346,1308,1660,2301,452,669,1215,1192,828,1784,1622,2247,1059,1333,1525,1579,1364,1201,1318,926,578,1141,1387,1108,1711,1414,1461,768,1820,469,1918,1389,1903,1363,1496,1869,744,1262,1980,1529,374,1294,1121,1769,1048,1416,1293,855,1007,2056,2676,2304,1748,631,1397,1386,1239,1663,1076,1923,1246,1317,1501,1161,1221,1834,1995,1060,1486,1510,848,2381,2122,313,1944,541,1046,1143,1862,2159,1350,1423,1140,990,1449,324,2162,1021,758,1566,812,1399,1298,2991,1150,1456
1007,1349,1313,1665,2308,456,677,1221,1200,830,1794,1631,2258,1064,1339,1528,1582,1369,1205,1324,931,583,1150,1391,1116,1720,1418,1470,772,1832,473,1930,1399,1908,1369,1502,1874,746,1270,1986,1535,377,1301,1126,1775,1052,1420,1303,862,1009,2066,2684,2312,1753,633,1403,1395,1249,1666,1085,1929,1252,1327,1515,1166,1228,1840,2002,1068,1491,1521,855,2389,2124,314,1952,545,1051,1147,1869,2163,1354,1427,1141,994,1451,329,2165,1028,761,1571,816,1404,1305,3002,1155,1459
1008,1357,1315,1672,2318,456,681,1226,1204,833,1803,1636,2265,1066,1348,1534,1589,1375,1208,1332,937,587,1154,1398,1122,1723,1420,1476,778,1847,475,1933,1405,1915,1372,1512,1885,751,1278,1994,1544,378,1308,1134,1783,1057,1429,1304,865,1014,2077,2688,2323,1760,636,1409,1401,1255,1674,1089,1937,1256,1334,1520,1168,1231,1851,2008,1074,1499,1522,858,2397,2134,316,1958,551,1060,1154,1875,2172,1363,1432,1145,997,1458,334,2172,1032,763,1576,824,1408,1312,3006,1162,1467
1009,1364,1322,1673,2324,458,687,1235,1206,836,1813,1641,2268,1068,1359,1540,1592,1383,1217,1339,946,589,1159,1405,1124,1733,1424,1484,787,1852,478,1940,1411,1924,1376,1520,1891,756,1289,2000,1545,385,1314,1139,1788,1061,1437,1316,870,1017,2086,2695,2330,1767,640,1415,1405,1262,1679,1094,1943,1262,1342,1526,1178,1237,1858,2022,1081,1505,1530,867,2404,2140,320,1968,555,1063,1157,1876,2178,1367,1439,1149,999,1464,335,2179,1041,768,1581,829,1410,1318,3011,1169,1474
1010,1372,1331,1677,2335,460,691,1245,1213,837,1818,1646,2277,1076,1367,1543,1597,1391,1221,1344,955,593,1165,1409,1130,1741,1431,1490,788,1860,482,1954,1417,1930,1379,1525,1898,762,1297,2008,1548,390,1318,1144,1792,1071,1445,1319,875,1025,2093,2704,2335,1774,644,1421,1410,1269,1693,1098,1948,1268,1343,1534,1186,1242,1867,2029,1091,1512,1537,871,2416,2149,323,1980,561,1068,1157,1881,2188,1374,1447,1156,1009,1465,339,2181,1047,773,1589,833,1417,1323,3020,1172,1479
1011,1377,1335,1680,2343,464,695,1250,1219,841,1822,1654,2285,1080,1376,1554,1603,1397,1226,1354,961,597,1172,1416,1138,1747,1432,1499,792,1867,485,1957,1428,1936,1386,1534,1903,764,1302,2017,1560,391,1326,1148,1795,1081,1453,1325,878,1031,2104,2711,2344,1781,649,1431,1415,1278,1699,1104,1951,1272,1348,1542,1189,1243,1877,2033,1101,1521,1544,876,2424,2155,326,1986,569,1075,1164,1890,2196,1379,1453,1160,1013,1470,339,2189,1055,778,1596,836,1420,1329,3024,1178,1486
1012,1383,1341,1689,2349,465,700,1259,1222,845,1830,1660,2294,1081,1384,1559,1607,1405,1232,1361,964,600,1176,1419,1140,1752,1437,1506,799,1873,490,1968,1434,1938,1394,1538,1904,766,1307,2021,1564,391,1327,1154,1800,1090,1458,1331,884,1034,2113,2717,2357,1794,652,1437,1421,1284,1709,1107,1957,1283,1352,1545,1192,1252,1888,2042,1107,1528,1552,881,2428,2161,329,1996,576,1079,1171,1900,2201,1383,1461,1172,1023,1475,343,2195,1062,782,1601,840,1425,1335,3031,1183,1492
1013,1389,1348,1698,2359,469,705,1262,1230,852,1837,1668,2300,1087,1391,1567,1613,1410,1236,1372,971,606,1183,1425,1144,1762,1448,1514,805,1882,491,1976,1443,1944,1402,1547,1910,773,1311,2025,1572,396,1331,1160,1808,1095,1463,1336,887,1036,2119,2722,2366,1801,656,1444,1428,1291,1716,1108,1963,1287,1355,1551,1196,1260,1897,2047,1112,1536,1563,886,2438,2167,333,2001,578,1084,1176,1907,2208,1389,1468,1178,1031,1481,347,2199,1072,782,1607,846,1431,1341,3036,1186,1505
1014,1391,1352,1713,2371,472,709,1265,1237,856,1843,1673,2307,1096,1395,1568,1624,1419,1236,1377,975,615,1186,1435,1155,1771,1452,1519,807,1891,495,1981,1449,1956,1408,1551,1916,776,1318,2032,1580,399,1338,1166,1815,1103,1467,1342,889,1039,2124,2733,2370,1810,658,1450,1436,1298,1725,1111,1968,1291,1362,1558,1199,1264,1902,2055,1115,1542,1569,892,2443,2172,335,2003,580,1089,1179,1914,2216,1396,1474,1184,1042,1485,351,2202,1080,784,1618,848,1439,1346,3039,1194,1511
1015,1400,1356,1726,2379,476,713,1271,1243,859,1846,1683,2314,1101,1403,1576,1626,1424,1241,1384,984,617,1192,1441,1162,1777,1455,1524,811,1900,495,1990,1452,1970,1412,1558,1927,783,1321,2040,1588,400,1345,1172,1821,1110,1476,1350,895,1046,2133,2739,2377,1818,666,1453,1442,1304,1732,1124,1975,1297,1369,1564,1208,1272,1914,2059,1119,1545,1575,898,2449,2177,337,2011,581,1092,1184,1921,2224,1398,1483,1191,1050,1492,355,2212,1084,789,1623,853,1444,1354,3050,1202,1514
1016,1407,1361,1728,2384,478,715,1276,1248,864,1854,1686,2324,1112,1408,1583,1629,1433,1248,1388,990,623,1202,1447,1167,1784,1463,1532,813,1910,499,1996,1457,1979,1417,1565,1932,786,1326,2043,1598,404,1352,1177,1827,1117,1480,1356,897,1054,2141,2747,2385,1827,672,1462,1447,1312,1743,1133,1985,1304,1375,1569,1211,1277,1919,2064,1121,1551,1582,903,2458,2182,340,2013,585,1100,1190,1929,2232,1402,1493,1200,1055,1495,356,2217,1091,795,1626,860,1452,1357,3054,1207,1518
1017,1410,1369,1734,2391,482,717,1282,1253,874,1857,1699,2329,1118,1413,1590,1635,1437,1254,1390,997,627,1209,1449,1169,1793,1467,1536,814,1922,501,2004,1461,1982,1422,1575,1941,790,1333,2055,1610,409,1360,1182,1831,1120,1487,1365,905,1055,2147,2755,2394,1835,676,1465,1453,1320,1747,1141,1991,1309,1379,1571,1218,1282,1930,2070,1131,1558,1586,910,2462,2187,347,2019,592,1102,1195,1935,2245,1410,1500,1204,1061,1501,359,2226,1094,796,1636,864,1458,1358,3058,1213,1522
1018,1417,1379,1741,2398,484,721,1290,1257,880,1864,1703,2338,1123,1418,1598,1645,1441,1259,1400,1000,629,1220,1454,1175,1802,1478,1550,817,1930,503,2007,1467,1992,1429,1580,1946,796,1341,2069,1622,417,1368,1189,1843,1131,1491,1366,911,1062,2153,2765,2400,1838,683,1471,1455,1325,1756,1143,1998,1314,1383,1574,1225,1285,1938,2074,1136,1565,1592,916,2469,2199,347,2025,594,1105,1202,1945,2250,1420,1505,1212,1066,1509,362,2234,1100,804,1644,867,1465,1366,3069,1216,1525
1019,1422,1386,1747,2403,490,725,1297,1261,886,1875,1708,2344,1129,1422,1608,1651,1449,1268,1409,1008,636,1228,1459,1182,1809,1485,1557,818,1932,509,2015,1475,2001,1437,1581,1954,799,1345,2076,1630,420,1375,1193,1853,1135,1499,1376,915,1068,2160,2770,2412,1844,687,1478,1461,1331,1762,1150,2005,1318,1386,1584,1231,1293,1940,2087,1142,1576,1600,922,2478,2204,349,2037,596,1111,1211,1956,2257,1432,1512,1216,1072,1515,365,2242,1105,808,1648,875,1472,1370,3081,1221,1530
1020,1428,1394,1759,2407,495,730,1302,1266,889,1887,1714,2351,1130,1425,1615,1661,1457,1276,1415,1013,640,1236,1466,1188,1818,1496,1563,823,1939,512,2019,1478,2012,1445,1587,1961,800,1353,2084,1635,420,1382,1198,1855,1141,1505,1381,918,1074,2165,2776,2416,1852,690,1488,1463,1342,1767,1156,2013,1323,1389,1589,1237,1297,1947,2093,1148,1585,1604,927,2483,2213,352,2048,603,1118,1224,1959,2266,1444,1525,1229,1078,1519,367,2247,1110,810,1659,882,1481,1378,3089,1228,1537
1021,1435,1399,1762,2414,498,733,1308,1272,893,1897,1722,2361,1131,1433,1622,1673,1462,1280,1422,1020,642,1241,1470,1194,1826,1505,1568,826,1943,512,2026,1489,2018,1451,1597,1965,805,1362,2096,1645,422,1388,1204,1863,1146,1508,1388,923,1078,2176,2779,2426,1861,695,1494,1470,1348,1774,1162,2022,1325,1398,1596,1241,1300,1950,2099,1153,1590,1608,931,2490,2220,355,2054,608,1124,1232,1965,2276,1454,1533,1233,1081,1527,369,2251,1116,818,1663,886,1491,1387,3098,1236,1546
1022,1441,1405,1772,2422,500,736,1312,1283,901,1904,1732,2368,1139,1439,1627,1682,1467,1284,1426,1026,643,1246,1476,1199,1832,1517,1575,829,1948,512,2037,1495,2023,1463,1602,1974,808,1369,2103,1650,423,1397,1208,1871,1150,1512,1395,929,1084,2180,2783,2433,1867,698,1500,1474,1354,1780,1170,2024,1330,1406,1603,1245,1302,1955,2105,1160,1597,1616,933,2499,2232,359,2064,615,1126,1233,1967,2281,1458,1540,1240,1085,1531,371,2261,1120,824,1669,890,1498,1393,3105,1242,1554
1023,1448,1406,1780,2435,503,744,1319,1288,902,1910,1745,2376,1145,1447,1633,1688,1472,1295,1442,1030,645,1251,1483,1202,1839,1523,1582,834,1952,515,2042,1501,2029,1466,1611,1978,812,1379,2113,1661,425,1407,1211,1875,1155,1518,1399,932,1086,2184,2787,2438,1878,701,1506,1482,1361,1784,1179,2032,1336,1412,1610,1252,1310,1962,2115,1165,1605,1625,939,2505,2239,361,2070,617,1132,1238,1974,2285,1464,1545,1246,1089,1538,374,2267,1125,825,1677,895,1508,1398,3107,1251,1565
1024,1457,1412,1788,2437,505,749,1326,1294,907,1925,1754,2380,1158,1455,1638,1694,1481,1303,1449,1033,647,1261,1489,1203,1849,1531,1587,838,1959,517,2048,1510,2033,1469,1617,1983,816,1387,2121,1666,429,1417,1217,1880,1163,1525,1405,939,1093,2189,2792,2449,1889,705,1510,1488,1366,1791,1182,2042,1340,1420,1623,1258,1313,1970,2118,1168,1615,1629,943,2517,2248,362,2074,621,1137,1245,1986,2291,1473,1553,1255,1095,1543,376,2273,1135,834,1680,904,1513,1405,3114,1259,1571
1025,1462,1418,1794,2446,506,753,1338,1299,908,1932,1759,2385,1162,1468,1644,1697,1486,1306,1452,1036,652,1266,1499,1206,1858,1535,1593,841,1963,521,2049,1515,2042,1476,1629,1989,820,1398,2128,1672,432,1423,1225,1892,1165,1529,1414,940,1096,2195,2803,2456,1897,706,1516,1497,1371,1800,1186,2046,1345,1427,1626,1265,1320,1979,2124,1175,1618,1635,946,2521,2262,367,2083,626,1140,1248,1991,2297,1480,1562,1264,1099,1548,378,2277,1138,835,1686,908,1521,1407,3125,1264,1579
1026,1468,1423,1802,2454,511,757,1345,1304,916,1943,1767,2398,1166,1469,1648,1707,1489,1312,1464,1041,656,1270,1503,1217,1867,1541,1599,845,1970,523,2058,1518,2057,1481,1634,1998,825,1410,2134,1676,435,1425,1229,1899,1168,1535,1421,948,1106,2200,2814,2464,1903,710,1521,1502,1381,1810,1191,2055,1349,1434,1631,1270,1326,1985,2131,1177,1625,1645,957,2530,2268,370,2092,629,1144,1249,2003,2307,1485,1566,1268,1104,1555,380,2285,1140,840,1693,918,1535,1410,3129,1270,1582
1027,1480,1428,1815,2460,514,759,1351,1310,922,1954,1774,2408,1173,1475,1660,1712,1499,1317,1470,1048,659,1275,1516,1225,1877,1548,1604,849,1974,524,2062,1524,2066,1488,1641,2004,831,1415,2146,1681,437,1433,1237,1902,1179,1541,1432,955,1111,2211,2823,2469,1911,711,1529,1510,1387,1818,1195,2063,1354,1438,1642,1272,1330,1992,2138,1179,1633,1650,962,2537,2274,375,2103,635,1148,1255,2012,2313,1490,1573,1270,1112,1561,384,2299,1147,849,1703,926,1544,1414,3137,1274,1588
1028,1485,1439,1824,2469,515,760,1357,1316,924,1964,1783,2411,1176,1480,1667,1717,1504,1325,1479,1054,663,1277,1521,1228,1886,1554,1619,855,1980,528,2071,1536,2071,1492,1644,2011,835,1422,2153,1692,440,1439,1244,1906,1185,1544,1437,962,1118,2225,2833,2477,1913,714,1533,1517,1397,1824,1198,2072,1362,1447,1652,1278,1335,2000,2147,1183,1640,1665,967,2546,2286,378,2108,639,1152,1261,2019,2322,1500,1579,1273,1115,1564,386,2302,1153,854,1710,929,1549,1421,3144,1279,1593
1029,1490,1452,1829,2475,520,762,1358,1321,931,1969,1787,2417,1178,1486,1673,1724,1516,1330,1484,1058,666,1280,1523,1238,1891,1562,1622,857,1987,530,2078,1544,2080,1505,1654,2024,839,1429,2164,1702,440,1445,1251,1914,1194,1551,1442,967,1124,2230,2839,2485,1921,720,1541,1518,1403,1832,1204,2078,1366,1453,1663,1285,1339,2006,2152,1191,1644,1670,972,2555,2293,378,2120,647,1159,1267,2025,2331,1508,1585,1278,1118,1569,388,2310,1158,858,1715,933,1554,1426,3149,1288,1598
1030,1495,1462,1839,2481,522,765,1364,1323,939,1976,1789,2426,1181,1498,1683,1731,1521,1337,1493,1060,671,1287,1525,1243,1901,1568,1628,862,1994,533,2086,1547,2088,1512,1657,2031,842,1436,2173,1711,443,1453,1254,1919,1198,1562,1450,970,1129,2234,2843,2491,1927,722,1545,1525,1410,1841,1210,2083,1383,1460,1666,1296,1342,2010,2160,1196,1647,1676,976,2560,2300,383,2125,653,1166,1276,2034,2338,1513,1590,1281,1122,1574,389,2319,1163,860,1718,937,1561,1432,3154,1299,1604
1031,1502,1465,1850,2489,530,767,1367,1328,944,1981,1797,2435,1189,1507,1693,1736,1527,1342,1501,1062,674,1298,1529,1247,1913,1571,1635,864,2000,540,2097,1550,2095,1514,1665,2038,854,1447,2180,1716,446,1458,1260,1929,1205,1572,1454,975,1135,2242,2849,2495,1939,723,1557,1533,1412,1849,1214,2094,1388,1466,1670,1303,1353,2020,2169,1203,1656,1682,979,2574,2306,387,2132,656,1171,1279,2039,2346,1518,1597,1286,1129,1579,392,2329,1170,864,1724,942,1571,1440,3160,1304,1610
1032,1513,1474,1858,2496,534,772,1372,1339,949,1990,1802,2442,1195,1518,1697,1742,1535,1352,1507,1067,676,1308,1538,1251,1922,1576,1642,873,2007,540,2104,1561,2103,1520,1675,2047,857,1450,2187,1725,449,1464,1265,1932,1214,1577,1459,983,1137,2249,2861,2506,1944,729,1567,1538,1422,1854,1220,2098,1395,1471,1681,1313,1360,2030,2180,1210,1659,1687,989,2585,2314,388,2137,661,1174,1282,2047,2354,1523,1604,1290,1135,1586,395,2337,1181,867,1735,949,1578,1449,3169,1308,1616
1033,1517,1483,1865,2504,539,775,1376,1347,956,1997,1809,2450,1203,1532,1699,1751,1544,1357,1514,1072,679,1313,1544,1259,1925,1582,1648,877,2019,543,2109,1569,2112,1525,1687,2055,860,1456,2195,1732,450,1475,1272,1936,1220,1589,1465,988,1140,2254,2870,2520,1951,732,1573,1547,1429,1862,1227,2105,1401,1478,1690,1318,1366,2034,2189,1222,1662,1691,993,2592,2322,390,2152,663,1181,1288,2052,2361,1531,1614,1292,1144,1591,397,2350,1187,869,1740,954,1585,1455,3179,1314,1622
1034,1524,1492,1871,2515,543,781,1386,1356,960,2003,1812,2460,1211,1539,1706,1756,1550,1367,1522,1074,680,1319,1551,1264,1934,1587,1652,885,2028,544,2118,1571,2118,1535,1693,2065,866,1464,2203,1739,452,1481,1277,1946,1227,1594,1474,994,1143,2269,2878,2531,1959,734,1579,1558,1438,1869,1231,2116,1405,1485,1698,1323,1372,2041,2199,1227,1672,1701,996,2602,2333,393,2155,666,1186,1298,2060,2366,1540,1621,1299,1150,1594,400,2356,1191,871,1744,961,1592,1460,3183,1318,1630
1035,1532,1498,1878,2519,550,785,1391,1363,964,2009,1818,2468,1221,1545,1708,1761,1558,1369,1528,1082,685,1326,1560,1269,1942,1594,1657,890,2033,546,2125,1575,2124,1540,1701,2071,869,1472,2210,1747,453,1490,1285,1953,1234,1601,1482,999,1148,2279,2886,2542,1969,738,1585,1565,1446,1883,1238,2122,1411,1493,1702,1329,1381,2048,2204,1232,1680,1704,1001,2610,2345,397,2160,669,1193,1304,2067,2373,1546,1624,1305,1155,1602,403,2368,1207,883,1749,964,1599,1466,3193,1322,1641
1036,1538,1505,1885,2528,554,789,1401,1371,972,2013,1825,2477,1230,1549,1716,1771,1562,1372,1538,1089,688,1332,1568,1275,1947,1604,1660,900,2037,548,2134,1581,2136,1547,1710,2079,873,1479,2216,1756,453,1499,1296,1963,1240,1605,1488,1004,1158,2288,2891,2548,1977,743,1589,1574,1453,1885,1244,2131,1424,1500,1712,1330,1390,2055,2210,1239,1686,1709,1004,2616,2351,399,2168,675,1202,1305,2073,2378,1549,1629,1308,1165,1607,403,2377,1214,887,1752,970,1604,1472,3202,1325,1646
1037,1546,1510,1893,2536,559,794,1408,1383,980,2017,1829,2479,1237,1555,1720,1777,1567,1381,1542,1092,689,1338,1571,1278,1952,1613,1672,906,2048,552,2143,1587,2143,1556,1714,2082,877,1486,2220,1764,456,1506,1304,1970,1247,1607,1491,1010,1164,2299,2899,2556,1985,748,1594,1580,1461,1895,1250,2139,1431,1510,1716,1332,1397,2063,2214,1245,1691,1713,1008,2623,2354,403,2178,678,1212,1310,2081,2388,1558,1634,1313,1171,1620,407,2382,1222,897,1757,976,1608,1476,3209,1333,1656
1038,1551,1519,1900,2537,563,797,1420,1393,983,2025,1833,2488,1241,1562,1731,1790,1575,1387,1549,1095,691,1343,1577,1292,1958,1622,1680,908,2056,553,2150,1592,2150,1559,1722,2086,880,1497,2226,1772,461,1509,1311,1975,1251,1615,1493,1016,1169,2302,2912,2562,1989,750,1606,1584,1465,1902,1257,2151,1439,1514,1721,1342,1401,2074,2223,1251,1698,1716,1015,2633,2363,406,2186,680,1221,1315,2085,2396,1565,1638,1317,1176,1627,408,2388,1228,900,1761,983,1614,1483,3216,1335,1660
1039,1565,1524,1911,2542,570,801,1427,1403,988,2031,1844,2494,1248,1570,1740,1793,1580,1393,1553,1103,696,1349,1586,1297,1969,1624,1694,917,2065,553,2157,1597,2156,1569,1727,2094,883,1502,2234,1778,463,1515,1320,1982,1262,1625,1495,1018,1175,2309,2922,2567,1999,754,1607,1592,1469,1906,1269,2163,1449,1523,1727,1349,1408,2082,2223,1259,1704,1724,1019,2637,2368,411,2192,683,1229,1318,2102,2403,1575,1650,1324,1182,1635,410,2396,1234,904,1767,987,1623,1494,3223,1345,1667
1040,1570,1533,1921,2557,573,804,1436,1412,991,2040,1853,2501,1254,1575,1751,1801,1588,1404,1562,1108,699,1356,1590,1300,1978,1629,1703,922,2068,559,2164,1606,2166,1576,1733,2104,888,1506,2239,1783,464,1523,1327,1991,1264,1628,1506,1027,1179,2314,2924,2574,2013,758,1614,1599,1482,1916,1273,2168,1453,1534,1731,1355,1415,2091,2230,1268,1713,1731,1025,2641,2375,414,2197,685,1240,1323,2107,2411,1583,1657,1327,1186,1643,413,2402,1243,909,1776,992,1626,1502,3232,1351,1675
1041,1572,1538,1926,2565,578,807,1444,1418,995,2046,1861,2507,1261,1584,1759,1808,1596,1415,1573,1116,704,1365,1603,1302,1986,1635,1712,925,2074,562,2171,1612,2172,1582,1741,2108,893,1513,2245,1792,465,1528,1329,2003,1272,1634,1513,1030,1183,2319,2934,2578,2021,763,1622,1605,1487,1925,1283,2175,1460,1544,1738,1358,1420,2101,2235,1274,1719,1737,1034,2645,2384,417,2212,689,1250,1329,2110,2421,1593,1661,1333,1192,1648,420,2411,1252,911,1786,997,1631,1508,3239,1355,1686
1042,1579,1546,1931,2570,582,813,1448,1425,998,2052,1863,2513,1275,1591,1768,1816,1599,1423,1579,1120,709,1370,1610,1314,1993,1639,1722,927,2082,564,2174,1623,2181,1586,1749,2116,896,1519,2251,1797,466,1533,1333,2011,1275,1642,1525,1041,1195,2328,2942,2581,2026,772,1631,1608,1492,1933,1287,2183,1463,1552,1746,1365,1421,2108,2243,1284,1725,1739,1040,2648,2387,420,2219,691,1258,1334,2116,2427,1603,1665,1340,1197,1659,421,2418,1260,915,1794,1003,1643,1514,3246,1364,1693
1043,1590,1558,1934,2582,588,816,1455,1428,1001,2057,1870,2529,1286,1601,1779,1823,1611,1427,1588,1122,713,1376,1617,1319,2000,1648,1731,929,2094,572,2177,1628,2187,1596,1757,2121,902,1522,2259,1807,472,1543,1342,2023,1286,1650,1533,1045,1201,2336,2953,2590,2034,776,1636,1616,1500,1943,1293,2191,1466,1558,1755,1372,1428,2116,2250,1292,1736,1745,1047,2656,2394,420,2229,696,1264,1343,2122,2434,1609,1672,1347,1205,1669,423,2428,1265,920,1806,1008,1649,1523,3250,1369,1694
1044,1603,1569,1942,2592,592,822,1462,1435,1010,2062,1877,2540,1287,1607,1783,1827,1617,1432,1595,1126,720,1381,1624,1326,2011,1660,1736,936,2107,573,2183,1637,2191,1599,1764,2128,907,1526,2265,1810,473,1549,1356,2028,1294,1657,1539,1047,1205,2342,2960,2597,2040,781,1640,1622,1507,1947,1297,2196,1474,1572,1764,1377,1437,2123,2261,1297,1745,1760,1053,2666,2405,423,2238,701,1269,1353,2130,2443,1617,1673,1356,1210,1673,425,2434,1278,926,1816,1020,1650,1530,3263,1374,1703
1045,1612,1573,1951,2596,603,830,1469,1443,1017,2069,1887,2547,1288,1621,1794,1834,1623,1438,1601,1132,725,1389,1628,1332,2016,1667,1745,946,2115,577,2187,1644,2197,1606,1775,2132,912,1532,2277,1814,476,1552,1364,2034,1295,1667,1547,1057,1217,2349,2966,2604,2057,782,1645,1628,1515,1952,1305,2207,1479,1578,1771,1382,1441,2132,2276,1303,1748,1763,1057,2675,2414,424,2240,710,1276,1358,2138,2448,1624,1679,1366,1216,1681,428,2438,1284,934,1820,1030,1656,1535,3267,1378,1712
1046,1616,1581,1959,2604,607,833,1475,1447,1024,2078,1897,2550,1296,1628,1801,1847,1628,1444,1611,1139,730,1395,1636,1341,2021,1677,1755,952,2122,581,2190,1653,2200,1612,1783,2136,917,1538,2283,1825,480,1559,1370,2048,1304,1671,1555,1061,1221,2358,2974,2613,2064,785,1657,1635,1517,1963,1308,2217,1484,1583,1777,1383,1448,2138,2285,1307,1753,1773,1060,2679,2426,428,2250,712,1288,1369,2144,2454,1635,1688,1371,1228,1683,430,2451,1289,938,1829,1036,1663,1542,3276,1380,1718
1047,1622,1587,1969,2612,609,836,1486,1461,1029,2082,1905,2556,1306,1632,1812,1861,1634,1453,1617,1143,739,1406,1642,1345,2032,1684,1761,958,2130,585,2197,1659,2212,1618,1792,2140,921,1545,2290,1832,484,1564,1375,2055,1311,1677,1561,1068,1229,2363,2985,2618,2073,789,1662,1638,1521,1969,1316,2230,1495,1587,1786,1394,1453,2145,2294,1311,1761,1778,1061,2690,2429,428,2262,716,1295,1372,2147,2460,1640,1695,1381,1231,1684,432,2460,1298,940,1836,1040,1670,1550,3282,1391,1728
1048,1634,1592,1979,2618,616,838,1492,1467,1036,2090,1913,2568,1319,1643,1818,1870,1640,1463,1624,1152,742,1412,1649,1352,2041,1693,1768,961,2136,587,2210,1671,2217,1629,1807,2148,923,1551,2297,1839,487,1569,1382,2061,1319,1684,1568,1074,1240,2370,2995,2625,2084,795,1671,1647,1524,1984,1327,2236,1503,1594,1794,1407,1459,2148,2302,1313,1768,1787,1069,2697,2437,433,2268,721,1304,1384,2152,2468,1646,1701,1386,1238,1690,436,2469,1300,948,1844,1048,1673,1557,3291,1399,1730
1049,1642,1594,1991,2624,617,843,1501,1472,1043,2099,1924,2577,1329,1649,1828,1878,1643,1471,1632,1159,746,1416,1658,1359,2049,1698,1773,970,2144,589,2217,1677,2227,1637,1812,2162,933,1555,2301,1842,491,1579,1385,2066,1324,1694,1577,1080,1251,2376,3005,2628,2086,802,1681,1655,1532,1989,1332,2243,1505,1607,1803,1414,1466,2153,2312,1318,1780,1795,1075,2702,2443,437,2276,725,1310,1393,2161,2476,1650,1706,1390,1242,1697,439,2475,1310,954,1851,1053,1680,1566,3300,1406,1732
1050,1649,1600,2001,2628,623,845,1506,1480,1051,2108,1930,2581,1335,1655,1834,1885,1650,1482,1636,1169,750,1425,1663,1365,2059,1708,1780,976,2151,594,2225,1682,2229,1644,1821,2175,936,1560,2312,1847,497,1583,1390,2072,1326,1703,1583,1088,1259,2383,3012,2639,2094,804,1686,1662,1542,1997,1337,2254,1509,1614,1806,1422,1472,2159,2319,1326,1788,1803,1088,2714,2451,441,2283,730,1315,1400,2167,2480,1659,1710,1397,1249,1708,444,2480,1315,957,1855,1057,1684,1573,3303,1409,1739
1051,1654,1607,2010,2639,626,849,1512,1491,1056,2112,1935,2585,1339,1660,1842,1891,1655,1491,1643,1180,756,1431,1668,1378,2069,1713,1781,981,2159,604,2227,1689,2233,1653,1831,2181,946,1573,2320,1852,500,1598,1397,2079,1336,1713,1589,1098,1265,2392,3017,2646,2100,808,1694,1671,1550,2002,1344,2263,1518,1623,1810,1427,1483,2162,2325,1327,1796,1807,1092,2722,2462,445,2290,735,1321,1406,2175,2491,1665,1718,1405,1257,1715,447,2492,1318,961,1860,1062,1694,1581,3312,1418,1746
1052,1660,1611,2016,2645,630,852,1520,1495,1060,2122,1941,2591,1347,1670,1854,1897,1664,1497,1648,1182,760,1436,1678,1383,2079,1715,1793,994,2172,608,2233,1692,2237,1656,1837,2192,949,1578,2323,1862,501,1601,1403,2089,1341,1720,1598,1102,1271,2398,3024,2652,2107,810,1701,1678,1555,2007,1352,2268,1524,1634,1826,1434,1486,2169,2330,1332,1802,1818,1097,2729,2468,446,2296,737,1333,1414,2183,2496,1670,1721,1409,1265,1719,453,2496,1324,969,1866,1074,1704,1585,3320,1423,1750
1053,1671,1621,2023,2660,635,860,1527,1499,1061,2132,1949,2600,1356,1678,1864,1904,1667,1501,1653,1186,762,1441,1684,1392,2088,1721,1800,1005,2180,610,2245,1704,2250,1661,1847,2202,953,1583,2331,1868,503,1605,1406,2096,1349,1728,1602,1107,1276,2406,3034,2663,2113,815,1711,1691,1563,2018,1362,2276,1531,1643,1838,1438,1493,2180,2334,1340,1808,1827,1102,2746,2476,451,2303,738,1337,1422,2193,2504,1673,1731,1413,1269,1729,459,2503,1333,974,1873,1077,1710,1590,3328,1431,1752
1054,1678,1635,2033,2669,640,863,1537,1508,1069,2137,1957,2609,1359,1688,1873,1909,1674,1504,1665,1194,765,1451,1685,1399,2091,1726,1807,1009,2188,615,2252,1719,2257,1663,1860,2208,959,1590,2339,1877,507,1612,1409,2109,1356,1733,1609,1112,1283,2414,3042,2673,2125,815,1721,1697,1569,2025,1370,2286,1539,1655,1845,1443,1499,2188,2343,1346,1813,1835,1108,2754,2486,454,2305,744,1347,1428,2204,2512,1678,1737,1424,1278,1736,459,2510,1337,980,1879,1081,1717,1601,3335,1437,1759
1055,1687,1639,2039,2680,647,871,1544,1518,1075,2141,1964,2615,1363,1694,1879,1915,1681,1511,1669,1198,769,1461,1691,1406,2098,1735,1814,1016,2197,618,2257,1725,2262,1671,1867,2212,962,1599,2345,1885,511,1620,1421,2114,1371,1741,1616,1115,1287,2418,3049,2687,2132,817,1726,1701,1577,2032,1382,2295,1545,1666,1855,1449,1512,2192,2355,1352,1820,1843,1119,2759,2495,456,2311,748,1351,1431,2211,2522,1685,1741,1430,1281,1740,460,2521,1342,987,1887,1085,1720,1606,3339,1444,1766
1056,1696,1647,2047,2689,650,874,1552,1525,1084,2151,1971,2622,1370,1699,1889,1922,1685,1516,1677,1208,775,1469,1697,1414,2103,1740,1824,1019,2202,620,2266,1733,2273,1684,1870,2227,968,1605,2352,1891,513,1628,1423,2121,1377,1751,1625,1120,1293,2428,3053,2695,2139,824,1730,1708,1584,2038,1388,2303,1554,1668,1863,1457,1518,2205,2364,1359,1825,1847,1126,2775,2501,462,2317,754,1361,1438,2219,2528,1687,1750,1438,1290,1748,463,2532,1348,995,1892,1087,1729,1612,3347,1450,1776
1057,1701,1653,2058,2701,655,880,1556,1531,1089,2158,1977,2627,1380,1708,1896,1930,1694,1523,1681,1213,784,1481,1706,1426,2113,1748,1832,1024,2209,624,2272,1741,2280,1693,1876,2238,975,1611,2358,1898,519,1635,1430,2128,1386,1757,1632,1128,1302,2435,3057,2703,2155,830,1740,1719,1589,2045,1396,2317,1562,1679,1866,1467,1528,2216,2373,1370,1834,1861,1131,2783,2514,469,2325,757,1371,1447,2228,2540,1695,1758,1443,1293,1755,465,2547,1356,999,1901,1093,1735,1619,3357,1456,1790
1058,1709,1662,2061,2711,662,883,1565,1536,1095,2164,1987,2636,1386,1715,1904,1935,1703,1532,1688,1217,790,1485,1708,1435,2119,1755,1842,1030,2212,633,2276,1748,2289,1700,1882,2248,981,1613,2365,1911,524,1645,1438,2138,1391,1763,1642,1134,1310,2443,3063,2706,2162,836,1744,1726,1594,2058,1402,2322,1568,1687,1871,1473,1537,2225,2386,1384,1841,1864,1140,2790,2522,469,2334,763,1375,1455,2239,2546,1704,1763,1451,1302,1766,470,2556,1363,1003,1903,1098,1742,1628,3364,1467,1798
1059,1717,1670,2067,2723,669,896,1573,1541,1103,2174,1995,2643,1391,1722,1911,1943,1713,1539,1691,1223,792,1489,1718,1441,2132,1762,1845,1036,2214,638,2290,1753,2295,1711,1888,2260,987,1617,2374,1919,529,1656,1440,2147,1395,1770,1647,1140,1316,2454,3072,2717,2170,841,1756,1733,1602,2062,1410,2333,1573,1693,1884,1481,1545,2233,2396,1392,1846,1877,1143,2798,2534,474,2341,764,1384,1465,2246,2554,1713,1771,1459,1304,1769,475,2561,1373,1005,1912,1104,1749,1639,3371,1473,1807
1060,1728,1679,2074,2732,669,903,1576,1547,1107,2180,2002,2652,1398,1726,1917,1949,1724,1546,1696,1229,794,1503,1728,1443,2140,1769,1850,1041,2225,646,2295,1759,2311,1720,1895,2264,993,1623,2378,1927,535,1666,1445,2153,1398,1774,1658,1148,1324,2460,3081,2727,2176,846,1762,1738,1610,2071,1416,2345,1581,1700,1897,1489,1556,2237,2406,1396,1854,1884,1151,2802,2544,478,2347,770,1392,1474,2255,2565,1722,1784,1472,1313,1778,475,2565,1379,1009,1918,1109,1754,1643,3380,1483,1815
1061,1737,1684,2082,2742,673,909,1578,1554,1112,2187,2010,2661,1405,1732,1925,1956,1732,1550,1702,1234,798,1513,1733,1453,2152,1776,1854,1044,2238,648,2303,1766,2319,1726,1899,2270,1001,1631,2380,1931,538,1674,1452,2158,1404,1780,1663,1159,1332,2467,3088,2735,2190,851,1769,1746,1617,2081,1420,2360,1586,1709,1906,1497,1558,2244,2414,1404,1863,1894,1165,2811,2549,480,2354,775,1396,1480,2261,2574,1729,1789,1476,1320,1786,478,2574,1384,1015,1927,1119,1760,1647,3385,1491,1826
1062,1746,1695,2088,2750,678,912,1583,1564,1115,2195,2018,2676,1416,1740,1931,1961,1740,1559,1707,1241,801,1522,1741,1461,2158,1787,1860,1050,2245,650,2310,1774,2324,1731,1907,2280,1005,1640,2388,1940,542,1680,1457,2163,1414,1787,1673,1168,1335,2478,3097,2742,2199,855,1774,1753,1623,2088,1428,2370,1593,1717,1911,1509,1566,2248,2421,1406,1869,1904,1170,2820,2555,483,2364,777,1403,1490,2269,2582,1739,1793,1481,1325,1793,483,2582,1391,1023,1934,1124,1765,1658,3391,1500,1835
1063,1751,1703,2094,2756,681,916,1593,1572,1119,2207,2022,2685,1423,1750,1939,1967,1744,1570,1717,1245,807,1526,1749,1469,2166,1789,1870,1056,2257,656,2317,1780,2332,1742,1921,2291,1010,1651,2394,1948,543,1686,1463,2170,1424,1796,1677,1180,1339,2486,3103,2747,2209,859,1781,1761,1628,2097,1435,2376,1606,1723,1918,1516,1574,2252,2429,1417,1876,1911,1173,2827,2557,484,2376,786,1412,1498,2276,2591,1747,1796,1489,1329,1801,486,2597,1397,1031,1940,1130,1774,1665,3396,1509,1842
1064,1755,1713,2104,2768,683,918,1606,1576,1125,2211,2031,2691,1431,1756,1943,1977,1754,1577,1727,1251,817,1533,1760,1475,2178,1792,1879,1063,2263,662,2326,1788,2340,1748,1930,2295,1018,1669,2397,1955,549,1690,1465,2185,1431,1809,1682,1185,1340,2493,3108,2756,2219,861,1789,1773,1636,2104,1443,2382,1612,1733,1926,1526,1584,2263,2439,1421,1885,1914,1179,2841,2567,487,2383,789,1416,1507,2284,2598,1753,1804,1497,1335,1807,493,2605,1407,1038,1948,1134,1779,1671,3404,1513,1848
1065,1766,1725,2113,2778,691,926,1617,1581,1127,2218,2034,2698,1435,1762,1949,1985,1760,1583,1736,1254,823,1539,1773,1482,2186,1797,1885,1071,2268,666,2331,1796,2349,1751,1938,2300,1022,1679,2406,1962,551,1700,1473,2190,1440,1814,1696,1190,1348,2503,3111,2757,2227,866,1800,1778,1646,2112,1451,2392,1618,1742,1936,1537,1595,2272,2451,1424,1890,1919,1188,2852,2569,490,2386,792,1423,1515,2287,2604,1761,1811,1503,1340,1815,495,2618,1417,1041,1956,1142,1782,1678,3413,1522,1852
1066,1776,1729,2124,2787,697,935,1625,1588,1134,2226,2041,2701,1446,1769,1957,1995,1769,1589,1746,1265,831,1544,1777,1487,2196,1806,1890,1078,2278,666,2339,1801,2355,1760,1947,2304,1025,1682,2421,1969,555,1708,1481,2194,1448,1822,1704,1199,1351,2510,3117,2766,2232,869,1807,1786,1651,2121,1456,2398,1622,1751,1944,1543,1607,2279,2459,1430,1901,1923,1194,2856,2574,494,2399,795,1427,1523,2296,2612,1769,1820,1509,1342,1826,499,2625,1424,1045,1961,1147,1790,1681,3419,1531,1858
1067,1784,1739,2131,2797,706,946,1633,1594,1138,2235,2049,2709,1451,1773,1968,2003,1779,1605,1752,1271,836,1550,1784,1493,2209,1814,1897,1082,2281,669,2344,1809,2364,1766,1957,2313,1029,1688,2431,1978,557,1712,1491,2205,1455,1833,1710,1206,1355,2520,3127,2777,2238,871,1815,1793,1658,2126,1463,2406,1631,1755,1950,1554,1611,2290,2467,1437,1911,1925,1200,2866,2578,501,2410,803,1431,1530,2308,2625,1780,1828,1514,1348,1832,500,2633,1433,1049,1971,1153,1794,1685,3427,1536,1862
1068,1789,1748,2137,2809,710,951,1644,1604,1142,2248,2055,2721,1463,1779,1976,2006,1789,1611,1758,1275,842,1557,1794,1498,2221,1820,1904,1088,2289,673,2352,1819,2379,1777,1967,2321,1035,1695,2439,1983,559,1718,1497,2215,1461,1838,1716,1215,1362,2530,3135,2788,2250,875,1827,1800,1663,2132,1468,2412,1636,1758,1959,1564,1620,2296,2475,1442,1919,1932,1210,2871,2584,504,2424,806,1435,1544,2317,2633,1791,1838,1518,1354,1844,505,2641,1442,1054,1975,1164,1802,1689,3435,1544,1870
1069,1798,1756,2148,2814,721,953,1652,1612,1149,2255,2068,2727,1469,1785,1984,2015,1794,1622,1764,1283,849,1565,1798,1506,2236,1826,1915,1093,2294,680,2361,1825,2388,1783,1975,2328,1039,1700,2452,1992,565,1729,1502,2230,1469,1846,1723,1220,1370,2541,3139,2795,2259,881,1835,1805,1669,2142,1473,2419,1640,1760,1964,1573,1621,2304,2481,1455,1924,1939,1215,2877,2596,507,2434,812,1444,1547,2322,2643,1801,1848,1528,1362,1851,506,2647,1447,1061,1988,1171,1814,1694,3440,1552,1876
1070,1808,1764,2155,2820,729,957,1662,1618,1155,2263,2073,2736,1477,1791,1989,2023,1802,1625,1773,1289,855,1574,1806,1516,2243,1832,1921,1099,2299,683,2367,1833,2399,1790,1983,2335,1040,1706,2458,2000,570,1736,1510,2241,1479,1858,1735,1227,1377,2553,3147,2800,2267,892,1842,1813,1680,2156,1483,2427,1647,1767,1973,1578,1627,2311,2488,1461,1930,1947,1224,2882,2601,513,2441,819,1450,1553,2332,2656,1806,1861,1537,1368,1859,509,2655,1450,1066,1994,1177,1819,1701,3447,1561,1885
1071,1819,1774,2160,2829,731,965,1668,1623,1159,2276,2081,2749,1480,1798,1994,2026,1812,1641,1786,1296,860,1580,1815,1522,2255,1837,1926,1105,2306,687,2376,1840,2404,1799,1987,2347,1047,1716,2462,2005,572,1743,1517,2248,1487,1867,1742,1230,1382,2557,3156,2808,2274,896,1850,1824,1694,2171,1490,2439,1651,1775,1981,1588,1638,2324,2497,1473,1937,1957,1230,2888,2613,517,2448,822,1457,1562,2341,2663,1814,1867,1544,1380,1867,515,2665,1458,1075,2002,1183,1823,1711,3455,1566,1892
1072,1831,1782,2167,2839,737,967,1678,1630,1166,2282,2090,2756,1486,1807,1998,2034,1814,1642,1794,1302,864,1590,1822,1533,2265,1846,1934,1114,2313,692,2380,1848,2416,1802,1993,2355,1050,1722,2466,2009,577,1749,1523,2254,1493,1871,1749,1237,1389,2567,3161,2819,2283,899,1858,1829,1701,2176,1497,2449,1664,1782,1988,1593,1643,2331,2505,1479,1952,1966,1234,2893,2623,521,2457,826,1461,1569,2355,2672,1820,1878,1555,1393,1872,516,2671,1462,1081,2007,1193,1832,1718,3463,1573,1901
1073,1833,1795,2174,2847,740,977,1689,1635,1168,2287,2098,2766,1495,1816,2003,2040,1821,1646,1804,1307,865,1595,1827,1538,2274,1855,1940,1117,2315,696,2392,1852,2431,1810,1999,2366,1059,1730,2474,2018,580,1754,1530,2263,1502,1878,1760,1241,1398,2574,3170,2823,2291,912,1864,1836,1711,2184,1502,2457,1673,1785,1995,1601,1648,2341,2513,1488,1964,1970,1239,2904,2632,525,2464,831,1469,1579,2364,2678,1828,1892,1563,1405,1884,519,2680,1471,1089,2013,1202,1839,1722,3467,1579,1906
1074,1843,1807,2182,2852,746,984,1696,1644,1178,2296,2104,2773,1508,1824,2008,2044,1825,1653,1807,1315,867,1602,1836,1547,2285,1870,1949,1125,2321,705,2398,1859,2440,1818,2004,2377,1066,1739,2483,2025,583,1764,1537,2268,1513,1885,1766,1248,1401,2579,3183,2830,2296,916,1871,1842,1718,2200,1511,2464,1678,1798,2004,1609,1649,2351,2520,1493,1970,1983,1248,2916,2640,528,2475,836,1477,1587,2372,2689,1837,1900,1569,1410,1890,520,2688,1483,1093,2028,1207,1841,1728,3476,1583,1920
1075,1848,1813,2193,2864,754,994,1706,1654,1184,2307,2114,2783,1518,1831,2016,2051,1830,1656,1819,1319,871,1612,1844,1560,2288,1881,1958,1132,2328,711,2407,1868,2450,1823,2008,2384,1074,1742,2492,2032,586,1771,1545,2274,1520,1892,1768,1261,1412,2586,3192,2838,2301,922,1881,1851,1726,2210,1517,2467,1685,1805,2009,1615,1656,2360,2526,1501,1979,1984,1254,2924,2650,530,2484,841,1487,1593,2383,2697,1846,1911,1579,1415,1902,523,2694,1489,1097,2035,1214,1847,1738,3484,1595,1932
1076,1854,1821,2203,2873,763,998,1715,1661,1189,2320,2124,2787,1520,1837,2020,2060,1842,1663,1831,1330,877,1617,1850,1567,2299,1891,1969,1136,2334,716,2417,1879,2468,1828,2014,2389,1079,1753,2497,2037,591,1775,1547,2282,1532,1902,1772,1270,1420,2594,3199,2845,2309,929,1886,1857,1733,2222,1521,2471,1691,1816,2015,1623,1667,2367,2533,1510,1985,1986,1264,2934,2659,534,2495,846,1495,1603,2392,2706,1852,1918,1586,1426,1908,523,2707,1498,1105,2041,1222,1853,1745,3493,1600,1942
1077,1862,1837,2212,2880,768,1001,1725,1666,1193,2325,2131,2793,1526,1843,2029,2067,1853,1672,1838,1339,880,1623,1855,1577,2309,1896,1971,1142,2343,722,2426,1887,2473,1838,2023,2395,1082,1757,2508,2047,597,1787,1551,2289,1540,1906,1778,1275,1427,2600,3205,2849,2318,934,1888,1865,1742,2229,1525,2480,1696,1822,2027,1625,1672,2376,2541,1519,1996,1998,1268,2944,2664,540,2505,851,1497,1607,2400,2713,1863,1925,1594,1436,1923,526,2710,1506,1109,2052,1232,1864,1755,3502,1605,1953
1078,1872,1845,2221,2888,773,1009,1732,1673,1202,2331,2139,2801,1532,1853,2034,2073,1865,1680,1849,1344,885,1632,1860,1580,2314,1902,1974,1150,2348,724,2434,1891,2487,1847,2032,2405,1087,1765,2514,2049,600,1795,1556,2295,1551,1918,1787,1283,1431,2609,3213,2860,2324,941,1892,1872,1760,2235,1530,2491,1710,1834,2038,1631,1678,2386,2553,1528,2004,2007,1276,2955,2676,550,2512,856,1506,1618,2408,2721,1867,1933,1600,1443,1931,531,2716,1514,1114,2058,1239,1871,1760,3510,1610,1962
1079,1879,1856,2227,2896,778,1014,1741,1678,1212,2339,2146,2809,1536,1859,2041,2085,1872,1692,1857,1349,889,1638,1873,1589,2323,1908,1981,1157,2358,726,2441,1899,2495,1854,2040,2415,1094,1774,2519,2051,604,1806,1563,2302,1562,1932,1794,1295,1437,2618,3222,2867,2332,947,1899,1882,1763,2250,1537,2497,1717,1841,2049,1638,1685,2393,2560,1536,2011,2022,1279,2963,2687,554,2520,865,1517,1622,2417,2725,1873,1937,1607,1454,1940,537,2722,1523,1121,2061,1246,1881,1770,3519,1618,1965
1080,1886,1861,2241,2902,788,1020,1748,1690,1215,2344,2153,2819,1541,1867,2047,2098,1884,1700,1867,1352,894,1649,1879,1596,2328,1914,1991,1162,2370,733,2451,1912,2505,1861,2049,2424,1103,1779,2530,2059,606,1818,1576,2310,1566,1940,1802,1299,1445,2628,3231,2881,2344,955,1911,1887,1771,2257,1541,2502,1727,1848,2054,1642,1694,2399,2562,1543,2017,2029,1285,2971,2692,561,2533,872,1524,1634,2432,2732,1882,1941,1614,1461,1944,541,2729,1528,1130,2073,1252,1893,1778,3529,1626,1967
1081,1890,1873,2251,2910,794,1029,1756,1699,1220,2352,2163,2829,1550,1875,2060,2105,1896,1707,1875,1358,897,1654,1891,1602,2330,1919,1997,1167,2380,736,2455,1924,2516,1869,2062,2428,1106,1786,2535,2068,612,1824,1583,2319,1569,1947,1805,1304,1451,2636,3241,2889,2353,957,1915,1890,1781,2262,1544,2504,1739,1858,2066,1648,1702,2406,2569,1551,2024,2038,1290,2978,2696,566,2540,882,1535,1640,2440,2735,1886,1950,1621,1468,1951,546,2741,1536,1133,2081,1261,1899,1789,3534,1637,1974
1082,1897,1876,2262,2917,798,1036,1762,1703,1229,2360,2173,2834,1559,1877,2067,2116,1902,1715,1883,1365,906,1662,1899,1613,2335,1926,2003,1175,2390,741,2465,1930,2526,1872,2071,2434,1115,1801,2542,2076,616,1831,1587,2332,1577,1953,1818,1312,1454,2649,3253,2895,2361,962,1922,1898,1793,2270,1551,2516,1746,1864,2074,1658,1712,2419,2573,1557,2031,2047,1297,2986,2701,567,2544,889,1541,1646,2447,2741,1889,1957,1629,1477,1963,548,2753,1541,1140,2087,1270,1902,1798,3540,1644,1983
1083,1912,1885,2268,2928,803,1043,1770,1709,1235,2367,2180,2845,1568,1885,2072,2128,1917,1724,1889,1371,919,1672,1910,1625,2349,1932,2009,1179,2396,749,2476,1938,2532,1880,2077,2445,1122,1809,2548,2093,620,1839,1593,2343,1583,1963,1828,1318,1457,2659,3257,2903,2366,965,1928,1905,1797,2273,1557,2522,1751,1871,2080,1666,1717,2429,2581,1562,2037,2053,1302,3001,2704,568,2550,891,1547,1651,2454,2750,1894,1961,1636,1486,1975,552,2760,1546,1144,2092,1274,1914,1805,3548,1658,1994
1084,1932,1890,2272,2939,809,1048,1784,1716,1246,2377,2188,2853,1573,1896,2085,2138,1923,1730,1897,1379,926,1680,1921,1634,2361,1938,2017,1185,2402,753,2482,1944,2539,1888,2085,2457,1128,1815,2557,2104,626,1848,1601,2352,1594,1979,1838,1331,1461,2667,3261,2912,2379,967,1939,1910,1805,2280,1560,2534,1760,1880,2087,1677,1724,2440,2588,1571,2047,2060,1306,3009,2710,574,2555,899,1552,1659,2460,2758,1910,1973,1645,1493,1978,554,2764,1554,1146,2102,1280,1924,1810,3557,1663,1998
1085,1940,1899,2276,2952,811,1055,1792,1730,1254,2381,2197,2860,1579,1903,2095,2143,1934,1739,1902,1387,931,1691,1927,1639,2368,1941,2026,1191,2410,757,2491,1950,2549,1895,2097,2463,1139,1824,2562,2108,633,1854,1606,2359,1607,1983,1847,1337,1466,2673,3268,2917,2388,971,1946,1917,1816,2291,1569,2539,1768,1888,2095,1688,1730,2450,2595,1579,2057,2073,1315,3016,2719,579,2565,902,1561,1665,2466,2768,1913,1986,1653,1500,1985,562,2775,1563,1150,2114,1286,1935,1820,3567,1668,2006
1086,1944,1905,2284,2960,817,1061,1796,1737,1260,2392,2208,2867,1584,1912,2104,2146,1943,1748,1912,1392,936,1698,1931,1644,2383,1953,2033,1196,2413,759,2501,1958,2553,1901,2103,2469,1149,1831,2572,2116,638,1858,1616,2365,1623,1991,1857,1345,1473,2681,3278,2921,2397,977,1951,1923,1820,2295,1575,2543,1776,1898,2109,1697,1735,2462,2606,1586,2062,2077,1327,3024,2729,586,2570,906,1572,1670,2477,2776,1915,1997,1660,1510,1994,566,2784,1570,1156,2117,1289,1945,1827,3570,1673,2016
1087,1950,1917,2295,2970,827,1063,1811,1745,1265,2399,2212,2875,1597,1922,2108,2154,1951,1756,1918,1397,947,1707,1941,1654,2389,1958,2041,1199,2417,766,2507,1965,2565,1909,2115,2483,1153,1833,2578,2128,644,1864,1623,2376,1628,1998,1864,1349,1482,2692,3286,2930,2407,987,1961,1932,1825,2306,1581,2548,1784,1905,2113,1704,1745,2466,2616,1594,2074,2084,1331,3038,2739,592,2578,910,1577,1678,2485,2781,1918,2012,1672,1517,1998,573,2793,1580,1163,2122,1295,1958,1833,3578,1680,2025
1088,1963,1925,2309,2975,836,1069,1820,1755,1273,2404,2228,2884,1605,1931,2122,2166,1958,1762,1927,1403,953,1712,1949,1668,2402,1967,2050,1204,2422,769,2515,1975,2579,1921,2122,2488,1158,1840,2586,2133,648,1872,1627,2387,1632,2004,1871,1357,1486,2704,3299,2935,2416,991,1972,1942,1828,2314,1592,2557,1795,1912,2122,1714,1752,2476,2627,1601,2080,2091,1337,3049,2747,596,2586,914,1583,1681,2493,2786,1929,2016,1677,1524,2005,575,2800,1586,1171,2132,1305,1966,1840,3588,1690,2033
1089,1969,1937,2325,2984,843,1078,1827,1761,1279,2411,2237,2894,1614,1938,2130,2174,1962,1770,1937,1405,962,1726,1958,1679,2410,1973,2057,1208,2428,774,2520,1984,2588,1931,2130,2498,1163,1847,2600,2144,651,1879,1630,2393,1634,2010,1878,1364,1490,2716,3304,2938,2425,1002,1983,1950,1835,2325,1604,2562,1804,1920,2126,1722,1762,2485,2637,1606,2091,2099,1343,3055,2758,604,2594,919,1592,1685,2506,2794,1933,2023,1685,1532,2015,582,2809,1596,1179,2145,1313,1972,1850,3593,1701,2045
1090,1977,1948,2332,2993,847,1086,1831,1770,1282,2422,2243,2909,1620,1946,2133,2184,1969,1777,1948,1417,968,1735,1969,1685,2419,1983,2068,1214,2436,779,2528,1988,2596,1932,2141,2506,1169,1852,2605,2147,652,1890,1636,2403,1647,2021,1885,1376,1497,2726,3311,2943,2433,1005,1988,1956,1851,2328,1609,2571,1809,1925,2134,1731,1773,2492,2647,1614,2101,2109,1351,3063,2774,609,2599,922,1602,1695,2513,2803,1941,2033,1690,1539,2023,583,2815,1602,1184,2154,1322,1978,1861,3597,1706,2048
1091,1981,1956,2339,2999,851,1091,1839,1777,1287,2426,2253,2916,1627,1951,2143,2191,1982,1785,1960,1422,971,1743,1978,1696,2431,1991,2077,1219,2447,785,2536,2000,2611,1938,2151,2518,1178,1860,2612,2161,655,1901,1645,2418,1652,2029,1893,1386,1500,2731,3323,2954,2441,1007,1993,1963,1862,2338,1622,2581,1819,1932,2138,1744,1781,2503,2654,1617,2109,2117,1357,3076,2778,614,2608,926,1611,1702,2517,2809,1948,2039,1698,1543,2034,586,2824,1615,1189,2160,1327,1987,1867,3608,1709,2056
1092,1989,1966,2351,3007,856,1094,1845,1787,1292,2439,2255,2925,1635,1955,2147,2200,1990,1795,1969,1428,975,1754,1983,1701,2439,2003,2088,1231,2459,790,2541,2010,2617,1945,2163,2525,1187,1864,2625,2173,657,1911,1650,2424,1656,2040,1901,1397,1507,2739,3336,2968,2445,1012,2004,1970,1877,2353,1635,2583,1824,1943,2142,1758,1786,2513,2665,1623,2112,2129,1362,3081,2786,617,2620,932,1619,1711,2524,2815,1955,2048,1700,1554,2042,590,2831,1621,1194,2165,1338,1994,1873,3613,1715,2058
1093,1993,1973,2356,3016,861,1101,1855,1794,1301,2450,2261,2929,1639,1966,2159,2204,1995,1802,1978,1432,980,1759,1992,1707,2446,2011,2102,1236,2466,797,2546,2017,2626,1950,2169,2534,1194,1870,2633,2178,664,1917,1654,2432,1663,2048,1907,1403,1520,2744,3346,2978,2455,1018,2015,1979,1882,2360,1644,2586,1831,1951,2149,1765,1801,2519,2671,1630,2120,2133,1369,3097,2793,625,2625,937,1622,1720,2532,2819,1963,2057,1707,1558,2047,595,2842,1629,1200,2170,1344,2004,1884,3624,1725,2064
1094,1999,1977,2366,3025,865,1110,1861,1803,1307,2458,2267,2934,1647,1980,2174,2215,2002,1813,1984,1440,987,1763,2003,1717,2458,2021,2111,1247,2475,800,2549,2020,2630,1957,2178,2539,1201,1879,2645,2189,666,1926,1659,2439,1670,2059,1914,1410,1526,2746,3354,2992,2469,1021,2027,1988,1888,2370,1654,2591,1836,1960,2157,1773,1809,2526,2681,1639,2127,2139,1374,3108,2800,631,2631,942,1631,1729,2538,2829,1970,2066,1716,1560,2054,599,2852,1638,1205,2186,1351,2010,1896,3632,1734,2071
1095,2007,1982,2372,3034,874,1118,1869,1810,1312,2462,2275,2940,1659,1990,2178,2222,2007,1826,1991,1447,990,1768,2007,1724,2466,2032,2119,1253,2488,804,2560,2034,2643,1970,2182,2544,1211,1886,2653,2198,672,1931,1667,2446,1678,2067,1928,1418,1535,2757,3361,3005,2478,1027,2034,1990,1899,2376,1661,2595,1847,1965,2164,1780,1815,2535,2692,1649,2136,2149,1379,3112,2808,637,2645,951,1643,1741,2547,2845,1982,2073,1721,1565,2064,607,2860,1652,1210,2195,1357,2020,1902,3637,1742,2082
1096,2018,1987,2376,3044,877,1128,1884,1818,1320,2471,2281,2946,1669,1998,2180,2233,2015,1832,2001,1453,998,1775,2019,1733,2471,2040,2123,1261,2497,809,2571,2042,2657,1977,2189,2549,1221,1894,2661,2204,678,1935,1676,2455,1685,2074,1935,1423,1538,2766,3372,3010,2491,1031,2043,1999,1903,2382,1668,2606,1856,1973,2175,1794,1822,2541,2705,1658,2141,2154,1383,3118,2827,639,2653,958,1651,1754,2549,2857,1984,2086,1731,1570,2072,609,2864,1659,1216,2204,1361,2028,1910,3643,1749,2089
1097,2030,1992,2391,3049,884,1132,1886,1829,1327,2475,2294,2958,1676,2011,2186,2242,2023,1844,2007,1458,1002,1778,2021,1744,2480,2047,2132,1264,2505,817,2576,2051,2670,1989,2199,2558,1230,1901,2676,2215,685,1943,1683,2470,1693,2085,1938,1430,1544,2776,3377,3024,2503,1034,2051,2006,1912,2388,1674,2613,1862,1984,2181,1803,1826,2551,2715,1669,2150,2159,1388,3126,2834,644,2661,961,1656,1757,2556,2863,1992,2099,1739,1576,2083,615,2879,1666,1223,2211,1365,2036,1915,3647,1761,2100
1098,2035,2002,2403,3056,892,1139,1894,1834,1336,2483,2301,2966,1681,2027,2189,2250,2035,1854,2013,1465,1007,1787,2031,1754,2496,2054,2137,1273,2518,825,2583,2058,2680,1996,2210,2565,1235,1909,2685,2225,694,1952,1689,2478,1699,2093,1941,1436,1552,2782,3385,3039,2511,1036,2056,2016,1928,2399,1683,2619,1872,1993,2190,1811,1839,2560,2728,1675,2160,2171,1398,3130,2841,645,2665,974,1664,1769,2564,2872,1999,2108,1749,1587,2090,625,2884,1678,1227,2216,1371,2042,1926,3655,1770,2105
1099,2047,2008,2410,3066,899,1143,1905,1842,1344,2489,2311,2972,1691,2036,2196,2257,2043,1865,2023,1477,1014,1798,2037,1761,2507,2061,2149,1279,2525,831,2588,2066,2687,2006,2214,2572,1242,1918,2692,2232,699,1961,1701,2485,1704,2102,1949,1447,1557,2791,3394,3052,2521,1041,2066,2023,1942,2409,1691,2628,1877,2003,2202,1824,1846,2566,2736,1684,2162,2179,1404,3144,2851,648,2670,979,1668,1777,2570,2881,2002,2120,1757,1595,2094,635,2893,1688,1236,2227,1379,2050,1932,3664,1778,2116
1100,2055,2015,2420,3075,902,1148,1911,1848,1349,2499,2317,2975,1700,2048,2203,2272,2054,1876,2030,1484,1023,1804,2044,1766,2511,2066,2159,1288,2535,835,2598,2074,2693,2020,2220,2579,1245,1926,2699,2241,705,1968,1710,2492,1710,2112,1956,1456,1567,2797,3400,3058,2525,1051,2069,2030,1949,2418,1701,2642,1885,2007,2210,1830,1856,2578,2742,1697,2170,2190,1418,3154,2862,652,2681,985,1675,1786,2580,2894,2013,2127,1766,1606,2105,640,2904,1699,1243,2236,1387,2055,1942,3665,1787,2126
1101,2066,2021,2430,3082,907,1152,1919,1853,1355,2500,2327,2985,1703,2058,2214,2281,2063,1886,2042,1494,1031,1819,2052,1770,2522,2081,2169,1296,2546,841,2612,2081,2710,2025,2230,2586,1253,1936,2708,2247,709,1973,1719,2501,1718,2118,1961,1461,1572,2806,3411,3067,2535,1057,2077,2037,1964,2424,1709,2647,1895,2015,2220,1839,1864,2588,2745,1704,2178,2195,1425,3162,2874,654,2685,992,1681,1790,2589,2900,2021,2136,1775,1615,2112,642,2910,1706,1248,2251,1395,2060,1950,3672,1794,2133
1102,2080,2033,2437,3091,914,1159,1933,1860,1361,2508,2333,2992,1713,2066,2222,2291,2077,1901,2046,1498,1041,1827,2059,1782,2531,2086,2174,1307,2556,843,2615,2095,2721,2037,2237,2594,1261,1951,2717,2254,714,1978,1725,2513,1728,2125,1971,1470,1581,2814,3422,3071,2543,1060,2084,2045,1975,2434,1717,2655,1905,2025,2230,1857,1875,2595,2752,1712,2183,2204,1433,3167,2878,657,2689,997,1692,1800,2601,2911,2032,2142,1786,1621,2124,645,2918,1717,1252,2258,1410,2071,1956,3683,1804,2139
1103,2091,2041,2441,3100,923,1171,1938,1870,1365,2517,2337,3000,1725,2074,2231,2295,2084,1906,2055,1506,1045,1836,2069,1785,2534,2099,2179,1312,2556,848,2626,2101,2726,2046,2245,2606,1269,1958,2722,2262,720,1985,1732,2516,1742,2133,1980,1478,1588,2820,3430,3079,2549,1067,2094,2049,1982,2439,1723,2668,1912,2039,2247,1861,1879,2608,2760,1722,2197,2213,1441,3176,2886,660,2700,999,1696,1814,2611,2925,2036,2151,1790,1629,2134,649,2926,1723,1259,2268,1417,2079,1966,3695,1808,2149
1104,2097,2048,2448,3107,934,1176,1950,1883,1368,2523,2349,3010,1732,2083,2237,2303,2103,1910,2062,1520,1055,1848,2081,1791,2547,2105,2187,1314,2569,854,2632,2110,2734,2051,2255,2610,1277,1970,2734,2270,722,1993,1739,2524,1750,2146,1989,1485,1593,2827,3435,3085,2559,1076,2098,2054,1990,2451,1728,2676,1922,2049,2260,1870,1891,2615,2770,1738,2208,2222,1447,3182,2898,666,2703,1008,1707,1824,2615,2934,2043,2164,1799,1640,2151,655,2935,1731,1268,2273,1426,2089,1972,3706,1817,2153
1105,2110,2057,2457,3110,939,1181,1960,1893,1374,2535,2355,3019,1740,2093,2250,2314,2106,1920,2072,1526,1059,1852,2090,1801,2550,2111,2192,1324,2582,858,2636,2118,2741,2055,2260,2616,1281,1979,2741,2279,725,2001,1747,2538,1757,2153,1996,1490,1600,2839,3438,3097,2570,1080,2102,2062,2002,2459,1739,2683,1931,2059,2266,1875,1899,2621,2783,1743,2219,2235,1453,3190,2903,667,2712,1010,1712,1829,2630,2940,2050,2177,1805,1650,2155,661,2944,1744,1274,2284,1434,2092,1980,3717,1827,2161
1106,2119,2063,2463,3121,944,1191,1964,1901,1378,2538,2363,3026,1748,2101,2259,2322,2115,1933,2082,1534,1065,1863,2104,1812,2556,2120,2199,1328,2592,863,2649,2129,2752,2065,2272,2630,1284,1993,2753,2289,732,2011,1756,2546,1770,2163,2005,1496,1607,2853,3442,3107,2576,1085,2107,2069,2012,2464,1746,2694,1941,2063,2276,1888,1906,2626,2791,1752,2228,2244,1462,3193,2913,673,2723,1020,1719,1840,2637,2946,2059,2185,1813,1660,2163,665,2953,1750,1288,2295,1440,2102,1985,3726,1831,2171
1107,2125,2071,2470,3129,952,1199,1969,1907,1387,2548,2378,3033,1753,2108,2266,2334,2124,1940,2089,1540,1069,1875,2112,1820,2563,2128,2207,1332,2596,869,2658,2141,2761,2072,2279,2641,1293,2004,2761,2300,735,2019,1762,2553,1776,2171,2014,1505,1613,2860,3450,3116,2591,1091,2118,2075,2024,2470,1753,2706,1949,2073,2285,1900,1913,2635,2802,1763,2235,2251,1469,3201,2922,682,2725,1025,1721,1848,2644,2957,2068,2192,1819,1666,2173,667,2963,1759,1297,2303,1446,2106,1993,3728,1839,2180
1108,2130,2081,2474,3131,957,1212,1978,1916,1395,2560,2392,3040,1759,2119,2277,2346,2132,1948,2100,1548,1073,1884,2119,1824,2573,2137,2218,1338,2599,872,2668,2151,2769,2083,2287,2650,1301,2017,2767,2305,744,2033,1773,2561,1780,2184,2023,1509,1618,2870,3456,3128,2597,1096,2129,2080,2028,2479,1757,2715,1957,2087,2297,1909,1923,2642,2807,1772,2248,2259,1475,3213,2928,685,2738,1030,1728,1860,2665,2966,2083,2202,1825,1674,2181,670,2968,1764,1305,2309,1455,2115,1999,3739,1849,2190
1109,2133,2094,2483,3138,962,1222,1980,1926,1403,2568,2400,3054,1767,2125,2284,2357,2140,1957,2110,1557,1076,1895,2128,1833,2585,2143,2230,1340,2604,875,2676,2157,2772,2091,2296,2664,1309,2027,2775,2313,748,2042,1785,2568,1789,2196,2034,1515,1626,2880,3463,3138,2607,1101,2136,2090,2034,2485,1770,2726,1967,2093,2308,1922,1928,2646,2814,1782,2255,2270,1483,3221,2931,688,2746,1038,1743,1866,2679,2976,2092,2206,1830,1686,2191,677,2974,1773,1312,2314,1463,2125,2010,3746,1856,2200
1110,2140,2111,2489,3146,968,1229,1986,1935,1416,2574,2411,3061,1777,2139,2293,2363,2147,1965,2122,1566,1086,1900,2137,1844,2593,2149,2242,1345,2613,886,2683,2173,2779,2101,2304,2673,1320,2039,2788,2322,755,2050,1797,2579,1798,2202,2043,1520,1630,2897,3473,3145,2622,1108,2146,2102,2044,2495,1780,2738,1972,2101,2315,1926,1938,2658,2826,1789,2266,2280,1490,3233,2940,692,2750,1045,1750,1869,2687,2980,2096,2214,1835,1700,2200,683,2983,1783,1319,2321,1467,2127,2021,3756,1866,2211
1111,2148,2122,2496,3153,971,1238,1994,1947,1425,2586,2422,3072,1788,2146,2307,2369,2155,1971,2133,1571,1092,1910,2143,1853,2604,2156,2248,1353,2619,894,2691,2178,2786,2108,2316,2678,1327,2047,2799,2335,757,2057,1804,2591,1811,2212,2045,1527,1637,2905,3487,3151,2636,1111,2155,2110,2060,2503,1794,2743,1977,2111,2323,1931,1948,2663,2836,1793,2275,2287,1497,3241,2950,695,2759,1052,1754,1879,2693,2996,2104,2219,1842,1706,2210,686,2993,1800,1329,2326,1472,2139,2030,3761,1874,2223
1112,2152,2128,2502,3159,978,1244,2000,1954,1428,2595,2431,3083,1794,2155,2316,2373,2162,1979,2140,1579,1097,1918,2151,1858,2614,2167,2257,1362,2630,902,2700,2190,2795,2118,2324,2683,1334,2058,2806,2346,761,2065,1813,2599,1820,2221,2050,1539,1646,2912,3497,3159,2647,1119,2160,2118,2068,2510,1808,2747,1985,2118,2331,1938,1958,2676,2841,1800,2284,2291,1506,3249,2956,699,2766,1057,1765,1885,2700,3008,2115,2228,1851,1712,2216,690,2995,1813,1333,2334,1484,2154,2034,3775,1886,2234
1113,2168,2133,2516,3170,982,1249,2006,1961,1438,2604,2437,3090,1802,2162,2323,2387,2171,1990,2146,1589,1100,1931,2162,1870,2628,2176,2263,1368,2638,907,2709,2198,2799,2125,2333,2689,1338,2072,2814,2361,763,2074,1828,2607,1827,2229,2059,1546,1658,2918,3504,3164,2661,1123,2170,2129,2081,2516,1817,2752,1996,2122,2338,1949,1972,2688,2851,1813,2294,2297,1513,3260,2964,703,2775,1061,1772,1891,2705,3015,2122,2233,1857,1716,2222,695,3003,1821,1346,2343,1488,2166,2047,3782,1890,2247
1114,2176,2143,2529,3179,986,1258,2016,1968,1443,2608,2445,3099,1812,2174,2334,2395,2182,2000,2154,1598,1105,1937,2167,1876,2638,2183,2269,1380,2650,910,2714,2208,2809,2134,2340,2695,1348,2083,2824,2366,770,2085,1833,2615,1841,2234,2067,1552,1668,2928,3513,3168,2668,1132,2178,2136,2088,2524,1826,2762,2001,2128,2345,1963,1978,2694,2862,1818,2304,2303,1523,3266,2975,710,2783,1069,1783,1900,2718,3027,2129,2245,1864,1724,2233,699,3013,1829,1350,2350,1496,2172,2052,3794,1898,2259
1115,2187,2151,2539,3184,995,1261,2026,1974,1457,2619,2449,3105,1817,2179,2339,2404,2190,2007,2162,1606,1110,1945,2172,1891,2646,2194,2277,1386,2658,920,2729,2211,2816,2143,2351,2703,1355,2093,2839,2375,775,2095,1843,2628,1850,2241,2074,1561,1675,2943,3525,3189,2674,1148,2185,2142,2098,2534,1835,2771,2009,2137,2354,1970,1988,2702,2867,1831,2311,2316,1534,3275,2987,713,2790,1076,1790,1917,2726,3035,2136,2249,1869,1729,2239,701,3020,1837,1353,2357,1504,2181,2068,3804,1901,2265
1116,2194,2159,2555,3190,1002,1272,2034,1988,1469,2627,2454,3115,1827,2192,2346,2412,2198,2017,2170,1621,1117,1955,2182,1904,2653,2201,2284,1391,2664,926,2739,2216,2826,2152,2357,2709,1365,2099,2848,2384,777,2103,1853,2639,1857,2254,2086,1567,1680,2948,3534,3198,2685,1151,2193,2151,2109,2541,1845,2780,2019,2142,2360,1983,1993,2715,2875,1841,2323,2328,1542,3285,2991,719,2800,1076,1797,1924,2732,3046,2147,2256,1880,1739,2250,703,3024,1846,1360,2367,1518,2189,2079,3811,1912,2273
1117,2198,2169,2564,3202,1008,1284,2041,1993,1474,2637,2462,3125,1834,2203,2357,2426,2204,2027,2178,1632,1125,1966,2193,1910,2663,2209,2290,1399,2674,930,2744,2224,2835,2160,2365,2719,1373,2110,2858,2394,780,2110,1860,2646,1862,2259,2095,1571,1685,2963,3546,3205,2691,1156,2205,2159,2115,2548,1856,2787,2021,2152,2366,1992,2000,2728,2879,1855,2332,2335,1552,3295,3002,726,2812,1084,1802,1930,2738,3058,2154,2266,1889,1749,2258,706,3029,1857,1366,2381,1525,2196,2086,3826,1919,2278
1118,2204,2179,2573,3210,1017,1291,2052,2003,1479,2647,2468,3134,1841,2206,2363,2431,2214,2034,2187,1642,1137,1974,2199,1920,2675,2218,2295,1412,2681,937,2754,2234,2842,2166,2373,2725,1382,2123,2869,2407,787,2120,1871,2653,1870,2268,2107,1579,1690,2971,3549,3213,2695,1166,2210,2168,2120,2554,1868,2795,2031,2163,2376,2004,2014,2739,2888,1869,2337,2343,1562,3301,3006,733,2818,1086,1812,1936,2749,3071,2159,2280,1895,1758,2266,716,3038,1869,1370,2391,1531,2202,2097,3836,1925,2286
1119,2217,2189,2580,3212,1026,1300,2064,2014,1487,2655,2478,3145,1845,2212,2368,2439,2225,2047,2202,1646,1144,1984,2206,1922,2687,2228,2302,1421,2695,940,2762,2246,2848,2171,2382,2738,1395,2135,2880,2415,793,2130,1876,2667,1882,2275,2116,1583,1693,2981,3555,3220,2707,1176,2217,2173,2129,2562,1877,2804,2036,2174,2386,2015,2024,2749,2901,1875,2345,2351,1564,3310,3018,740,2827,1089,1817,1946,2756,3080,2169,2300,1902,1763,2272,722,3046,1879,1384,2398,1542,2209,2105,3842,1932,2291
1120,2223,2197,2588,3222,1034,1308,2073,2024,1499,2662,2486,3152,1854,2221,2376,2450,2236,2055,2215,1656,1147,1992,2215,1930,2699,2235,2315,1426,2706,943,2771,2259,2855,2176,2392,2753,1399,2144,2890,2422,795,2140,1880,2674,1890,2287,2123,1592,1701,2988,3559,3228,2718,1183,2228,2178,2134,2564,1887,2814,2042,2181,2391,2018,2035,2754,2915,1883,2359,2363,1569,3320,3023,748,2835,1096,1824,1955,2763,3088,2172,2315,1914,1769,2280,727,3058,1885,1389,2406,1548,2221,2116,3852,1942,2299
1121,2235,2210,2599,3231,1045,1317,2089,2033,1509,2670,2496,3164,1860,2230,2383,2455,2244,2063,2226,1666,1152,2001,2221,1936,2709,2245,2325,1431,2709,949,2778,2267,2859,2186,2400,2758,1408,2152,2901,2433,802,2149,1889,2682,1895,2297,2135,1599,1704,2994,3568,3238,2728,1190,2240,2185,2147,2573,1895,2825,2051,2190,2401,2028,2039,2765,2921,1888,2368,2371,1579,3329,3034,755,2842,1104,1833,1965,2768,3105,2181,2322,1919,1780,2288,731,3068,1893,1399,2412,1553,2228,2124,3861,1949,2311
1122,2248,2217,2607,3238,1052,1326,2095,2042,1518,2677,2502,3173,1870,2236,2390,2464,2259,2074,2236,1679,1163,2007,2231,1945,2722,2253,2336,1438,2720,953,2786,2279,2868,2200,2414,2766,1410,2161,2914,2438,807,2155,1896,2690,1903,2303,2139,1607,1715,3002,3576,3247,2740,1196,2248,2191,2151,2581,1904,2830,2060,2203,2409,2039,2047,2771,2928,1896,2388,2380,1586,3336,3042,763,2848,1112,1840,1977,2781,3109,2188,2328,1930,1787,2296,734,3074,1905,1405,2424,1561,2238,2128,3868,1958,2323
1123,2258,2230,2618,3242,1059,1333,2104,2051,1533,2681,2509,3181,1878,2247,2401,2476,2271,2080,2242,1688,1176,2021,2240,1954,2727,2260,2344,1443,2730,960,2797,2285,2880,2204,2421,2773,1417,2167,2925,2452,812,2166,1909,2700,1913,2316,2153,1612,1724,3007,3582,3263,2752,1203,2255,2198,2159,2586,1916,2833,2066,2210,2418,2047,2057,2778,2937,1900,2397,2391,1592,3346,3049,767,2857,1119,1844,1984,2791,3122,2193,2337,1941,1793,2301,739,3082,1918,1411,2435,1575,2244,2134,3873,1963,2331
1124,2265,2234,2630,3247,1066,1342,2114,2063,1544,2683,2520,3187,1884,2255,2409,2485,2280,2089,2252,1694,1186,2030,2247,1962,2737,2273,2360,1459,2740,965,2808,2294,2888,2215,2432,2783,1429,2176,2938,2458,819,2177,1913,2710,1919,2330,2163,1616,1732,3018,3592,3268,2764,1211,2263,2208,2169,2595,1926,2844,2078,2219,2431,2059,2068,2786,2946,1910,2407,2402,1598,3353,3062,769,2866,1129,1861,1994,2799,3129,2204,2351,1947,1802,2315,747,3090,1927,1417,2445,1583,2250,2135,3883,1968,2337
1125,2269,2240,2639,3251,1075,1348,2123,2071,1550,2692,2533,3194,1892,2262,2420,2502,2286,2094,2260,1703,1192,2041,2252,1969,2746,2287,2369,1466,2743,967,2819,2304,2900,2227,2437,2791,1436,2182,2944,2467,825,2188,1917,2720,1930,2338,2177,1626,1740,3023,3600,3279,2770,1217,2270,2213,2177,2606,1930,2855,2084,2227,2438,2066,2076,2789,2952,1924,2414,2416,1608,3355,3077,773,2879,1135,1867,2002,2809,3144,2210,2367,1959,1816,2323,750,3094,1930,1430,2454,1594,2258,2148,3885,1977,2347
1126,2278,2249,2649,3255,1077,1359,2133,2076,1560,2701,2543,3203,1907,2274,2429,2509,2294,2100,2270,1711,1196,2052,2260,1977,2756,2297,2380,1478,2755,973,2829,2316,2910,2235,2449,2796,1442,2191,2954,2478,834,2196,1925,2728,1944,2344,2183,1636,1748,3040,3611,3294,2782,1219,2280,2221,2185,2616,1937,2868,2092,2240,2449,2078,2087,2795,2963,1934,2419,2428,1623,3364,3083,777,2890,1139,1876,2013,2817,3154,2216,2375,1967,1824,2330,754,3100,1939,1436,2463,1605,2269,2154,3894,1986,2352
1127,2286,2255,2658,3265,1083,1363,2145,2081,1570,2708,2550,3210,1922,2283,2438,2520,2300,2102,2281,1720,1201,2062,2266,1984,2764,2305,2389,1482,2765,982,2838,2324,2918,2247,2455,2804,1453,2203,2961,2488,844,2209,1929,2736,1956,2353,2189,1646,1754,3047,3620,3303,2791,1225,2288,2226,2194,2625,1945,2872,2102,2257,2461,2082,2095,2803,2975,1943,2425,2435,1631,3372,3089,786,2901,1146,1882,2029,2825,3164,2229,2388,1975,1829,2341,761,3106,1946,1445,2474,1615,2276,2159,3898,1995,2358
1128,2298,2271,2665,3278,1091,1373,2151,2087,1580,2716,2554,3220,1935,2295,2450,2535,2306,2112,2289,1729,1206,2074,2274,1991,2782,2310,2397,1494,2773,989,2845,2335,2924,2260,2465,2811,1468,2210,2977,2495,852,2216,1936,2743,1968,2356,2201,1653,1760,3059,3630,3314,2802,1232,2296,2234,2202,2635,1948,2885,2110,2267,2468,2088,2100,2808,2980,1953,2428,2444,1640,3379,3097,792,2909,1151,1891,2044,2832,3171,2244,2392,1985,1840,2347,772,3115,1952,1452,2481,1627,2285,2169,3907,2004,2362
1129,2303,2279,2679,3290,1099,1382,2161,2099,1589,2726,2565,3226,1942,2303,2464,2549,2313,2115,2300,1739,1217,2085,2285,2000,2790,2320,2413,1501,2783,994,2853,2342,2932,2267,2476,2822,1475,2214,2989,2503,859,2229,1941,2758,1971,2367,2206,1671,1768,3066,3641,3320,2810,1238,2303,2241,2209,2643,1951,2897,2121,2279,2473,2093,2106,2815,2988,1962,2436,2452,1646,3387,3108,796,2918,1159,1898,2053,2841,3179,2251,2399,1995,1843,2353,780,3123,1960,1456,2490,1637,2298,2178,3919,2010,2369
1130,2317,2289,2689,3295,1103,1387,2166,2109,1595,2737,2577,3233,1954,2309,2476,2562,2327,2120,2312,1745,1227,2094,2296,2007,2799,2334,2423,1509,2791,1001,2866,2349,2941,2281,2485,2830,1481,2225,2999,2514,868,2242,1949,2766,1984,2374,2214,1680,1777,3074,3649,3324,2818,1240,2308,2251,2218,2650,1964,2910,2133,2285,2477,2104,2117,2825,3000,1970,2443,2463,1654,3396,3120,803,2924,1164,1911,2063,2855,3187,2263,2410,2002,1856,2362,787,3134,1969,1463,2493,1647,2308,2187,3922,2021,2373
1131,2322,2293,2700,3303,1108,1394,2176,2116,1601,2747,2589,3247,1960,2317,2486,2571,2335,2123,2322,1750,1232,2100,2302,2015,2808,2339,2429,1520,2799,1007,2872,2355,2950,2292,2494,2840,1488,2234,3011,2521,875,2251,1956,2778,1996,2384,2225,1687,1789,3078,3661,3329,2828,1246,2318,2260,2226,2656,1971,2924,2140,2294,2483,2115,2125,2830,3008,1978,2449,2472,1664,3409,3131,808,2933,1170,1918,2072,2862,3197,2274,2417,2010,1861,2367,792,3142,1982,1471,2507,1652,2316,2193,3933,2029,2386
1132,2326,2305,2707,3310,1113,1402,2182,2126,1608,2752,2598,3263,1968,2321,2494,2580,2341,2135,2331,1759,1237,2114,2316,2025,2818,2345,2442,1533,2806,1010,2877,2361,2962,2302,2502,2854,1493,2244,3019,2530,879,2265,1965,2792,2007,2392,2232,1701,1797,3086,3667,3338,2838,1251,2327,2277,2232,2663,1981,2930,2146,2301,2491,2126,2133,2841,3017,1990,2459,2485,1672,3420,3137,812,2942,1181,1925,2079,2866,3207,2284,2434,2018,1869,2378,797,3152,1992,1477,2519,1659,2327,2206,3939,2036,2393
1133,2336,2311,2713,3319,1116,1410,2192,2142,1616,2763,2606,3274,1980,2334,2504,2588,2352,2139,2336,1770,1240,2124,2327,2038,2829,2357,2450,1543,2814,1014,2885,2369,2971,2310,2511,2864,1501,2250,3024,2538,880,2271,1972,2806,2013,2395,2249,1708,1804,3092,3679,3349,2847,1255,2336,2288,2238,2669,1986,2939,2154,2314,2500,2138,2145,2847,3025,2005,2466,2495,1680,3430,3144,815,2949,1186,1932,2094,2879,3216,2294,2439,2026,1880,2389,800,3158,1998,1486,2529,1662,2341,2212,3944,2050,2399
1134,2344,2320,2725,3328,1126,1416,2207,2148,1629,2771,2617,3282,1995,2347,2508,2598,2358,2153,2350,1780,1246,2137,2332,2045,2837,2362,2459,1552,2825,1021,2893,2376,2979,2320,2525,2868,1503,2255,3035,2550,886,2281,1978,2817,2018,2408,2254,1715,1812,3100,3685,3363,2858,1264,2342,2290,2244,2676,1997,2949,2163,2322,2508,2145,2154,2856,3033,2013,2479,2505,1690,3439,3155,821,2957,1189,1937,2102,2887,3221,2299,2447,2033,1889,2401,804,3168,2008,1493,2541,1670,2347,2223,3952,2060,2404
1135,2350,2330,2738,3343,1138,1420,2220,2159,1640,2780,2625,3292,2005,2357,2515,2608,2365,2160,2358,1783,1254,2149,2344,2055,2844,2366,2468,1561,2830,1027,2900,2389,2983,2336,2533,2878,1510,2264,3044,2555,889,2290,1980,2832,2028,2417,2261,1722,1814,3112,3692,3374,2871,1271,2349,2297,2250,2687,2005,2957,2172,2331,2516,2158,2165,2867,3048,2018,2489,2514,1702,3448,3159,825,2963,1192,1952,2111,2889,3230,2308,2455,2038,1900,2408,807,3175,2018,1498,2546,1678,2353,2232,3961,2067,2412
1136,2355,2336,2750,3351,1150,1429,2229,2168,1653,2790,2630,3301,2010,2362,2529,2621,2373,2175,2364,1796,1263,2161,2348,2067,2854,2376,2474,1566,2839,1031,2908,2402,2990,2349,2541,2887,1517,2272,3056,2563,895,2300,1993,2842,2033,2424,2273,1730,1825,3121,3709,3382,2882,1275,2360,2301,2257,2696,2016,2963,2177,2339,2524,2169,2174,2873,3057,2023,2507,2527,1710,3451,3173,829,2973,1202,1962,2118,2897,3234,2316,2462,2052,1910,2415,812,3186,2023,1504,2557,1683,2365,2239,3970,2079,2424
1137,2364,2345,2762,3358,1157,1435,2239,2185,1663,2800,2642,3315,2018,2375,2538,2633,2378,2181,2372,1805,1271,2175,2354,2076,2866,2385,2486,1569,2849,1034,2917,2414,2998,2359,2549,2899,1523,2278,3070,2575,901,2309,2002,2854,2037,2437,2278,1738,1838,3127,3718,3388,2890,1284,2366,2309,2262,2706,2026,2972,2188,2349,2535,2179,2181,2881,3067,2031,2517,2533,1724,3463,3182,834,2980,1209,1973,2124,2904,3244,2330,2475,2058,1918,2427,816,3197,2034,1517,2571,1689,2380,2247,3977,2084,2437
1138,2373,2353,2771,3362,1165,1445,2251,2195,1671,2813,2650,3326,2031,2382,2547,2645,2383,2197,2380,1816,1277,2187,2359,2086,2867,2390,2494,1574,2856,1042,2924,2424,3003,2370,2557,2910,1530,2284,3078,2584,915,2327,2010,2867,2049,2445,2286,1743,1844,3137,3729,3395,2896,1288,2373,2315,2269,2715,2031,2980,2202,2356,2545,2191,2188,2887,3072,2037,2522,2543,1736,3464,3189,838,2985,1214,1983,2135,2916,3257,2346,2484,2062,1927,2444,822,3207,2045,1525,2582,1707,2391,2251,3985,2096,2442
1139,2386,2358,2774,3373,1174,1452,2263,2204,1683,2819,2659,3337,2042,2395,2557,2656,2393,2206,2390,1824,1285,2197,2369,2092,2879,2400,2505,1585,2869,1049,2932,2435,3019,2378,2565,2923,1537,2303,3091,2596,921,2336,2021,2878,2061,2452,2297,1751,1856,3147,3736,3404,2912,1297,2379,2327,2274,2730,2043,2990,2209,2363,2552,2198,2198,2895,3080,2048,2531,2548,1744,3471,3203,840,2997,1220,1992,2144,2918,3271,2360,2489,2066,1937,2457,829,3221,2051,1534,2592,1716,2404,2260,3995,2102,2455
1140,2393,2370,2782,3381,1183,1461,2268,2214,1693,2822,2668,3355,2050,2403,2570,2666,2400,2219,2398,1835,1293,2213,2374,2100,2891,2404,2513,1595,2879,1054,2937,2450,3029,2390,2580,2934,1544,2318,3103,2603,923,2348,2026,2887,2072,2462,2306,1762,1864,3163,3744,3412,2927,1303,2393,2334,2284,2740,2051,2997,2219,2371,2559,2205,2205,2905,3092,2056,2535,2552,1750,3478,3211,843,3009,1231,2001,2152,2927,3281,2367,2496,2072,1946,2467,832,3228,2064,1541,2602,1723,2415,2270,4004,2116,2465
1141,2402,2383,2788,3394,1193,1469,2278,2226,1701,2839,2678,3366,2051,2413,2577,2677,2408,2232,2401,1843,1302,2222,2383,2107,2897,2417,2530,1604,2891,1057,2945,2458,3035,2405,2592,2946,1548,2325,3111,2613,927,2354,2034,2895,2084,2468,2313,1779,1871,3177,3753,3424,2940,1309,2398,2346,2298,2747,2061,3009,2226,2380,2570,2213,2215,2913,3101,2070,2542,2561,1762,3486,3218,853,3028,1238,2009,2159,2939,3285,2379,2503,2078,1953,2478,839,3238,2074,1555,2613,1729,2419,2286,4012,2128,2475
1142,2409,2385,2796,3404,1200,1480,2290,2233,1708,2845,2683,3376,2058,2425,2590,2693,2419,2249,2413,1856,1309,2235,2391,2111,2905,2424,2540,1611,2899,1065,2951,2469,3043,2413,2603,2954,1554,2331,3124,2620,930,2361,2043,2902,2096,2475,2322,1784,1876,3184,3764,3435,2952,1317,2411,2355,2303,2758,2067,3015,2236,2393,2580,2227,2223,2920,3116,2084,2554,2571,1768,3495,3225,859,3037,1243,2018,2169,2947,3299,2385,2514,2083,1963,2486,846,3243,2078,1563,2618,1741,2427,2290,4023,2138,2482
1143,2417,2401,2804,3416,1210,1491,2301,2242,1719,2858,2693,3387,2072,2436,2602,2703,2428,2257,2420,1858,1326,2245,2399,2122,2914,2430,2548,1618,2909,1069,2955,2475,3045,2426,2613,2962,1564,2343,3137,2627,933,2367,2049,2912,2108,2487,2341,1792,1883,3193,3774,3448,2963,1319,2418,2360,2316,2767,2071,3021,2251,2399,2590,2235,2229,2927,3127,2091,2563,2580,1777,3503,3237,869,3043,1246,2030,2183,2957,3309,2397,2520,2094,1974,2491,853,3253,2090,1572,2628,1749,2433,2302,4032,2143,2488
1144,2425,2410,2809,3424,1215,1495,2310,2255,1728,2864,2707,3395,2083,2444,2607,2713,2440,2269,2434,1872,1343,2258,2405,2130,2921,2442,2558,1623,2920,1072,2968,2481,3059,2431,2624,2966,1575,2357,3151,2638,940,2373,2059,2925,2119,2493,2350,1808,1892,3203,3780,3455,2972,1327,2422,2372,2325,2779,2083,3027,2254,2411,2597,2246,2241,2935,3136,2099,2574,2591,1792,3514,3242,879,3058,1260,2038,2191,2964,3317,2404,2532,2106,1980,2503,858,3259,2097,1578,2639,1756,2441,2311,4039,2149,2495
1145,2434,2419,2816,3434,1223,1502,2327,2265,1736,2874,2711,3405,2090,2449,2623,2724,2446,2277,2449,1882,1352,2271,2415,2143,2930,2454,2571,1631,2933,1077,2975,2490,3071,2443,2634,2972,1582,2369,3160,2648,946,2382,2066,2935,2127,2502,2355,1820,1901,3207,3791,3466,2984,1337,2432,2377,2336,2790,2092,3041,2261,2417,2610,2259,2251,2943,3145,2107,2583,2597,1801,3523,3249,883,3064,1268,2047,2199,2971,3322,2408,2540,2116,1992,2513,866,3264,2107,1588,2650,1764,2450,2317,4050,2155,2505
1146,2448,2429,2825,3445,1236,1509,2336,2273,1749,2881,2720,3415,2099,2455,2632,2736,2455,2285,2459,1887,1363,2278,2425,2153,2937,2463,2576,1639,2940,1079,2987,2499,3086,2453,2643,2985,1590,2378,3171,2652,949,2393,2079,2946,2142,2511,2361,1836,1912,3216,3799,3475,2995,1347,2442,2389,2346,2792,2103,3053,2272,2422,2616,2271,2256,2956,3152,2113,2599,2606,1803,3531,3261,887,3073,1273,2056,2208,2977,3332,2412,2548,2132,2002,2528,873,3271,2120,1600,2659,1771,2457,2323,4060,2164,2511
1147,2455,2437,2837,3454,1246,1523,2343,2281,1758,2887,2734,3421,2107,2465,2640,2739,2462,2290,2470,1895,1369,2285,2432,2158,2952,2471,2583,1647,2947,1087,2998,2510,3101,2463,2651,2991,1597,2389,3179,2657,952,2413,2085,2960,2149,2521,2368,1842,1923,3224,3808,3488,3001,1354,2453,2396,2359,2801,2112,3063,2281,2435,2624,2284,2268,2969,3163,2120,2605,2612,1814,3538,3269,891,3080,1280,2065,2220,2989,3344,2417,2557,2140,2013,2541,878,3279,2122,1610,2666,1778,2475,2334,4067,2175,2522
1148,2463,2450,2846,3463,1255,1526,2348,2297,1770,2892,2739,3431,2116,2475,2648,2745,2468,2305,2486,1907,1380,2297,2444,2172,2966,2481,2592,1654,2957,1090,3004,2519,3108,2471,2663,3004,1607,2401,3189,2665,955,2420,2093,2965,2159,2526,2378,1845,1936,3236,3813,3494,3008,1357,2463,2412,2370,2820,2120,3074,2289,2442,2632,2293,2275,2980,3170,2130,2617,2621,1826,3545,3279,900,3091,1288,2075,2232,2993,3355,2424,2570,2155,2019,2554,885,3288,2131,1616,2675,1791,2489,2341,4081,2180,2532
1149,2474,2463,2853,3474,1262,1536,2357,2303,1782,2899,2748,3442,2127,2487,2655,2757,2476,2315,2491,1914,1388,2305,2457,2184,2976,2490,2599,1659,2968,1095,3007,2530,3116,2481,2665,3006,1615,2413,3198,2675,962,2433,2098,2972,2163,2538,2383,1859,1946,3242,3819,3500,3019,1368,2471,2422,2380,2830,2130,3083,2299,2450,2637,2302,2281,2990,3174,2144,2631,2629,1842,3552,3288,907,3109,1295,2087,2244,2998,3365,2442,2580,2165,2027,2565,889,3300,2141,1626,2684,1806,2499,2351,4086,2187,2540
1150,2481,2471,2868,3486,1269,1545,2364,2313,1791,2910,2754,3457,2137,2501,2669,2765,2483,2320,2501,1928,1393,2317,2460,2190,2981,2500,2607,1664,2983,1104,3015,2539,3127,2492,2674,3013,1626,2420,3206,2684,968,2441,2109,2981,2174,2547,2390,1875,1955,3252,3830,3505,3028,1382,2478,2431,2388,2837,2137,3092,2306,2457,2644,2311,2295,2998,3180,2153,2642,2637,1848,3560,3298,912,3118,1302,2100,2253,3003,3373,2450,2588,2174,2035,2572,895,3307,2152,1632,2695,1815,2508,2357,4089,2191,2549
1151,2490,2475,2871,3494,1274,1549,2376,2326,1798,2917,2761,3467,2146,2512,2675,2774,2496,2331,2510,1935,1400,2327,2469,2199,2990,2509,2617,1670,2992,1109,3023,2551,3140,2494,2683,3020,1634,2424,3213,2688,976,2446,2120,2987,2184,2558,2400,1883,1961,3264,3837,3512,3040,1389,2488,2437,2399,2849,2145,3099,2313,2475,2654,2318,2305,3011,3186,2161,2653,2647,1855,3568,3307,922,3131,1308,2109,2267,3011,3385,2459,2595,2181,2048,2581,900,3314,2157,1641,2707,1823,2515,2367,4098,2202,2567
1152,2495,2477,2881,3499,1284,1556,2389,2335,1810,2927,2770,3480,2159,2519,2680,2781,2511,2338,2521,1941,1405,2334,2487,2207,3004,2521,2626,1676,3002,1119,3038,2564,3146,2506,2691,3031,1644,2431,3221,2690,984,2464,2129,2997,2190,2566,2407,1896,1969,3270,3850,3521,3049,1395,2497,2449,2406,2859,2150,3108,2322,2487,2664,2335,2313,3022,3196,2173,2663,2653,1863,3575,3313,927,3138,1312,2118,2275,3020,3393,2470,2603,2186,2058,2587,904,3323,2163,1651,2714,1834,2527,2378,4104,2212,2573
1153,2510,2489,2890,3508,1288,1566,2398,2341,1819,2936,2779,3493,2168,2532,2691,2790,2517,2353,2528,1953,1411,2340,2492,2218,3009,2533,2637,1685,3012,1123,3046,2575,3155,2511,2701,3034,1655,2435,3231,2698,987,2478,2139,3016,2200,2577,2415,1906,1984,3276,3856,3535,3056,1398,2505,2456,2413,2864,2157,3120,2330,2496,2677,2344,2317,3032,3205,2177,2671,2666,1870,3584,3325,935,3143,1322,2128,2287,3030,3400,2480,2614,2195,2066,2598,911,3333,2170,1656,2723,1838,2538,2388,4115,2218,2583
1154,2516,2496,2893,3516,1291,1575,2406,2349,1826,2944,2794,3500,2179,2545,2703,2803,2526,2362,2539,1963,1418,2347,2506,2231,3015,2539,2646,1694,3023,1135,3057,2583,3164,2520,2708,3043,1665,2447,3239,2708,995,2486,2147,3032,2215,2588,2422,1912,1997,3287,3864,3541,3067,1406,2510,2468,2425,2874,2166,3127,2338,2504,2684,2356,2326,3044,3212,2184,2681,2678,1875,3589,3334,945,3154,1331,2137,2296,3044,3412,2487,2617,2204,2075,2609,918,3342,2180,1660,2740,1861,2553,2396,4119,2222,2598
1155,2523,2505,2906,3527,1310,1582,2412,2357,1838,2952,2805,3510,2184,2552,2718,2806,2534,2373,2546,1974,1425,2355,2515,2242,3023,2552,2657,1700,3029,1141,3064,2598,3176,2532,2719,3050,1673,2461,3246,2720,1007,2501,2154,3043,2229,2595,2427,1919,2005,3296,3869,3556,3072,1413,2516,2476,2430,2879,2172,3136,2344,2517,2691,2366,2330,3059,3228,2191,2685,2682,1890,3597,3339,950,3161,1336,2149,2310,3052,3422,2495,2625,2212,2087,2621,924,3355,2190,1668,2753,1871,2561,2404,4128,2231,2611
1156,2541,2514,2912,3536,1317,1592,2421,2368,1849,2964,2813,3519,2192,2562,2726,2824,2539,2381,2560,1984,1430,2362,2526,2250,3033,2563,2664,1707,3038,1146,3073,2611,3180,2543,2734,3060,1682,2472,3255,2727,1012,2515,2162,3048,2246,2604,2441,1929,2016,3303,3881,3567,3085,1422,2520,2484,2439,2891,2182,3141,2356,2525,2700,2382,2340,3070,3241,2205,2695,2689,1898,3608,3346,960,3171,1341,2159,2320,3062,3425,2504,2642,2221,2099,2632,930,3357,2199,1675,2763,1880,2572,2415,4132,2243,2620
1157,2553,2524,2921,3542,1323,1602,2429,2375,1860,2976,2823,3528,2203,2572,2738,2828,2551,2389,2572,1997,1443,2364,2538,2260,3041,2576,2670,1714,3048,1152,3080,2618,3184,2550,2748,3071,1688,2483,3261,2732,1016,2522,2170,3057,2251,2613,2453,1942,2023,3313,3889,3573,3091,1429,2527,2498,2446,2905,2189,3145,2364,2540,2709,2395,2346,3086,3245,2218,2708,2701,1909,3616,3353,962,3185,1343,2171,2328,3065,3436,2509,2655,2229,2109,2647,939,3363,2210,1688,2772,1889,2579,2419,4140,2251,2627
1158,2561,2531,2929,3550,1328,1610,2435,2382,1869,2983,2835,3538,2216,2581,2748,2839,2563,2398,2584,2010,1451,2372,2547,2269,3054,2584,2681,1722,3061,1156,3083,2627,3190,2559,2761,3080,1700,2490,3271,2741,1026,2536,2182,3063,2261,2625,2463,1957,2031,3321,3895,3581,3100,1433,2535,2506,2456,2914,2200,3155,2371,2546,2719,2398,2356,3096,3257,2228,2717,2718,1916,3623,3358,969,3195,1353,2182,2334,3077,3444,2519,2661,2238,2118,2656,951,3380,2220,1695,2778,1894,2595,2428,4144,2256,2632
1159,2571,2544,2939,3556,1333,1618,2450,2392,1878,2992,2841,3543,2221,2592,2761,2853,2576,2406,2601,2019,1461,2381,2559,2276,3061,2598,2689,1730,3073,1161,3087,2639,3200,2570,2780,3088,1708,2503,3281,2750,1032,2545,2191,3076,2277,2632,2472,1967,2041,3327,3905,3594,3110,1441,2543,2516,2462,2923,2209,3164,2381,2559,2725,2407,2363,3105,3273,2238,2725,2728,1924,3634,3371,975,3205,1362,2190,2338,3084,3452,2531,2669,2247,2130,2667,959,3392,2231,1696,2794,1907,2608,2443,4149,2260,2642
1160,2581,2558,2947,3566,1342,1627,2461,2408,1884,3000,2853,3549,2235,2604,2774,2859,2584,2419,2608,2023,1470,2389,2575,2289,3070,2606,2699,1740,3081,1170,3097,2648,3213,2575,2795,3099,1716,2510,3289,2753,1035,2554,2198,3083,2285,2640,2480,1981,2049,3334,3910,3609,3119,1450,2558,2526,2478,2934,2217,3171,2389,2567,2736,2415,2375,3113,3281,2252,2734,2735,1935,3644,3379,978,3214,1373,2199,2343,3091,3460,2537,2677,2256,2136,2675,968,3398,2244,1705,2805,1919,2614,2452,4163,2271,2650
1161,2594,2566,2954,3574,1348,1633,2469,2424,1895,3008,2868,3558,2247,2612,2783,2866,2594,2429,2615,2034,1482,2394,2580,2299,3075,2612,2711,1743,3090,1171,3108,2657,3224,2584,2801,3106,1725,2521,3294,2763,1041,2565,2206,3098,2291,2648,2489,1987,2057,3344,3919,3622,3134,1456,2561,2536,2491,2944,2226,3181,2398,2576,2749,2426,2383,3127,3290,2259,2744,2741,1942,3654,3384,985,3228,1376,2208,2356,3103,3469,2545,2690,2264,2140,2683,976,3407,2256,1712,2818,1926,2623,2469,4167,2281,2654
1162,2606,2581,2963,3579,1359,1643,2479,2432,1905,3017,2877,3564,2254,2620,2792,2875,2603,2443,2628,2040,1488,2401,2591,2309,3087,2625,2723,1751,3104,1176,3116,2663,3235,2592,2811,3115,1729,2533,3305,2770,1052,2575,2222,3102,2303,2657,2499,1995,2065,3349,3924,3624,3143,1466,2566,2543,2497,2949,2233,3195,2406,2587,2756,2432,2392,3135,3298,2272,2750,2752,1954,3665,3395,992,3241,1381,2217,2364,3118,3476,2554,2704,2267,2150,2689,989,3410,2273,1719,2829,1940,2631,2476,4177,2286,2661
1163,2619,2591,2973,3583,1366,1654,2486,2445,1917,3023,2887,3570,2264,2624,2798,2884,2614,2455,2642,2047,1496,2408,2598,2319,3096,2630,2731,1761,3121,1180,3121,2668,3248,2602,2815,3124,1736,2543,3314,2779,1059,2584,2231,3117,2312,2669,2511,2006,2072,3355,3932,3630,3149,1477,2575,2550,2503,2960,2240,3204,2414,2596,2767,2441,2400,3145,3310,2283,2761,2764,1965,3675,3402,1003,3252,1388,2227,2377,3124,3486,2564,2713,2276,2159,2701,995,3417,2284,1727,2836,1948,2641,2483,4186,2295,2667
1164,2627,2600,2980,3591,1374,1664,2497,2461,1926,3036,2896,3579,2273,2635,2804,2894,2622,2461,2649,2057,1506,2417,2606,2333,3105,2637,2743,1771,3130,1190,3134,2681,3257,2613,2824,3134,1747,2553,3319,2786,1065,2596,2242,3127,2322,2676,2521,2015,2083,3362,3937,3636,3158,1482,2585,2560,2518,2965,2247,3214,2422,2612,2775,2449,2411,3154,3315,2299,2770,2777,1972,3684,3411,1013,3260,1398,2230,2385,3137,3495,2572,2724,2284,2172,2714,999,3424,2294,1735,2842,1954,2648,2495,4199,2299,2674
1165,2634,2618,2991,3603,1379,1675,2502,2470,1936,3046,2905,3586,2280,2640,2812,2900,2636,2468,2658,2065,1516,2424,2618,2343,3113,2646,2754,1777,3136,1198,3141,2686,3266,2623,2834,3148,1757,2569,3326,2796,1076,2602,2254,3133,2329,2682,2529,2022,2091,3376,3946,3644,3165,1486,2595,2568,2527,2977,2256,3227,2427,2621,2785,2469,2417,3163,3322,2313,2785,2796,1982,3693,3418,1017,3266,1404,2243,2395,3147,3506,2590,2732,2294,2184,2716,1006,3438,2300,1743,2850,1957,2654,2505,4212,2310,2680
1166,2638,2633,3001,3609,1385,1682,2514,2480,1943,3049,2911,3597,2284,2646,2820,2907,2646,2475,2668,2076,1522,2434,2630,2358,3123,2658,2764,1784,3148,1209,3149,2696,3278,2641,2843,3162,1769,2585,3332,2807,1082,2608,2262,3142,2342,2688,2542,2028,2100,3383,3953,3654,3171,1489,2601,2576,2540,2983,2263,3231,2433,2636,2795,2477,2426,3173,3329,2329,2794,2808,1989,3699,3433,1028,3271,1412,2256,2408,3155,3513,2600,2742,2297,2193,2726,1019,3446,2309,1748,2854,1965,2664,2515,4219,2323,2692
1167,2649,2639,3013,3619,1394,1689,2521,2490,1954,3060,2927,3601,2297,2658,2824,2910,2658,2487,2676,2079,1532,2442,2638,2374,3128,2669,2778,1791,3159,1216,3156,2707,3288,2648,2851,3170,1777,2596,3338,2813,1088,2621,2266,3151,2350,2698,2549,2039,2110,3385,3961,3665,3178,1498,2613,2585,2547,2993,2275,3236,2437,2646,2805,2485,2432,3182,3342,2337,2802,2813,1996,3706,3443,1035,3279,1415,2265,2417,3159,3522,2606,2750,2301,2206,2734,1029,3450,2319,1755,2861,1976,2676,2525,4226,2333,2710
1168,2655,2647,3027,3626,1401,1699,2540,2501,1959,3068,2934,3614,2305,2668,2834,2918,2669,2495,2683,2088,1543,2448,2647,2384,3131,2676,2790,1797,3169,1224,3164,2717,3300,2666,2866,3174,1786,2604,3344,2827,1097,2627,2275,3158,2360,2704,2561,2047,2117,3396,3968,3676,3196,1506,2616,2597,2562,3002,2280,3244,2449,2654,2818,2490,2441,3186,3351,2349,2806,2829,2005,3712,3457,1042,3284,1424,2276,2423,3169,3532,2617,2764,2307,2218,2742,1034,3454,2327,1761,2866,1986,2683,2535,4235,2340,2714
1169,2666,2653,3042,3634,1406,1710,2545,2513,1973,3072,2944,3620,2317,2683,2840,2930,2677,2507,2691,2104,1560,2454,2656,2395,3144,2688,2799,1806,3181,1231,3172,2733,3307,2675,2875,3179,1800,2613,3357,2842,1104,2632,2281,3172,2368,2713,2569,2057,2125,3406,3984,3682,3206,1510,2627,2603,2572,3015,2288,3250,2459,2667,2829,2501,2453,3188,3362,2355,2817,2835,2015,3715,3465,1054,3292,1431,2287,2431,3177,3539,2627,2775,2320,2225,2745,1043,3466,2341,1782,2879,1995,2693,2546,4241,2345,2725
1170,2672,2660,3049,3646,1416,1722,2559,2519,1979,3087,2953,3632,2321,2692,2849,2936,2682,2515,2700,2114,1565,2463,2670,2405,3147,2695,2808,1816,3192,1242,3187,2747,3320,2678,2893,3184,1810,2621,3368,2849,1110,2644,2289,3178,2383,2722,2580,2072,2135,3413,3993,3696,3222,1513,2639,2622,2582,3032,2299,3258,2462,2681,2835,2513,2459,3202,3370,2362,2826,2841,2024,3722,3474,1057,3299,1440,2298,2447,3187,3544,2638,2790,2326,2238,2751,1050,3474,2350,1793,2889,2010,2701,2558,4248,2352,2734
1171,2676,2672,3054,3654,1422,1734,2565,2531,1985,3094,2961,3636,2332,2701,2863,2943,2694,2523,2708,2126,1573,2463,2678,2415,3156,2703,2815,1828,3200,1246,3199,2758,3329,2690,2907,3193,1827,2626,3372,2855,1117,2654,2301,3184,2394,2734,2585,2082,2144,3422,4005,3704,3232,1520,2654,2627,2600,3039,2310,3265,2469,2691,2848,2518,2467,3213,3377,2373,2834,2847,2037,3733,3484,1063,3313,1446,2304,2457,3197,3556,2646,2797,2339,2250,2756,1057,3484,2358,1805,2893,2020,2715,2569,4258,2362,2744
1172,2686,2685,3063,3667,1430,1752,2578,2541,1998,3104,2970,3645,2351,2718,2878,2947,2706,2535,2727,2139,1579,2472,2690,2424,3166,2720,2823,1837,3215,1251,3215,2768,3341,2697,2920,3204,1837,2640,3384,2867,1123,2664,2311,3194,2403,2744,2594,2097,2149,3429,4019,3708,3241,1526,2663,2637,2609,3049,2321,3274,2477,2696,2860,2532,2482,3222,3383,2381,2844,2859,2050,3739,3491,1071,3320,1456,2314,2465,3204,3564,2660,2812,2342,2258,2770,1062,3493,2365,1814,2898,2031,2728,2584,4263,2372,2751
1173,2691,2691,3077,3678,1439,1761,2586,2546,2000,3116,2974,3651,2363,2722,2891,2958,2719,2546,2736,2154,1585,2489,2700,2440,3175,2729,2832,1846,3223,1260,3225,2779,3348,2706,2924,3211,1848,2652,3388,2879,1131,2671,2322,3201,2412,2752,2611,2107,2154,3437,4029,3716,3248,1536,2676,2646,2620,3058,2331,3284,2484,2703,2871,2542,2489,3235,3396,2394,2849,2866,2062,3748,3504,1075,3334,1467,2319,2473,3213,3571,2670,2823,2356,2269,2777,1064,3503,2368,1822,2907,2037,2735,2598,4271,2377,2765
1174,2704,2707,3089,3682,1449,1769,2592,2556,2007,3129,2982,3659,2372,2735,2900,2974,2727,2556,2750,2165,1594,2504,2707,2448,3185,2737,2840,1858,3231,1264,3232,2796,3351,2717,2934,3225,1862,2658,3393,2888,1137,2678,2336,3213,2422,2762,2621,2116,2162,3450,4038,3726,3265,1541,2684,2654,2629,3066,2339,3297,2492,2712,2880,2551,2500,3247,3402,2404,2855,2867,2071,3757,3521,1084,3342,1475,2325,2482,3226,3575,2681,2837,2366,2274,2784,1065,3508,2377,1825,2914,2048,2745,2603,4286,2384,2770
1175,2713,2721,3102,3689,1456,1773,2605,2564,2016,3142,2994,3670,2382,2742,2911,2983,2739,2567,2758,2172,1607,2515,2719,2457,3200,2747,2846,1869,3238,1272,3243,2804,3356,2727,2946,3237,1868,2667,3399,2903,1143,2687,2342,3223,2433,2780,2630,2130,2167,3461,4045,3739,3271,1552,2693,2659,2639,3078,2350,3313,2503,2720,2889,2562,2510,3264,3412,2415,2863,2875,2082,3773,3537,1088,3349,1484,2335,2490,3235,3580,2691,2847,2374,2286,2798,1071,3521,2387,1832,2918,2063,2757,2614,4295,2396,2776
1176,2719,2727,3120,3693,1465,1783,2610,2573,2029,3152,3005,3686,2388,2756,2922,2996,2750,2579,2765,2178,1619,2524,2730,2468,3208,2761,2852,1880,3249,1278,3252,2814,3365,2738,2960,3251,1878,2674,3408,2913,1151,2703,2351,3236,2440,2786,2646,2140,2175,3467,4054,3746,3285,1560,2697,2672,2654,3087,2360,3326,2511,2729,2899,2576,2520,3278,3421,2422,2872,2889,2094,3784,3545,1095,3360,1491,2343,2502,3244,3593,2708,2859,2387,2301,2805,1077,3533,2397,1841,2928,2069,2766,2622,4304,2406,2793
1177,2732,2738,3133,3705,1477,1792,2621,2583,2044,3162,3015,3699,2401,2763,2933,3007,2757,2592,2774,2191,1636,2530,2743,2476,3215,2773,2863,1890,3259,1286,3262,2826,3369,2748,2973,3257,1884,2682,3417,2930,1157,2717,2363,3243,2448,2800,2658,2147,2190,3475,4062,3756,3297,1563,2707,2681,2667,3096,2367,3338,2521,2738,2914,2581,2525,3289,3436,2437,2886,2901,2101,3793,3556,1101,3370,1500,2348,2513,3253,3604,2716,2866,2395,2307,2810,1089,3539,2409,1853,2935,2076,2776,2633,4312,2421,2804
1178,2742,2751,3144,3712,1490,1801,2632,2593,2056,3174,3026,3714,2414,2770,2947,3018,2770,2603,2786,2197,1642,2540,2750,2488,3226,2786,2869,1896,3273,1299,3272,2839,3376,2755,2987,3264,1889,2693,3431,2939,1164,2728,2372,3260,2458,2813,2666,2158,2200,3481,4067,3764,3310,1572,2709,2693,2674,3108,2381,3347,2530,2748,2924,2588,2531,3296,3446,2452,2899,2910,2111,3802,3566,1112,3384,1508,2361,2522,3265,3620,2727,2877,2400,2313,2817,1096,3553,2421,1862,2943,2084,2784,2638,4317,2433,2814
1179,2752,2760,3154,3725,1494,1814,2640,2606,2059,3183,3034,3728,2419,2778,2953,3032,2781,2611,2797,2205,1646,2549,2759,2498,3237,2796,2878,1904,3284,1306,3282,2850,3386,2763,2996,3271,1896,2698,3448,2951,1168,2738,2382,3271,2469,2827,2674,2164,2209,3488,4077,3768,3323,1580,2714,2700,2681,3117,2395,3355,2538,2761,2930,2604,2535,3308,3453,2461,2914,2916,2124,3815,3576,1116,3392,1519,2366,2535,3268,3624,2735,2886,2406,2321,2831,1103,3565,2430,1871,2951,2090,2789,2650,4327,2445,2824
1180,2758,2767,3163,3733,1504,1821,2648,2613,2068,3193,3047,3732,2433,2789,2960,3047,2795,2619,2809,2223,1658,2560,2770,2503,3243,2805,2887,1915,3301,1310,3289,2856,3396,2771,3003,3280,1901,2709,3464,2960,1172,2749,2390,3276,2475,2835,2683,2173,2214,3496,4088,3776,3330,1589,2726,2706,2690,3130,2402,3366,2546,2767,2941,2612,2542,3317,3458,2467,2920,2934,2132,3832,3585,1122,3403,1524,2373,2547,3279,3636,2744,2897,2415,2333,2843,1111,3576,2441,1878,2961,2099,2802,2656,4334,2453,2835
1181,2768,2776,3167,3743,1517,1834,2659,2629,2080,3205,3064,3743,2439,2799,2969,3053,2804,2633,2818,2233,1665,2569,2778,2508,3253,2818,2902,1928,3309,1319,3305,2861,3404,2777,3007,3286,1914,2715,3479,2970,1182,2760,2398,3282,2489,2847,2693,2181,2227,3507,4094,3786,3343,1598,2733,2712,2699,3138,2411,3374,2561,2775,2953,2622,2547,3327,3472,2478,2935,2941,2147,3841,3593,1133,3412,1531,2379,2563,3293,3650,2752,2906,2425,2343,2848,1118,3587,2454,1886,2973,2105,2810,2665,4343,2461,2848
1182,2777,2783,3173,3754,1523,1838,2674,2646,2086,3214,3069,3750,2449,2809,2979,3060,2811,2640,2825,2243,1674,2577,2783,2524,3262,2826,2907,1936,3322,1327,3313,2874,3415,2786,3017,3294,1925,2725,3489,2979,1186,2773,2408,3288,2498,2858,2700,2193,2238,3515,4106,3797,3350,1608,2746,2724,2708,3149,2422,3383,2566,2784,2962,2635,2559,3336,3480,2485,2945,2949,2160,3852,3600,1139,3418,1540,2386,2573,3305,3658,2762,2915,2437,2354,2859,1122,3599,2466,1896,2984,2114,2821,2668,4349,2467,2861
1183,2786,2792,3181,3760,1531,1840,2684,2660,2096,3228,3081,3758,2460,2815,2990,3071,2824,2658,2836,2248,1681,2585,2796,2535,3272,2835,2915,1946,3338,1334,3323,2890,3430,2794,3026,3309,1929,2737,3501,2986,1197,2789,2418,3300,2513,2866,2707,2199,2245,3521,4120,3805,3356,1615,2753,2735,2716,3157,2435,3388,2576,2795,2972,2643,2567,3347,3487,2496,2954,2958,2170,3861,3608,1144,3429,1547,2396,2579,3310,3674,2771,2926,2449,2362,2867,1132,3605,2472,1906,2991,2122,2826,2677,4352,2483,2868
1184,2794,2796,3191,3768,1537,1851,2696,2671,2113,3239,3085,3771,2471,2826,3002,3080,2835,2668,2844,2258,1686,2595,2806,2542,3279,2841,2929,1958,3347,1345,3333,2900,3439,2807,3035,3320,1937,2747,3508,2992,1205,2795,2426,3315,2516,2876,2714,2213,2251,3533,4138,3816,3363,1622,2766,2746,2724,3161,2441,3397,2586,2803,2978,2649,2577,3363,3492,2506,2960,2973,2183,3869,3620,1149,3439,1552,2403,2588,3320,3679,2784,2934,2457,2376,2882,1140,3612,2488,1917,3002,2128,2832,2688,4356,2499,2885
1185,2805,2807,3199,3782,1543,1866,2705,2673,2121,3251,3093,3779,2476,2834,3012,3090,2850,2675,2854,2271,1696,2610,2814,2552,3288,2856,2939,1971,3357,1356,3338,2911,3450,2818,3042,3324,1944,2760,3516,2999,1213,2813,2431,3325,2526,2881,2723,2220,2257,3546,4142,3827,3374,1631,2780,2751,2731,3167,2456,3407,2592,2819,2989,2660,2588,3375,3499,2517,2972,2982,2189,3880,3626,1157,3445,1562,2413,2596,3332,3689,2795,2944,2465,2382,2898,1147,3620,2499,1929,3019,2134,2844,2696,4361,2516,2897
1186,2819,2817,3207,3797,1547,1872,2719,2678,2128,3257,3103,3789,2486,2841,3020,3107,2855,2684,2863,2279,1701,2619,2826,2571,3294,2860,2950,1985,3365,1362,3348,2920,3455,2825,3055,3334,1957,2770,3524,3010,1220,2821,2440,3330,2540,2893,2729,2225,2267,3551,4155,3837,3386,1638,2791,2756,2741,3167,2471,3424,2600,2828,3000,2672,2594,3384,3507,2522,2978,2985,2197,3891,3632,1170,3454,1573,2420,2606,3341,3701,2805,2950,2477,2393,2908,1157,3625,2511,1934,3025,2146,2855,2704,4371,2530,2912
1187,2833,2824,3211,3804,1557,1881,2730,2684,2138,3266,3113,3806,2499,2851,3030,3115,2865,2692,2876,2287,1714,2626,2833,2580,3302,2867,2958,1994,3375,1366,3357,2929,3465,2834,3067,3345,1967,2776,3530,3017,1223,2834,2453,3342,2549,2901,2738,2241,2279,3566,4158,3842,3394,1650,2799,2766,2750,3178,2481,3432,2615,2834,3010,2678,2604,3392,3519,2540,2982,2996,2215,3899,3638,1187,3459,1578,2432,2616,3347,3721,2812,2964,2488,2405,2920,1165,3642,2522,1938,3035,2155,2863,2717,4377,2543,2921
1188,2840,2836,3224,3812,1566,1887,2739,2696,2146,3271,3120,3813,2507,2862,3038,3134,2878,2700,2884,2305,1720,2641,2841,2590,3315,2875,2965,2001,3388,1379,3363,2934,3472,2846,3072,3361,1970,2785,3541,3028,1236,2841,2465,3350,2556,2908,2746,2246,2292,3572,4168,3848,3406,1654,2810,2771,2768,3187,2493,3438,2628,2842,3021,2687,2611,3399,3528,2549,2999,3005,2222,3906,3652,1191,3470,1584,2441,2627,3361,3726,2821,2973,2492,2413,2929,1174,3650,2535,1947,3043,2163,2870,2728,4382,2545,2930
1189,2850,2844,3234,3820,1585,1898,2750,2707,2156,3277,3129,3822,2525,2873,3049,3142,2887,2707,2894,2316,1733,2651,2849,2606,3326,2894,2976,2007,3391,1383,3367,2943,3480,2861,3080,3364,1982,2798,3550,3034,1239,2851,2473,3358,2568,2921,2758,2254,2299,3584,4179,3856,3423,1663,2816,2775,2775,3194,2499,3448,2637,2851,3032,2695,2622,3411,3532,2563,3010,3021,2226,3916,3659,1197,3474,1595,2455,2641,3369,3735,2831,2985,2500,2424,2936,1186,3656,2555,1957,3050,2174,2878,2735,4390,2558,2940
1190,2855,2856,3240,3830,1595,1907,2762,2719,2166,3283,3136,3831,2538,2887,3057,3155,2897,2716,2906,2323,1740,2664,2862,2618,3338,2904,2986,2014,3407,1391,3374,2952,3489,2872,3088,3375,1990,2808,3558,3043,1259,2857,2477,3365,2574,2936,2772,2262,2307,3594,4182,3860,3433,1671,2825,2787,2780,3202,2506,3458,2645,2865,3043,2704,2631,3419,3542,2577,3021,3030,2234,3920,3669,1207,3487,1602,2464,2649,3381,3742,2839,2997,2506,2431,2946,1194,3665,2565,1966,3059,2187,2888,2749,4402,2570,2949
1191,2862,2863,3251,3847,1606,1912,2773,2727,2173,3298,3146,3838,2543,2900,3066,3162,2910,2722,2912,2340,1748,2672,2877,2625,3348,2911,2995,2026,3418,1397,3385,2964,3498,2879,3097,3385,2000,2817,3564,3058,1268,2867,2488,3379,2592,2945,2779,2272,2318,3600,4191,3868,3440,1679,2839,2802,2794,3215,2513,3471,2660,2870,3056,2716,2640,3427,3551,2593,3034,3037,2241,3932,3680,1221,3497,1608,2475,2653,3395,3750,2854,3003,2519,2442,2952,1199,3673,2574,1973,3077,2195,2897,2758,4409,2582,2956
1192,2873,2875,3262,3858,1615,1917,2782,2738,2179,3313,3157,3849,2553,2916,3080,3168,2919,2726,2923,2346,1752,2681,2889,2633,3358,2922,3000,2037,3424,1407,3395,2979,3504,2889,3109,3391,2006,2826,3573,3063,1273,2874,2492,3393,2601,2951,2794,2282,2327,3609,4197,3883,3451,1686,2846,2819,2807,3228,2520,3482,2665,2882,3066,2728,2649,3442,3559,2600,3041,3045,2253,3936,3688,1231,3511,1615,2484,2661,3403,3756,2864,3013,2533,2456,2967,1205,3682,2579,1981,3090,2203,2908,2764,4415,2598,2968
1193,2880,2892,3265,3870,1618,1927,2792,2749,2191,3327,3166,3854,2557,2926,3091,3180,2925,2741,2936,2355,1757,2685,2895,2644,3363,2928,3010,2046,3436,1418,3401,2987,3515,2899,3121,3395,2014,2836,3582,3070,1281,2884,2504,3400,2613,2958,2805,2291,2334,3616,4202,3889,3453,1699,2854,2825,2816,3233,2528,3491,2674,2897,3074,2736,2661,3447,3566,2612,3049,3055,2261,3945,3696,1239,3524,1619,2496,2673,3414,3763,2876,3024,2539,2469,2972,1214,3687,2593,1990,3103,2213,2921,2773,4419,2609,2978
1194,2888,2903,3273,3882,1628,1937,2807,2760,2201,3334,3176,3864,2569,2934,3098,3183,2936,2750,2949,2367,1770,2695,2906,2657,3374,2936,3019,2054,3446,1432,3410,2998,3524,2907,3136,3405,2023,2848,3590,3080,1285,2891,2517,3416,2621,2975,2816,2305,2340,3626,4213,3900,3462,1706,2860,2840,2828,3244,2538,3499,2679,2903,3082,2752,2670,3459,3581,2621,3064,3063,2270,3952,3703,1249,3535,1628,2507,2682,3427,3773,2890,3036,2549,2478,2987,1220,3694,2599,2000,3114,2225,2929,2788,4424,2622,2984
1195,2907,2909,3288,3894,1638,1946,2818,2771,2206,3341,3187,3874,2580,2946,3107,3193,2955,2758,2956,2381,1783,2710,2914,2671,3383,2947,3029,2058,3454,1442,3425,3006,3532,2916,3144,3420,2029,2852,3602,3094,1294,2902,2529,3427,2636,2983,2829,2314,2348,3639,4219,3905,3472,1713,2869,2849,2839,3247,2548,3510,2686,2914,3090,2763,2681,3471,3591,2631,3072,3074,2281,3957,3714,1258,3546,1636,2521,2695,3433,3787,2902,3044,2555,2494,2996,1227,3703,2606,2010,3128,2237,2937,2795,4430,2633,2989
1196,2921,2920,3301,3908,1648,1954,2834,2781,2220,3351,3197,3880,2587,2954,3121,3201,2966,2769,2964,2389,1790,2718,2923,2683,3389,2960,3044,2065,3466,1446,3436,3021,3538,2931,3160,3429,2044,2864,3614,3105,1298,2908,2536,3439,2648,2988,2837,2319,2359,3650,4227,3912,3490,1723,2879,2854,2855,3254,2557,3519,2692,2923,3104,2774,2689,3477,3601,2640,3080,3080,2287,3963,3718,1268,3555,1647,2531,2704,3444,3800,2918,3059,2568,2505,3002,1235,3718,2616,2017,3138,2250,2947,2804,4438,2645,2995
1197,2931,2933,3309,3914,1657,1966,2847,2792,2230,3358,3211,3889,2597,2963,3131,3210,2972,2779,2974,2399,1796,2734,2938,2696,3396,2969,3051,2079,3475,1452,3446,3032,3545,2941,3170,3438,2053,2873,3618,3116,1305,2913,2549,3449,2654,2998,2842,2325,2369,3657,4236,3920,3500,1734,2891,2867,2870,3264,2565,3532,2700,2935,3114,2782,2698,3488,3616,2652,3091,3090,2299,3972,3726,1280,3566,1654,2539,2713,3455,3808,2930,3067,2574,2513,3013,1244,3732,2626,2023,3149,2260,2959,2811,4445,2656,3008
1198,2943,2942,3315,3918,1667,1977,2858,2799,2238,3364,3215,3900,2604,2971,3141,3218,2993,2789,2979,2409,1804,2747,2944,2705,3409,2983,3067,2094,3485,1463,3455,3042,3557,2951,3180,3449,2062,2892,3623,3128,1308,2927,2563,3453,2665,3012,2849,2337,2381,3673,4244,3934,3506,1742,2900,2872,2879,3273,2575,3536,2712,2949,3122,2785,2711,3493,3624,2664,3100,3101,2308,3985,3735,1285,3569,1663,2551,2728,3466,3824,2935,3075,2589,2523,3018,1253,3742,2641,2037,3162,2270,2974,2827,4454,2664,3027
1199,2953,2953,3323,3924,1671,1986,2868,2807,2255,3377,3225,3914,2610,2982,3155,3228,3001,2806,2986,2422,1811,2756,2952,2711,3417,2992,3085,2104,3495,1465,3462,3052,3571,2959,3192,3470,2070,2907,3630,3134,1314,2941,2570,3464,2672,3017,2868,2350,2389,3679,4252,3948,3517,1752,2909,2883,2888,3283,2585,3547,2715,2955,3132,2798,2720,3502,3634,2675,3112,3114,2315,3993,3743,1297,3582,1670,2558,2743,3483,3831,2942,3085,2604,2530,3027,1262,3751,2654,2046,3170,2279,2984,2840,4467,2684,3040
1200,2957,2959,3332,3930,1684,1996,2879,2817,2262,3382,3237,3925,2619,2995,3171,3238,3017,2816,2995,2429,1822,2765,2961,2719,3431,3003,3093,2116,3503,1474,3474,3063,3582,2968,3202,3483,2081,2919,3640,3141,1321,2950,2578,3468,2685,3032,2878,2358,2400,3685,4266,3953,3528,1762,2922,2893,2898,3298,2595,3558,2725,2963,3142,2807,2733,3518,3644,2684,3121,3127,2327,4001,3756,1307,3588,1681,2567,2750,3492,3840,2950,3095,2613,2536,3044,1272,3762,2664,2056,3182,2284,2997,2851,4471,2695,3052
1201,2965,2967,3343,3942,1698,2000,2887,2827,2271,3386,3248,3932,2633,3002,3181,3248,3026,2828,3009,2437,1830,2769,2969,2731,3436,3010,3105,2124,3512,1485,3486,3076,3594,2973,3211,3487,2089,2932,3648,3151,1329,2963,2595,3484,2693,3042,2889,2372,2413,3697,4270,3964,3541,1775,2934,2898,2909,3311,2603,3567,2735,2972,3157,2821,2740,3527,3657,2697,3129,3138,2333,4012,3769,1321,3600,1693,2579,2756,3499,3850,2964,3099,2629,2545,3057,1277,3770,2672,2065,3193,2293,3008,2860,4480,2709,3059
1202,2970,2979,3351,3948,1708,2013,2893,2840,2277,3389,3255,3938,2638,3011,3194,3259,3037,2846,3016,2449,1843,2782,2982,2736,3447,3020,3116,2135,3528,1496,3496,3083,3602,2984,3220,3496,2097,2946,3658,3160,1336,2979,2605,3494,2708,3053,2898,2383,2421,3706,4282,3978,3556,1783,2946,2904,2923,3331,2616,3576,2741,2984,3168,2831,2752,3538,3668,2706,3137,3150,2346,4020,3777,1329,3609,1705,2585,2763,3511,3863,2973,3109,2639,2557,3067,1283,3777,2681,2078,3208,2313,3021,2866,4488,2719,3075
1203,2978,2989,3356,3969,1714,2025,2906,2849,2284,3397,3266,3946,2648,3021,3203,3268,3043,2857,3037,2463,1850,2795,3001,2743,3461,3026,3120,2141,3539,1504,3505,3095,3611,2993,3228,3503,2109,2958,3667,3170,1341,2987,2612,3510,2718,3064,2907,2395,2429,3713,4291,3985,3569,1789,2958,2914,2930,3340,2626,3585,2749,2995,3176,2839,2765,3551,3679,2722,3150,3160,2356,4023,3788,1339,3619,1717,2593,2781,3528,3874,2979,3125,2656,2568,3079,1294,3787,2689,2087,3214,2322,3034,2875,4491,2727,3090
1204,2987,2997,3370,3981,1732,2033,2915,2854,2300,3402,3269,3957,2658,3031,3211,3279,3057,2867,3053,2470,1857,2803,3011,2752,3469,3038,3130,2154,3546,1512,3518,3107,3624,3006,3238,3515,2121,2965,3683,3186,1347,3002,2622,3515,2732,3075,2912,2408,2441,3723,4297,3997,3575,1795,2971,2926,2940,3352,2638,3593,2759,3005,3184,2847,2774,3556,3690,2733,3158,3170,2366,4036,3798,1348,3632,1724,2606,2788,3534,3882,2989,3133,2672,2577,3093,1302,3799,2698,2101,3225,2332,3045,2884,4498,2736,3098
1205,3001,3012,3381,3987,1746,2043,2920,2864,2309,3412,3276,3968,2666,3039,3221,3287,3071,2883,3060,2477,1862,2813,3023,2765,3475,3049,3144,2164,3558,1521,3528,3118,3632,3018,3245,3527,2135,2976,3693,3194,1354,3010,2633,3528,2742,3081,2922,2411,2453,3731,4308,4008,3592,1805,2978,2935,2949,3366,2650,3598,2765,3020,3191,2855,2783,3563,3700,2741,3165,3180,2373,4045,3803,1356,3646,1732,2618,2798,3544,3890,2999,3144,2685,2583,3106,1314,3808,2708,2109,3234,2347,3054,2891,4507,2745,3110
1206,3018,3021,3389,3991,1751,2055,2926,2880,2321,3425,3284,3980,2674,3046,3234,3297,3079,2897,3072,2490,1870,2821,3032,2777,3486,3058,3152,2168,3568,1528,3538,3127,3639,3027,3254,3535,2145,2990,3702,3207,1362,3021,2643,3538,2751,3090,2929,2419,2462,3737,4315,4021,3608,1810,2985,2946,2962,3375,2658,3608,2773,3029,3205,2865,2792,3576,3707,2753,3176,3190,2385,4055,3813,1365,3658,1743,2634,2811,3555,3901,3011,3151,2698,2592,3110,1323,3818,2713,2116,3241,2361,3060,2907,4515,2753,3119
1207,3032,3030,3399,4000,1757,2064,2938,2896,2327,3434,3292,3984,2684,3055,3241,3309,3086,2911,3079,2499,1875,2832,3041,2786,3497,3069,3165,2174,3580,1536,3546,3136,3647,3033,3263,3544,2156,3008,3712,3216,1370,3036,2654,3549,2764,3100,2935,2427,2469,3749,4321,4031,3621,1824,2994,2954,2978,3381,2664,3618,2779,3040,3216,2878,2797,3586,3719,2765,3183,3204,2397,4062,3822,1374,3669,1756,2644,2821,3565,3907,3019,3170,2712,2603,3118,1331,3823,2727,2122,3254,2378,3069,2915,4521,2766,3126
1208,3041,3040,3411,4008,1762,2073,2950,2914,2342,3440,3298,3993,2694,3069,3252,3321,3093,2919,3088,2514,1881,2841,3054,2797,3508,3086,3178,2182,3596,1546,3554,3145,3660,3043,3272,3553,2167,3012,3726,3230,1376,3051,2664,3556,2777,3109,2941,2436,2484,3762,4330,4039,3630,1834,3006,2960,2991,3385,2670,3627,2787,3048,3224,2891,2810,3597,3730,2769,3194,3214,2402,4065,3830,1380,3678,1763,2656,2826,3572,3921,3034,3182,2724,2615,3125,1341,3832,2742,2134,3266,2388,3080,2924,4530,2772,3132
1209,3057,3048,3422,4019,1772,2078,2961,2925,2349,3447,3306,4000,2701,3078,3261,3333,3101,2933,3098,2524,1891,2858,3066,2812,3521,3101,3192,2192,3604,1551,3557,3153,3673,3054,3278,3557,2176,3027,3740,3237,1382,3066,2672,3560,2784,3117,2946,2448,2494,3771,4342,4048,3632,1845,3011,2969,3003,3394,2678,3641,2801,3057,3231,2898,2815,3607,3735,2781,3199,3221,2415,4073,3838,1388,3687,1777,2666,2838,3582,3932,3051,3193,2730,2623,3142,1352,3843,2760,2141,3279,2398,3088,2935,4535,2774,3143
1210,3067,3058,3433,4030,1780,2091,2972,2932,2360,3457,3317,4010,2705,3083,3274,3342,3107,2943,3111,2536,1899,2870,3073,2825,3535,3114,3206,2207,3618,1562,3568,3165,3680,3063,3286,3566,2186,3038,3750,3245,1391,3077,2680,3567,2793,3129,2958,2461,2504,3776,4351,4055,3650,1855,3018,2980,3015,3406,2689,3651,2809,3069,3241,2912,2823,3619,3744,2788,3210,3229,2424,4088,3848,1393,3701,1783,2682,2843,3593,3937,3065,3204,2738,2633,3154,1355,3849,2770,2153,3290,2406,3103,2946,4548,2785,3154
1211,3076,3070,3449,4038,1792,2100,2987,2940,2369,3471,3330,4018,2715,3091,3284,3350,3114,2954,3126,2551,1908,2883,3087,2836,3545,3128,3224,2220,3627,1567,3584,3169,3688,3073,3295,3579,2193,3052,3761,3254,1402,3085,2686,3578,2810,3139,2962,2470,2518,3786,4360,4064,3661,1863,3028,2995,3024,3413,2705,3670,2817,3078,3250,2920,2836,3631,3756,2802,3217,3241,2433,4098,3857,1399,3717,1793,2689,2854,3600,3947,3078,3218,2753,2639,3161,1362,3860,2775,2165,3300,2415,3114,2954,4560,2797,3166
1212,3090,3081,3460,4045,1806,2108,2996,2954,2379,3480,3338,4029,2724,3102,3299,3358,3126,2959,3136,2565,1917,2894,3098,2844,3553,3140,3234,2226,3633,1579,3596,3178,3695,3088,3302,3589,2196,3059,3776,3262,1405,3093,2697,3587,2821,3153,2973,2475,2530,3794,4367,4073,3671,1874,3035,3001,3037,3425,2717,3677,2828,3085,3261,2927,2842,3641,3764,2816,3224,3256,2446,4106,3871,1409,3729,1800,2704,2857,3608,3961,3094,3226,2763,2646,3168,1368,3873,2783,2178,3313,2427,3128,2966,4567,2807,3177
1213,3099,3090,3468,4052,1822,2117,3005,2963,2390,3487,3347,4039,2731,3115,3314,3367,3133,2972,3149,2574,1925,2904,3105,2853,3562,3159,3240,2230,3651,1587,3603,3186,3705,3099,3316,3599,2206,3068,3788,3271,1414,3102,2702,3604,2828,3170,2979,2480,2536,3801,4373,4082,3679,1887,3050,3015,3053,3437,2730,3688,2836,3095,3273,2934,2854,3655,3770,2825,3241,3263,2456,4113,3883,1419,3737,1810,2714,2868,3613,3968,3099,3230,2771,2658,3179,1377,3879,2798,2183,3323,2434,3141,2978,4577,2824,3191
1214,3109,3098,3478,4060,1831,2127,3021,2970,2405,3496,3360,4043,2743,3130,3323,3374,3141,2979,3155,2584,1941,2914,3118,2860,3571,3171,3250,2240,3666,1599,3618,3197,3716,3109,3328,3606,2222,3088,3805,3278,1426,3110,2712,3617,2840,3183,2993,2494,2552,3812,4382,4091,3685,1894,3061,3025,3064,3446,2740,3693,2845,3104,3281,2943,2863,3667,3782,2836,3254,3272,2464,4120,3893,1424,3745,1819,2722,2874,3619,3972,3109,3239,2781,2666,3188,1384,3890,2810,2192,3332,2446,3159,2994,4589,2836,3196
1215,3115,3107,3492,4069,1845,2133,3036,2983,2415,3513,3369,4054,2750,3136,3333,3382,3148,2985,3162,2594,1948,2923,3127,2869,3581,3181,3259,2259,3676,1607,3626,3206,3722,3119,3340,3617,2231,3101,3810,3285,1430,3117,2727,3624,2850,3191,3001,2506,2564,3821,4387,4098,3693,1904,3075,3027,3076,3458,2750,3701,2855,3115,3292,2952,2871,3674,3792,2848,3265,3279,2476,4127,3900,1434,3759,1830,2724,2880,3630,3982,3115,3250,2794,2676,3197,1392,3894,2820,2203,3342,2457,3166,3006,4592,2851,3200
1216,3129,3114,3506,4081,1854,2143,3052,2996,2425,3525,3378,4061,2765,3151,3341,3392,3158,2999,3180,2604,1958,2933,3133,2883,3596,3192,3274,2267,3682,1617,3642,3215,3732,3131,3350,3624,2237,3114,3825,3295,1435,3126,2736,3635,2865,3200,3005,2509,2576,3831,4395,4107,3702,1918,3088,3038,3086,3475,2761,3709,2861,3126,3303,2965,2884,3681,3804,2857,3273,3289,2483,4137,3913,1445,3769,1839,2732,2885,3643,3991,3130,3261,2802,2685,3211,1403,3907,2833,2222,3357,2467,3177,3018,4602,2863,3217
1217,3143,3124,3519,4092,1862,2153,3066,3006,2431,3532,3385,4071,2772,3166,3353,3402,3170,3006,3191,2611,1968,2944,3141,2895,3608,3201,3282,2285,3686,1627,3655,3223,3741,3139,3361,3635,2249,3131,3839,3312,1443,3139,2742,3642,2873,3206,3019,2521,2585,3837,4404,4117,3710,1928,3093,3051,3098,3483,2772,3717,2871,3134,3312,2972,2894,3693,3811,2863,3282,3299,2491,4147,3927,1455,3786,1847,2748,2900,3646,3999,3139,3272,2811,2695,3227,1412,3915,2843,2229,3371,2475,3192,3034,4608,2871,3229
1218,3153,3139,3530,4104,1869,2164,3079,3016,2443,3538,3400,4080,2784,3177,3369,3408,3172,3013,3203,2621,1978,2954,3149,2901,3619,3214,3297,2300,3697,1636,3666,3233,3759,3149,3374,3647,2255,3144,3853,3321,1449,3149,2748,3658,2884,3221,3032,2527,2596,3848,4410,4134,3719,1934,3104,3060,3109,3500,2782,3731,2879,3141,3325,2981,2901,3704,3822,2873,3295,3316,2504,4156,3936,1466,3799,1855,2758,2910,3653,4010,3148,3283,2818,2704,3236,1425,3925,2858,2243,3380,2485,3202,3039,4610,2884,3236
1219,3163,3150,3540,4110,1877,2169,3089,3030,2456,3546,3409,4090,2794,3188,3378,3421,3185,3025,3216,2632,1986,2965,3163,2911,3628,3223,3311,2307,3707,1644,3670,3245,3765,3161,3380,3660,2264,3153,3859,3330,1457,3161,2754,3667,2892,3229,3045,2537,2609,3862,4416,4147,3730,1945,3117,3067,3120,3509,2790,3742,2890,3152,3338,2989,2911,3716,3834,2884,3306,3329,2510,4168,3944,1472,3805,1859,2766,2916,3665,4016,3159,3292,2823,2715,3242,1434,3936,2867,2254,3391,2497,3215,3049,4618,2896,3247
1220,3170,3167,3548,4126,1884,2176,3094,3041,2464,3554,3422,4102,2800,3201,3388,3430,3197,3034,3229,2647,1995,2974,3169,2922,3639,3228,3326,2318,3725,1653,3679,3251,3778,3173,3394,3674,2279,3162,3866,3337,1465,3173,2767,3676,2912,3242,3056,2550,2615,3875,4426,4158,3736,1953,3130,3077,3135,3516,2801,3753,2900,3158,3355,2999,2922,3736,3843,2906,3318,3343,2526,4176,3950,1478,3813,1866,2784,2920,3672,4024,3170,3305,2830,2722,3250,1442,3944,2879,2262,3400,2511,3221,3056,4632,2904,3263
1221,3179,3177,3553,4132,1899,2184,3110,3052,2480,3560,3433,4112,2810,3213,3399,3439,3211,3041,3238,2656,2007,2984,3175,2933,3646,3236,3340,2325,3738,1663,3687,3268,3785,3182,3402,3678,2284,3171,3877,3344,1477,3182,2774,3687,2928,3255,3065,2557,2628,3883,4436,4164,3744,1966,3140,3085,3148,3527,2814,3763,2909,3169,3366,3004,2930,3746,3851,2915,3332,3357,2535,4182,3963,1484,3825,1874,2793,2927,3678,4035,3177,3318,2844,2729,3264,1449,3952,2889,2271,3413,2523,3228,3069,4639,2915,3272
1222,3192,3193,3560,4141,1906,2196,3117,3060,2488,3577,3440,4119,2820,3224,3412,3444,3221,3052,3246,2663,2022,2993,3182,2944,3658,3245,3352,2336,3743,1674,3695,3278,3799,3192,3411,3686,2297,3179,3884,3348,1484,3194,2786,3696,2939,3272,3076,2573,2640,3891,4444,4178,3757,1977,3154,3097,3157,3538,2823,3773,2920,3175,3375,3015,2944,3756,3857,2926,3340,3364,2546,4197,3980,1495,3833,1883,2800,2942,3686,4040,3189,3331,2850,2744,3272,1456,3964,2898,2282,3424,2535,3237,3080,4650,2926,3279
1223,3200,3205,3569,4147,1912,2201,3128,3073,2495,3589,3448,4131,2835,3237,3426,3464,3225,3063,3253,2676,2031,3000,3191,2959,3666,3258,3356,2352,3751,1681,3705,3284,3805,3200,3423,3694,2309,3189,3892,3356,1495,3204,2794,3706,2944,3286,3089,2582,2647,3897,4453,4189,3768,1987,3161,3110,3166,3548,2828,3783,2929,3185,3389,3030,2953,3764,3870,2932,3359,3371,2550,4202,3988,1506,3844,1893,2810,2952,3701,4049,3194,3341,2860,2758,3289,1465,3971,2909,2294,3434,2544,3251,3089,4658,2937,3293
1224,3211,3217,3578,4155,1916,2210,3138,3083,2506,3596,3460,4144,2851,3247,3439,3473,3229,3076,3270,2682,2039,3011,3201,2969,3673,3267,3367,2368,3762,1687,3715,3291,3815,3212,3436,3710,2313,3209,3898,3364,1508,3212,2803,3715,2958,3293,3097,2591,2656,3908,4462,4199,3780,1992,3168,3123,3172,3557,2837,3794,2940,3196,3399,3040,2960,3779,3878,2949,3367,3378,2564,4210,4000,1517,3856,1901,2826,2965,3712,4061,3198,3350,2869,2770,3297,1476,3983,2917,2309,3442,2556,3257,3101,4661,2948,3305
1225,3218,3225,3584,4164,1926,2221,3145,3093,2517,3605,3473,4151,2861,3261,3445,3485,3241,3090,3277,2696,2048,3021,3211,2978,3683,3272,3378,2374,3774,1692,3727,3304,3827,3229,3445,3715,2321,3216,3914,3372,1518,3221,2820,3721,2966,3306,3105,2606,2666,3916,4466,4209,3782,2005,3180,3134,3179,3570,2841,3805,2956,3207,3414,3050,2972,3790,3889,2955,3370,3386,2578,4220,4008,1527,3864,1909,2834,2976,3722,4077,3207,3363,2878,2782,3311,1482,3996,2922,2325,3452,2571,3265,3117,4667,2959,3311
1226,3228,3235,3597,4177,1935,2234,3153,3101,2524,3621,3483,4163,2874,3273,3455,3498,3254,3097,3287,2710,2057,3029,3224,2989,3693,3283,3387,2385,3782,1708,3738,3315,3832,3238,3457,3721,2330,3227,3926,3379,1528,3232,2828,3738,2980,3318,3117,2615,2675,3924,4479,4216,3790,2011,3189,3142,3194,3585,2852,3816,2963,3222,3421,3056,2990,3800,3896,2964,3376,3400,2590,4226,4020,1540,3876,1915,2848,2988,3733,4083,3217,3370,2894,2791,3321,1485,4002,2930,2339,3468,2582,3279,3128,4677,2968,3322
1227,3236,3249,3602,4185,1947,2245,3158,3115,2537,3633,3495,4170,2885,3283,3469,3507,3268,3108,3296,2719,2070,3037,3236,3001,3705,3296,3392,2395,3797,1719,3752,3330,3848,3251,3468,3730,2341,3243,3935,3396,1536,3243,2834,3743,2993,3333,3127,2630,2689,3929,4485,4226,3800,2015,3200,3151,3211,3592,2858,3832,2974,3232,3428,3062,2997,3806,3901,2974,3385,3408,2597,4229,4029,1550,3884,1926,2856,2997,3748,4090,3228,3381,2905,2806,3332,1489,4021,2941,2342,3481,2595,3288,3136,4683,2974,3333
1228,3245,3258,3613,4198,1957,2260,3171,3129,2540,3645,3499,4177,2897,3290,3481,3520,3280,3113,3302,2728,2075,3042,3248,3008,3718,3301,3406,2409,3810,1730,3758,3340,3854,3261,3479,3740,2349,3249,3947,3415,1546,3250,2840,3754,3002,3342,3134,2638,2703,3940,4493,4228,3811,2025,3214,3160,3221,3598,2875,3843,2985,3244,3436,3071,3010,3817,3908,2991,3397,3421,2608,4238,4044,1556,3891,1935,2864,3014,3760,4101,3238,3395,2912,2812,3342,1498,4030,2952,2350,3491,2607,3299,3145,4687,2988,3342
1229,3251,3266,3617,4212,1965,2272,3179,3142,2552,3657,3508,4186,2905,3306,3489,3536,3286,3129,3317,2740,2088,3056,3269,3020,3734,3312,3415,2420,3814,1741,3765,3350,3858,3269,3488,3748,2367,3260,3955,3426,1556,3263,2849,3763,3013,3352,3145,2656,2709,3954,4501,4235,3822,2031,3223,3172,3228,3611,2882,3852,2998,3256,3451,3086,3020,3837,3921,2995,3407,3433,2621,4248,4054,1569,3898,1945,2876,3020,3770,4109,3246,3403,2921,2826,3361,1506,4037,2965,2356,3503,2629,3310,3155,4695,2999,3357
1230,3263,3276,3630,4219,1969,2281,3191,3154,2563,3669,3522,4197,2907,3315,3501,3551,3301,3137,3330,2753,2094,3070,3275,3030,3747,3316,3425,2430,3822,1749,3773,3358,3865,3276,3506,3758,2378,3266,3965,3440,1565,3273,2855,3771,3026,3360,3151,2667,2722,3964,4513,4245,3829,2037,3235,3185,3236,3618,2888,3867,3010,3267,3459,3095,3033,3843,3930,3003,3416,3445,2631,4253,4062,1577,3908,1951,2886,3034,3781,4119,3257,3410,2931,2834,3373,1514,4050,2970,2369,3518,2644,3325,3158,4703,3010,3368
1231,3272,3286,3645,4230,1979,2295,3201,3161,2575,3682,3531,4205,2915,3327,3511,3561,3312,3147,3337,2761,2105,3087,3290,3035,3755,3324,3438,2438,3839,1758,3776,3371,3872,3286,3515,3761,2391,3275,3970,3451,1578,3280,2873,3785,3042,3369,3163,2681,2732,3977,4521,4253,3844,2055,3242,3195,3243,3624,2896,3875,3018,3279,3463,3110,3045,3848,3941,3013,3429,3463,2648,4262,4073,1583,3918,1963,2898,3040,3792,4126,3266,3424,2942,2849,3381,1523,4058,2981,2376,3527,2654,3339,3167,4714,3025,3384
1232,3279,3296,3659,4239,1991,2311,3207,3165,2582,3692,3541,4222,2928,3338,3518,3573,3327,3161,3352,2773,2121,3096,3305,3046,3768,3338,3455,2453,3846,1768,3785,3383,3883,3299,3523,3766,2398,3286,3983,3464,1584,3287,2883,3794,3055,3376,3166,2699,2740,3985,4532,4263,3854,2064,3249,3208,3256,3636,2910,3885,3029,3291,3481,3120,3055,3857,3951,3025,3435,3482,2658,4270,4079,1596,3930,1967,2904,3047,3799,4138,3281,3435,2954,2856,3389,1538,4070,2991,2382,3539,2663,3355,3173,4723,3036,3395
1233,3290,3302,3670,4248,2002,2314,3217,3179,2591,3697,3548,4233,2941,3349,3531,3583,3335,3177,3363,2785,2132,3108,3312,3056,3778,3347,3465,2466,3855,1773,3793,3396,3898,3309,3541,3774,2408,3297,3994,3483,1592,3300,2891,3805,3071,3392,3172,2710,2753,3995,4537,4270,3869,2072,3260,3214,3269,3642,2919,3897,3036,3302,3485,3129,3065,3870,3966,3035,3449,3491,2669,4277,4087,1604,3940,1980,2911,3061,3809,4149,3295,3447,2960,2869,3401,1543,4079,3002,2390,3552,2668,3363,3184,4732,3049,3404
1234,3301,3313,3674,4254,2016,2330,3231,3189,2598,3705,3556,4242,2950,3359,3538,3589,3347,3187,3373,2796,2136,3122,3322,3065,3785,3353,3473,2480,3865,1784,3806,3403,3911,3321,3548,3782,2416,3308,4005,3500,1601,3311,2899,3822,3079,3401,3183,2718,2764,4002,4547,4274,3872,2083,3274,3222,3280,3652,2925,3905,3043,3309,3495,3139,3074,3878,3973,3049,3460,3504,2682,4284,4094,1616,3951,1989,2921,3070,3818,4158,3312,3459,2968,2878,3411,1555,4092,3019,2397,3563,2679,3380,3197,4740,3062,3413
1235,3315,3320,3684,4262,2032,2344,3239,3198,2604,3715,3566,4250,2956,3375,3548,3598,3354,3195,3387,2804,2146,3131,3330,3077,3794,3365,3484,2494,3871,1793,3812,3416,3921,3329,3561,3791,2427,3315,4009,3510,1613,3323,2908,3835,3093,3414,3193,2733,2775,4011,4557,4283,3875,2097,3280,3227,3291,3665,2931,3912,3050,3321,3500,3153,3084,3888,3978,3059,3476,3511,2695,4293,4107,1620,3964,1997,2931,3080,3829,4172,3319,3470,2983,2890,3416,1561,4098,3030,2407,3571,2691,3384,3210,4747,3083,3424
1236,3325,3334,3699,4274,2038,2348,3251,3210,2612,3725,3583,4261,2966,3386,3555,3608,3365,3205,3397,2810,2156,3140,3343,3095,3803,3372,3492,2500,3879,1810,3821,3426,3932,3336,3570,3801,2436,3324,4014,3526,1626,3336,2919,3855,3102,3428,3206,2744,2791,4026,4566,4295,3888,2105,3297,3239,3307,3676,2938,3919,3058,3335,3516,3167,3097,3900,3986,3069,3487,3520,2702,4299,4115,1627,3976,2010,2943,3087,3835,4180,3333,3484,2991,2910,3426,1565,4106,3039,2415,3586,2704,3399,3220,4758,3095,3433
1237,3335,3343,3712,4280,2050,2355,3258,3222,2625,3732,3590,4271,2976,3399,3566,3622,3377,3215,3406,2819,2169,3146,3358,3112,3814,3381,3504,2512,3883,1815,3825,3444,3945,3356,3581,3811,2444,3330,4028,3535,1642,3345,2931,3873,3109,3435,3218,2755,2801,4037,4571,4304,3898,2109,3309,3251,3322,3686,2946,3928,3066,3349,3528,3174,3106,3909,3998,3078,3499,3532,2715,4306,4123,1637,3980,2016,2957,3097,3846,4185,3343,3492,3004,2916,3440,1576,4117,3048,2425,3604,2713,3404,3233,4762,3103,3447
1238,3342,3352,3724,4288,2058,2364,3269,3233,2643,3744,3602,4282,2987,3411,3571,3632,3390,3226,3417,2828,2176,3160,3366,3123,3824,3395,3517,2523,3894,1823,3837,3457,3957,3364,3594,3820,2452,3344,4033,3546,1651,3353,2940,3876,3121,3443,3230,2767,2816,4043,4576,4315,3910,2117,3317,3269,3328,3694,2956,3939,3077,3362,3546,3189,3117,3915,4004,3088,3506,3546,2732,4313,4133,1649,3995,2024,2969,3107,3856,4193,3356,3502,3007,2927,3456,1586,4123,3060,2436,3616,2726,3412,3245,4771,3114,3453
1239,3346,3366,3738,4295,2065,2373,3279,3243,2654,3749,3614,4289,2998,3426,3584,3637,3404,3235,3433,2842,2185,3173,3381,3142,3840,3409,3530,2532,3900,1831,3843,3467,3972,3374,3609,3829,2470,3353,4044,3558,1661,3366,2952,3884,3135,3452,3245,2772,2830,4054,4586,4322,3927,2130,3326,3280,3338,3710,2964,3950,3085,3375,3556,3203,3132,3928,4013,3104,3513,3558,2747,4328,4145,1655,4001,2036,2978,3118,3861,4202,3365,3513,3021,2936,3467,1599,4133,3074,2443,3627,2731,3419,3251,4777,3125,3462
1240,3357,3380,3748,4305,2072,2383,3291,3256,2668,3755,3622,4302,3007,3437,3599,3651,3413,3250,3448,2853,2196,3181,3390,3153,3851,3422,3538,2546,3916,1842,3850,3477,3978,3382,3615,3835,2484,3359,4057,3573,1671,3371,2965,3896,3144,3466,3254,2779,2838,4062,4594,4329,3938,2140,3338,3296,3353,3726,2974,3958,3093,3387,3565,3218,3140,3935,4022,3115,3520,3561,2756,4336,4155,1661,4012,2043,2987,3127,3868,4210,3375,3524,3028,2944,3484,1612,4144,3085,2450,3636,2744,3427,3262,4784,3141,3473
1241,3365,3390,3757,4314,2085,2398,3297,3267,2676,3765,3636,4313,3013,3450,3610,3661,3426,3264,3457,2858,2204,3190,3404,3161,3863,3430,3546,2557,3926,1853,3860,3492,3996,3390,3619,3840,2495,3368,4070,3578,1680,3384,2975,3909,3155,3477,3265,2791,2845,4073,4602,4342,3944,2149,3354,3310,3363,3736,2982,3967,3104,3397,3576,3226,3153,3945,4032,3129,3532,3570,2765,4344,4164,1670,4021,2053,2995,3138,3878,4220,3382,3534,3037,2954,3497,1623,4147,3099,2459,3644,2750,3437,3281,4798,3152,3485
1242,3378,3404,3764,4319,2096,2412,3305,3279,2688,3771,3649,4317,3022,3460,3619,3669,3441,3276,3464,2865,2218,3206,3416,3175,3870,3443,3560,2567,3933,1867,3867,3507,4006,3399,3631,3848,2505,3376,4082,3585,1694,3395,2986,3923,3167,3484,3276,2803,2854,4082,4613,4351,3954,2156,3360,3321,3374,3740,2994,3983,3115,3405,3582,3243,3168,3951,4042,3143,3545,3580,2772,4349,4173,1676,4036,2064,3006,3149,3889,4226,3392,3543,3049,2960,3507,1627,4154,3110,2467,3656,2761,3447,3300,4802,3161,3499
1243,3393,3415,3772,4326,2110,2425,3315,3288,2706,3784,3661,4328,3038,3471,3632,3676,3453,3288,3473,2871,2227,3216,3421,3191,3883,3458,3570,2576,3942,1875,3878,3517,4017,3404,3645,3855,2516,3386,4093,3598,1711,3408,2992,3929,3182,3489,3290,2810,2863,4089,4618,4359,3962,2164,3377,3331,3386,3752,3000,3997,3134,3414,3594,3255,3176,3965,4051,3158,3553,3595,2786,4359,4179,1692,4041,2071,3019,3156,3898,4233,3410,3557,3061,2966,3517,1637,4164,3127,2477,3667,2772,3462,3307,4809,3173,3512
1244,3400,3424,3778,4333,2124,2437,3323,3300,2723,3796,3671,4337,3053,3486,3650,3688,3466,3300,3485,2882,2236,3231,3428,3202,3890,3469,3575,2590,3952,1883,3887,3521,4023,3415,3655,3866,2527,3394,4107,3607,1718,3422,3005,3942,3193,3503,3301,2826,2876,4100,4629,4364,3973,2174,3393,3340,3393,3758,3010,4008,3143,3422,3605,3263,3181,3977,4062,3170,3567,3601,2803,4374,4189,1704,4049,2077,3031,3163,3907,4240,3421,3565,3068,2977,3525,1642,4170,3138,2488,3679,2782,3473,3317,4809,3186,3520
1245,3408,3437,3789,4337,2136,2450,3337,3310,2733,3805,3680,4347,3068,3497,3653,3697,3474,3313,3499,2892,2250,3247,3440,3216,3900,3481,3586,2597,3961,1891,3897,3526,4030,3425,3670,3876,2540,3405,4126,3614,1728,3431,3015,3952,3202,3513,3315,2838,2883,4107,4637,4374,3987,2181,3409,3351,3405,3772,3025,4020,3158,3435,3614,3273,3189,3988,4073,3179,3578,3611,2809,4385,4201,1715,4062,2089,3042,3174,3914,4247,3436,3572,3077,2987,3536,1651,4180,3147,2499,3694,2793,3478,3328,4819,3194,3532
1246,3416,3446,3795,4347,2150,2461,3346,3315,2750,3813,3691,4351,3079,3503,3662,3709,3487,3322,3511,2899,2261,3258,3451,3228,3910,3489,3601,2605,3975,1906,3909,3536,4037,3439,3679,3885,2553,3417,4138,3625,1734,3441,3026,3958,3212,3524,3325,2852,2894,4114,4646,4382,3999,2191,3424,3362,3417,3778,3039,4034,3166,3445,3623,3284,3201,3993,4079,3193,3590,3621,2820,4393,4207,1721,4075,2098,3055,3181,3919,4253,3441,3583,3094,3000,3548,1661,4187,3158,2508,3703,2807,3489,3337,4826,3198,3542
1247,3428,3455,3802,4359,2158,2470,3358,3328,2766,3820,3699,4360,3089,3512,3672,3721,3502,3337,3520,2912,2269,3265,3461,3238,3919,3497,3611,2615,3985,1911,3920,3545,4052,3446,3686,3896,2562,3429,4152,3641,1748,3452,3034,3970,3220,3533,3342,2861,2902,4127,4657,4391,4009,2202,3434,3371,3429,3786,3048,4056,3178,3457,3642,3292,3213,4007,4089,3212,3598,3631,2831,4402,4215,1730,4086,2108,3068,3191,3926,4263,3453,3593,3107,3011,3560,1667,4194,3172,2517,3711,2824,3502,3349,4834,3210,3558
1248,3436,3466,3811,4371,2170,2483,3376,3343,2776,3834,3716,4370,3095,3521,3681,3738,3510,3350,3531,2919,2276,3272,3473,3251,3933,3506,3621,2620,3995,1921,3929,3554,4060,3456,3699,3909,2573,3448,4159,3647,1760,3465,3047,3984,3228,3545,3352,2874,2911,4140,4666,4404,4021,2212,3443,3379,3436,3794,3055,4061,3188,3464,3654,3299,3219,4017,4092,3223,3607,3639,2845,4409,4222,1739,4097,2117,3079,3199,3937,4270,3464,3603,3117,3025,3566,1679,4203,3177,2527,3729,2833,3513,3354,4842,3221,3565
1249,3444,3481,3821,4386,2181,2493,3390,3353,2784,3844,3727,4380,3109,3533,3687,3748,3518,3359,3544,2937,2284,3283,3483,3260,3938,3518,3633,2626,4008,1932,3935,3563,4072,3469,3712,3927,2584,3458,4165,3655,1773,3474,3065,3994,3244,3561,3360,2886,2921,4147,4674,4412,4029,2220,3454,3391,3439,3805,3062,4073,3195,3477,3664,3309,3234,4029,4104,3240,3618,3650,2855,4420,4233,1745,4109,2127,3087,3207,3946,4276,3472,3616,3124,3030,3578,1690,4207,3187,2534,3738,2847,3521,3364,4851,3230,3577
1250,3453,3495,3831,4393,2189,2502,3403,3358,2802,3857,3740,4387,3114,3547,3696,3755,3523,3366,3552,2946,2296,3293,3493,3270,3948,3528,3640,2639,4014,1942,3946,3568,4084,3482,3728,3934,2598,3475,4175,3670,1782,3481,3073,4010,3254,3577,3377,2897,2928,4161,4683,4419,4038,2237,3464,3410,3450,3814,3072,4078,3207,3487,3675,3319,3245,4038,4111,3253,3629,3663,2868,4428,4239,1755,4121,2140,3099,3216,3959,4288,3485,3632,3134,3037,3589,1697,4222,3199,2544,3749,2857,3529,3378,4857,3236,3594
1251,3462,3517,3846,4402,2201,2514,3425,3371,2816,3863,3747,4395,3135,3555,3708,3762,3532,3379,3562,2961,2308,3303,3502,3286,3960,3540,3654,2652,4028,1955,3955,3580,4093,3492,3734,3937,2605,3484,4182,3689,1793,3491,3080,4016,3261,3583,3385,2913,2939,4172,4693,4427,4054,2249,3479,3420,3463,3822,3084,4085,3225,3497,3688,3333,3257,4052,4112,3270,3639,3672,2877,4434,4248,1763,4133,2148,3110,3227,3971,4304,3497,3639,3141,3050,3599,1702,4229,3208,2552,3754,2871,3541,3384,4867,3248,3603
1252,3470,3527,3851,4411,2210,2525,3433,3383,2824,3870,3756,4403,3143,3569,3713,3774,3545,3386,3571,2972,2320,3313,3513,3297,3970,3555,3664,2668,4037,1965,3969,3588,4102,3503,3742,3951,2613,3499,4190,3701,1806,3503,3097,4029,3272,3592,3390,2925,2947,4185,4706,4435,4067,2260,3492,3423,3479,3831,3095,4094,3236,3510,3692,3344,3267,4064,4119,3278,3648,3679,2886,4446,4258,1772,4144,2156,3128,3238,3982,4315,3509,3644,3157,3061,3609,1714,4239,3223,2561,3761,2879,3554,3390,4874,3254,3614
1253,3475,3541,3868,4423,2225,2539,3441,3393,2838,3881,3767,4410,3153,3577,3728,3783,3555,3398,3581,2983,2323,3330,3522,3313,3979,3561,3673,2679,4047,1973,3982,3602,4117,3516,3758,3961,2624,3508,4201,3712,1815,3515,3108,4036,3283,3599,3401,2938,2956,4198,4713,4442,4074,2269,3503,3436,3484,3850,3108,4107,3247,3521,3706,3354,3281,4081,4126,3288,3661,3693,2890,4454,4271,1783,4151,2165,3134,3247,3995,4323,3517,3651,3172,3072,3618,1723,4249,3235,2572,3774,2894,3566,3401,4880,3263,3624
1254,3485,3552,3886,4439,2238,2547,3451,3404,2849,3890,3775,4422,3162,3591,3735,3797,3564,3410,3596,2997,2337,3339,3532,3320,3993,3569,3683,2694,4054,1986,3993,3613,4123,3533,3767,3972,2636,3531,4206,3724,1822,3519,3120,4048,3294,3607,3411,2957,2965,4208,4718,4458,4081,2281,3512,3450,3491,3861,3119,4112,3258,3528,3719,3362,3291,4090,4146,3297,3666,3707,2902,4467,4274,1796,4159,2172,3148,3256,4003,4332,3528,3663,3181,3088,3629,1738,4265,3247,2583,3789,2903,3576,3411,4894,3277,3638
1255,3500,3570,3894,4448,2249,2569,3463,3418,2860,3901,3782,4433,3174,3601,3744,3807,3580,3420,3609,3004,2350,3348,3542,3329,4014,3582,3695,2708,4063,1998,4004,3627,4133,3543,3778,3982,2649,3539,4215,3736,1830,3530,3134,4052,3304,3619,3418,2966,2976,4217,4725,4466,4090,2290,3522,3461,3501,3867,3130,4125,3266,3537,3727,3372,3298,4099,4155,3308,3676,3723,2919,4477,4289,1804,4163,2175,3161,3270,4013,4337,3541,3678,3192,3096,3638,1751,4275,3261,2586,3799,2911,3587,3421,4902,3282,3651
1256,3511,3579,3905,4461,2262,2579,3472,3426,2878,3912,3794,4444,3189,3615,3752,3821,3584,3430,3616,3013,2356,3356,3551,3342,4025,3591,3705,2718,4069,2013,4015,3632,4141,3549,3784,3992,2653,3552,4225,3745,1839,3546,3145,4062,3310,3632,3425,2976,2988,4225,4732,4472,4102,2301,3531,3476,3512,3877,3139,4135,3273,3546,3740,3381,3307,4102,4165,3323,3687,3731,2934,4484,4300,1814,4167,2186,3172,3280,4025,4347,3551,3691,3197,3108,3651,1762,4287,3275,2600,3815,2921,3603,3428,4908,3297,3666
1257,3526,3597,3913,4473,2268,2588,3486,3440,2891,3925,3814,4451,3201,3624,3764,3832,3604,3443,3628,3025,2365,3371,3559,3355,4031,3600,3720,2736,4083,2022,4025,3650,4147,3551,3791,4002,2666,3564,4234,3758,1849,3554,3157,4075,3324,3644,3433,2986,3001,4239,4740,4476,4115,2317,3546,3482,3523,3884,3156,4144,3284,3559,3750,3400,3321,4109,4176,3337,3699,3740,2948,4493,4310,1824,4174,2197,3180,3292,4037,4360,3558,3702,3212,3123,3660,1775,4295,3282,2612,3826,2934,3617,3442,4912,3306,3680
1258,3529,3608,3920,4483,2279,2604,3496,3449,2907,3936,3824,4463,3211,3634,3775,3839,3612,3457,3635,3038,2378,3383,3571,3365,4047,3602,3729,2747,4091,2038,4034,3663,4156,3564,3804,4010,2676,3570,4245,3770,1856,3562,3169,4086,3334,3651,3451,3004,3010,4249,4749,4484,4119,2330,3551,3497,3538,3891,3165,4152,3295,3563,3760,3408,3331,4120,4188,3345,3702,3751,2961,4500,4320,1832,4183,2210,3191,3302,4045,4373,3570,3710,3219,3131,3668,1787,4305,3290,2628,3839,2946,3625,3453,4918,3314,3688
1259,3547,3618,3933,4490,2290,2617,3505,3460,2918,3946,3844,4471,3220,3647,3789,3844,3619,3471,3646,3051,2385,3394,3582,3373,4058,3618,3745,2757,4102,2050,4049,3676,4166,3576,3817,4017,2687,3581,4251,3781,1868,3572,3182,4095,3342,3660,3471,3010,3012,4262,4757,4497,4131,2337,3560,3507,3546,3897,3170,4157,3308,3572,3771,3416,3341,4130,4199,3357,3712,3761,2971,4508,4330,1842,4198,2220,3196,3316,4052,4379,3578,3720,3234,3141,3682,1794,4314,3297,2641,3850,2960,3628,3467,4919,3326,3696
1260,3557,3632,3946,4495,2307,2624,3515,3474,2931,3951,3854,4480,3228,3661,3808,3854,3633,3480,3654,3063,2398,3405,3595,3383,4063,3624,3761,2768,4119,2059,4054,3681,4175,3589,3823,4030,2698,3593,4262,3788,1879,3587,3194,4106,3351,3673,3478,3022,3019,4271,4762,4502,4139,2350,3569,3520,3552,3905,3187,4175,3311,3588,3779,3421,3356,4140,4210,3367,3721,3767,2982,4518,4345,1854,4208,2229,3209,3324,4059,4389,3589,3735,3248,3150,3690,1802,4326,3312,2656,3864,2967,3641,3473,4923,3337,3707
1261,3568,3641,3955,4499,2315,2637,3522,3486,2947,3963,3864,4494,3242,3670,3822,3867,3645,3492,3665,3075,2403,3417,3605,3396,4072,3635,3770,2780,4131,2067,4060,3692,4184,3597,3832,4042,2713,3600,4269,3799,1886,3596,3204,4109,3358,3685,3487,3033,3026,4279,4771,4515,4148,2361,3581,3531,3559,3922,3199,4183,3325,3600,3789,3426,3370,4152,4219,3382,3734,3779,2992,4523,4352,1867,4215,2243,3217,3334,4067,4396,3601,3741,3259,3165,3706,1810,4337,3318,2666,3874,2976,3652,3486,4935,3349,3718
1262,3579,3653,3969,4507,2333,2650,3533,3499,2957,3967,3877,4499,3256,3676,3832,3886,3656,3504,3671,3084,2412,3426,3621,3401,4083,3650,3788,2788,4142,2077,4072,3706,4198,3613,3841,4055,2722,3612,4284,3811,1894,3611,3219,4124,3369,3695,3497,3043,3038,4291,4777,4519,4153,2376,3588,3544,3568,3941,3207,4196,3334,3613,3799,3440,3386,4162,4229,3395,3743,3785,3004,4527,4367,1874,4224,2252,3232,3343,4076,4404,3615,3750,3272,3172,3713,1818,4348,3331,2675,3886,2986,3663,3499,4938,3354,3734
1263,3589,3661,3983,4514,2342,2665,3542,3512,2964,3975,3880,4506,3267,3690,3846,3896,3664,3511,3681,3093,2417,3437,3633,3409,4096,3659,3798,2800,4149,2088,4077,3715,4211,3624,3857,4067,2736,3623,4291,3825,1902,3622,3228,4139,3378,3706,3510,3054,3046,4303,4788,4535,4169,2388,3599,3551,3585,3955,3216,4205,3352,3631,3808,3448,3396,4169,4237,3410,3753,3792,3013,4534,4376,1883,4232,2257,3243,3355,4082,4415,3624,3759,3287,3180,3724,1825,4357,3343,2682,3893,3000,3670,3513,4945,3370,3740
1264,3604,3673,3991,4525,2356,2674,3563,3520,2971,3983,3892,4512,3293,3701,3859,3910,3673,3515,3686,3103,2427,3450,3641,3416,4109,3674,3805,2811,4159,2101,4087,3725,4227,3637,3868,4075,2746,3635,4299,3838,1912,3631,3238,4158,3387,3714,3518,3061,3060,4312,4795,4545,4183,2397,3611,3567,3598,3966,3228,4214,3365,3650,3819,3458,3406,4175,4248,3417,3766,3807,3031,4546,4383,1897,4238,2267,3250,3369,4095,4422,3632,3766,3298,3194,3736,1836,4366,3358,2693,3907,3006,3680,3527,4951,3384,3753
1265,3612,3688,4009,4532,2371,2686,3572,3528,2983,3991,3909,4521,3303,3713,3872,3919,3680,3526,3695,3112,2436,3459,3651,3427,4122,3684,3813,2823,4167,2115,4093,3737,4236,3647,3878,4087,2760,3648,4308,3846,1927,3638,3246,4167,3393,3721,3522,3076,3074,4322,4810,4554,4196,2405,3616,3576,3611,3976,3239,4223,3376,3661,3832,3466,3416,4193,4256,3426,3784,3823,3040,4560,4392,1908,4247,2278,3263,3380,4104,4429,3643,3778,3309,3207,3745,1840,4380,3371,2708,3916,3019,3691,3536,4959,3399,3762
1266,3628,3694,4017,4541,2383,2699,3592,3536,2993,3998,3915,4525,3312,3726,3884,3927,3692,3535,3701,3119,2451,3468,3664,3438,4129,3693,3822,2835,4179,2129,4105,3752,4248,3664,3892,4095,2770,3658,4322,3862,1939,3654,3258,4181,3404,3736,3536,3086,3082,4332,4818,4564,4202,2421,3630,3583,3620,3982,3254,4235,3388,3673,3845,3476,3423,4202,4272,3441,3791,3831,3054,4563,4402,1924,4259,2288,3275,3393,4114,4439,3653,3793,3322,3217,3756,1846,4385,3382,2720,3932,3028,3702,3549,4965,3404,3779
1267,3643,3707,4023,4545,2396,2712,3611,3547,3002,4007,3923,4531,3321,3739,3896,3946,3700,3539,3713,3133,2454,3482,3674,3447,4139,3702,3827,2845,4185,2138,4116,3761,4253,3671,3905,4102,2783,3672,4332,3874,1945,3665,3268,4187,3415,3748,3551,3102,3092,4341,4821,4572,4210,2432,3641,3598,3630,3992,3272,4246,3394,3685,3857,3489,3428,4213,4287,3451,3804,3839,3068,4571,4414,1928,4269,2297,3284,3403,4126,4455,3665,3803,3327,3226,3767,1855,4396,3392,2727,3937,3040,3714,3562,4973,3419,3787
1268,3653,3714,4034,4554,2404,2720,3623,3565,3010,4018,3932,4543,3332,3754,3907,3958,3710,3550,3717,3143,2468,3495,3682,3455,4146,3720,3841,2861,4193,2146,4123,3767,4266,3678,3913,4111,2800,3684,4345,3880,1955,3675,3284,4203,3428,3754,3558,3115,3098,4346,4828,4580,4228,2441,3651,3607,3642,3999,3283,4255,3407,3699,3870,3501,3444,4229,4296,3460,3814,3852,3076,4583,4424,1942,4278,2301,3297,3411,4140,4458,3676,3812,3336,3232,3774,1866,4404,3404,2739,3946,3055,3727,3579,4978,3430,3800
1269,3660,3726,4044,4567,2415,2730,3637,3572,3021,4025,3948,4550,3341,3768,3917,3969,3723,3561,3729,3158,2483,3506,3696,3465,4154,3728,3853,2871,4206,2156,4131,3782,4273,3686,3922,4122,2813,3695,4356,3893,1966,3686,3291,4206,3434,3767,3567,3124,3106,4356,4834,4591,4240,2455,3666,3620,3658,4012,3292,4262,3420,3710,3884,3511,3458,4238,4308,3476,3824,3864,3087,4595,4431,1953,4292,2316,3310,3428,4150,4468,3686,3819,3355,3243,3784,1873,4412,3418,2758,3956,3063,3736,3591,4986,3442,3809
1270,3677,3747,4055,4581,2424,2738,3644,3583,3035,4037,3962,4561,3353,3781,3926,3983,3738,3573,3741,3168,2490,3512,3700,3476,4161,3739,3864,2885,4214,2169,4138,3796,4281,3697,3930,4128,2822,3707,4369,3903,1975,3704,3301,4210,3448,3776,3577,3132,3115,4364,4846,4599,4249,2466,3675,3628,3668,4025,3305,4280,3431,3720,3890,3522,3471,4246,4324,3485,3838,3875,3094,4601,4442,1960,4301,2327,3328,3442,4160,4478,3698,3830,3371,3254,3796,1879,4420,3426,2769,3968,3071,3748,3602,5000,3444,3820
1271,3688,3759,4063,4591,2439,2754,3652,3588,3038,4054,3970,4571,3371,3791,3936,3990,3747,3582,3753,3178,2498,3523,3708,3490,4169,3761,3881,2902,4223,2174,4146,3809,4294,3709,3939,4137,2835,3723,4381,3910,1987,3714,3308,4223,3454,3785,3588,3137,3128,4371,4854,4606,4261,2473,3689,3639,3673,4036,3321,4289,3440,3737,3898,3533,3480,4255,4331,3495,3851,3885,3103,4613,4450,1972,4310,2333,3340,3458,4175,4488,3709,3845,3383,3264,3808,1888,4429,3439,2786,3979,3088,3757,3611,5008,3456,3827
1272,3704,3766,4072,4598,2447,2762,3660,3597,3048,4064,3983,4578,3376,3803,3947,3998,3760,3596,3762,3192,2504,3535,3719,3503,4182,3771,3894,2911,4238,2189,4155,3818,4307,3721,3948,4146,2846,3732,4391,3921,1999,3731,3324,4227,3464,3794,3600,3144,3138,4380,4865,4615,4268,2483,3699,3650,3685,4049,3327,4296,3450,3748,3902,3548,3498,4262,4337,3509,3860,3895,3117,4620,4455,1985,4322,2338,3349,3468,4185,4505,3724,3858,3394,3280,3818,1893,4436,3453,2794,3996,3097,3765,3618,5022,3468,3838
1273,3718,3772,4086,4607,2460,2774,3673,3605,3060,4078,3997,4589,3386,3815,3954,4008,3779,3609,3777,3205,2518,3550,3729,3513,4194,3779,3913,2919,4247,2201,4162,3829,4314,3727,3968,4159,2860,3739,4398,3930,2010,3741,3343,4234,3469,3808,3613,3156,3147,4388,4873,4626,4281,2489,3710,3655,3696,4062,3336,4308,3461,3765,3912,3561,3506,4274,4341,3516,3873,3909,3124,4631,4465,1996,4330,2347,3363,3480,4196,4518,3727,3866,3402,3288,3826,1906,4445,3462,2804,4008,3105,3774,3630,5029,3474,3847
1274,3727,3785,4103,4621,2477,2784,3684,3626,3071,4089,4010,4601,3394,3826,3967,4022,3788,3618,3792,3212,2525,3559,3739,3526,4206,3787,3927,2931,4255,2211,4171,3841,4321,3736,3973,4169,2869,3748,4406,3943,2024,3755,3363,4242,3482,3818,3620,3163,3161,4396,4880,4637,4288,2502,3714,3672,3710,4071,3342,4320,3470,3782,3929,3580,3517,4283,4355,3526,3883,3917,3136,4638,4474,2010,4337,2360,3382,3493,4209,4523,3736,3880,3414,3300,3839,1909,4453,3471,2817,4024,3120,3784,3646,5038,3488,3854
1275,3737,3795,4110,4632,2489,2794,3697,3636,3079,4095,4019,4615,3403,3827,3980,4031,3797,3628,3802,3219,2536,3569,3753,3532,4211,3792,3935,2942,4266,2219,4180,3848,4332,3743,3989,4179,2883,3763,4416,3946,2031,3769,3374,4257,3494,3831,3634,3176,3172,4410,4889,4648,4301,2512,3725,3682,3722,4083,3350,4331,3483,3796,3945,3588,3533,4294,4364,3540,3893,3928,3148,4640,4485,2023,4346,2365,3393,3506,4218,4537,3749,3896,3421,3311,3853,1924,4461,3476,2824,4035,3136,3799,3665,5046,3497,3870
1276,3752,3807,4123,4642,2496,2798,3707,3647,3093,4110,4025,4623,3425,3839,3993,4046,3806,3638,3809,3229,2546,3579,3768,3549,4219,3801,3942,2955,4279,2230,4191,3857,4341,3758,4005,4190,2898,3776,4421,3953,2048,3779,3385,4271,3507,3847,3646,3189,3186,4418,4898,4655,4312,2518,3734,3689,3731,4089,3357,4337,3498,3803,3954,3604,3546,4296,4367,3550,3900,3948,3158,4642,4494,2034,4357,2373,3401,3518,4227,4546,3760,3902,3436,3322,3867,1937,4475,3493,2829,4056,3151,3810,3673,5053,3513,3879
1277,3763,3819,4139,4646,2511,2810,3714,3662,3102,4117,4041,4629,3439,3848,4001,4057,3817,3645,3821,3236,2556,3593,3782,3556,4228,3812,3957,2967,4285,2242,4205,3873,4353,3766,4016,4201,2905,3792,4426,3963,2054,3785,3397,4278,3520,3858,3659,3206,3192,4430,4907,4659,4322,2525,3747,3693,3744,4098,3363,4350,3508,3816,3966,3617,3560,4310,4376,3558,3908,3965,3173,4654,4506,2042,4364,2391,3408,3534,4235,4552,3773,3911,3445,3329,3877,1943,4490,3500,2839,4069,3161,3817,3680,5061,3525,3891
1278,3772,3833,4152,4659,2525,2822,3726,3668,3115,4127,4058,4636,3451,3861,4012,4072,3831,3651,3833,3244,2563,3602,3799,3564,4235,3824,3968,2987,4293,2249,4213,3882,4361,3771,4029,4210,2920,3807,4436,3976,2064,3797,3414,4289,3527,3865,3671,3217,3199,4439,4915,4667,4329,2533,3763,3703,3755,4105,3373,4358,3514,3822,3979,3627,3569,4315,4388,3561,3916,3975,3182,4657,4517,2052,4374,2404,3417,3542,4247,4560,3780,3919,3459,3350,3888,1960,4498,3509,2857,4080,3174,3823,3694,5067,3535,3904
1279,3783,3844,4165,4668,2532,2835,3737,3674,3128,4138,4066,4645,3466,3872,4025,4084,3843,3664,3845,3252,2580,3622,3813,3572,4243,3835,3979,2997,4300,2263,4218,3897,4371,3787,4041,4218,2932,3822,4442,3991,2072,3810,3432,4294,3538,3880,3684,3233,3208,4448,4923,4673,4337,2543,3775,3713,3769,4118,3394,4372,3527,3838,3990,3632,3587,4322,4403,3572,3924,3984,3190,4664,4528,2063,4381,2414,3430,3551,4258,4567,3798,3935,3469,3358,3901,1966,4504,3522,2867,4092,3182,3840,3704,5076,3549,3908
1280,3790,3860,4179,4682,2550,2850,3746,3684,3136,4149,4080,4659,3474,3887,4035,4091,3857,3681,3856,3261,2589,3628,3825,3584,4256,3847,3985,3008,4311,2275,4232,3907,4379,3802,4055,4228,2944,3831,4452,4002,2086,3821,3443,4305,3549,3893,3700,3244,3226,4462,4932,4682,4350,2558,3785,3728,3779,4127,3399,4380,3539,3847,4003,3641,3600,4328,4411,3585,3938,4000,3201,4672,4539,2068,4392,2427,3443,3561,4268,4579,3804,3946,3482,3368,3911,1971,4513,3535,2876,4105,3185,3852,3717,5085,3562,3920
1281,3797,3869,4194,4685,2564,2858,3754,3698,3149,4160,4087,4673,3489,3899,4048,4101,3865,3693,3863,3270,2596,3634,3839,3596,4265,3853,4001,3016,4322,2285,4239,3918,4386,3817,4069,4235,2955,3845,4461,4013,2093,3831,3455,4317,3560,3904,3710,3255,3231,4473,4938,4689,4361,2571,3796,3735,3786,4139,3408,4390,3549,3862,4011,3650,3608,4334,4425,3595,3943,4006,3210,4681,4548,2075,4404,2438,3459,3579,4275,4589,3814,3956,3493,3382,3925,1981,4527,3544,2883,4115,3195,3860,3731,5093,3580,3927
1282,3809,3878,4201,4694,2574,2869,3767,3708,3158,4167,4094,4683,3503,3910,4062,4110,3881,3704,3872,3281,2610,3644,3851,3612,4280,3868,4012,3033,4340,2296,4254,3930,4394,3824,4081,4247,2965,3856,4474,4021,2100,3847,3466,4323,3572,3913,3723,3265,3242,4483,4953,4700,4370,2587,3804,3746,3797,4147,3416,4403,3559,3885,4023,3661,3620,4349,4438,3606,3948,4018,3219,4690,4557,2086,4422,2450,3478,3599,4284,4600,3827,3971,3508,3400,3939,1995,4534,3556,2902,4126,3206,3871,3741,5099,3595,3940
1283,3821,3886,4210,4701,2584,2882,3774,3717,3173,4172,4098,4692,3521,3921,4070,4121,3887,3713,3879,3289,2627,3656,3863,3626,4287,3879,4025,3041,4349,2304,4265,3940,4401,3837,4089,4258,2977,3861,4483,4036,2111,3861,3477,4335,3580,3925,3734,3278,3250,4491,4962,4706,4384,2599,3819,3759,3816,4154,3434,4410,3564,3903,4033,3666,3636,4359,4445,3615,3963,4032,3230,4692,4561,2098,4427,2460,3488,3613,4294,4613,3840,3979,3525,3407,3944,2001,4544,3566,2911,4137,3220,3882,3748,5105,3607,3948
1284,3830,3896,4219,4709,2596,2899,3784,3726,3185,4188,4106,4700,3533,3933,4085,4134,3900,3725,3893,3302,2636,3666,3872,3635,4305,3886,4034,3047,4359,2316,4276,3949,4409,3854,4100,4274,2990,3870,4492,4047,2116,3871,3486,4346,3594,3941,3745,3292,3261,4496,4967,4715,4391,2606,3835,3781,3831,4166,3453,4419,3578,3915,4047,3671,3645,4367,4456,3626,3971,4046,3239,4703,4577,2109,4433,2476,3501,3625,4301,4620,3854,3987,3535,3421,3951,2013,4554,3574,2920,4150,3231,3893,3762,5116,3621,3955
1285,3841,3912,4233,4721,2607,2912,3797,3741,3198,4198,4114,4712,3550,3947,4094,4142,3910,3736,3903,3317,2649,3680,3877,3649,4315,3899,4042,3057,4364,2326,4287,3966,4416,3864,4112,4292,3001,3880,4504,4055,2128,3880,3498,4356,3603,3948,3760,3302,3274,4508,4974,4726,4402,2616,3840,3795,3834,4180,3462,4428,3594,3930,4060,3684,3656,4381,4464,3637,3982,4057,3254,4709,4580,2123,4445,2493,3512,3632,4308,4628,3862,3998,3545,3436,3961,2028,4557,3591,2939,4157,3243,3904,3769,5125,3629,3966
1286,3852,3921,4247,4729,2612,2924,3806,3750,3208,4204,4128,4720,3563,3956,4108,4152,3923,3754,3914,3330,2661,3690,3885,3656,4325,3912,4052,3070,4372,2339,4294,3978,4428,3881,4121,4314,3011,3895,4514,4064,2135,3888,3506,4368,3615,3956,3772,3314,3281,4517,4982,4739,4412,2628,3853,3802,3842,4187,3471,4439,3613,3938,4073,3698,3664,4394,4475,3649,3998,4067,3268,4719,4592,2137,4452,2502,3521,3644,4323,4633,3875,4013,3559,3449,3969,2041,4565,3604,2949,4178,3254,3918,3777,5137,3639,3980
1287,3858,3936,4258,4741,2625,2932,3823,3769,3221,4211,4138,4725,3571,3965,4114,4162,3936,3768,3925,3340,2667,3701,3890,3665,4335,3919,4060,3081,4377,2348,4300,3993,4438,3894,4129,4323,3018,3911,4520,4077,2141,3897,3524,4380,3626,3968,3782,3323,3294,4532,4990,4749,4419,2640,3859,3813,3850,4197,3478,4449,3620,3951,4085,3711,3676,4402,4490,3663,4014,4080,3279,4729,4600,2150,4467,2511,3530,3652,4338,4643,3888,4023,3571,3461,3975,2050,4569,3622,2958,4184,3267,3925,3790,5149,3648,3987
1288,3877,3949,4272,4749,2630,2948,3831,3776,3230,4223,4152,4730,3581,3972,4124,4169,3945,3779,3930,3352,2674,3713,3907,3679,4345,3931,4069,3091,4389,2358,4305,4005,4448,3900,4143,4332,3031,3921,4534,4088,2151,3905,3538,4391,3639,3976,3788,3345,3305,4543,4998,4758,4429,2652,3871,3829,3862,4210,3493,4460,3630,3962,4095,3722,3689,4411,4499,3677,4022,4094,3295,4736,4615,2164,4473,2518,3547,3660,4350,4656,3898,4038,3580,3475,3984,2063,4579,3636,2965,4191,3287,3930,3798,5156,3660,3995
1289,3889,3959,4280,4758,2640,2968,3846,3786,3245,4237,4153,4740,3596,3982,4133,4178,3965,3786,3939,3363,2689,3727,3920,3687,4359,3944,4079,3105,4401,2370,4315,4016,4459,3908,4153,4345,3045,3931,4544,4096,2161,3916,3547,4397,3649,3988,3797,3365,3319,4549,5009,4772,4437,2659,3885,3839,3875,4218,3499,4466,3640,3970,4104,3733,3698,4417,4507,3689,4035,4107,3308,4746,4626,2178,4482,2534,3562,3680,4357,4667,3915,4048,3595,3490,3987,2069,4591,3646,2971,4198,3299,3936,3812,5164,3674,4012
1290,3901,3970,4286,4773,2649,2983,3855,3799,3258,4251,4165,4751,3605,3990,4144,4191,3981,3805,3948,3371,2699,3740,3929,3705,4371,3954,4087,3120,4410,2380,4322,4029,4473,3921,4164,4350,3052,3949,4556,4101,2172,3928,3557,4405,3659,4003,3810,3376,3330,4560,5015,4781,4447,2670,3895,3850,3890,4227,3510,4472,3650,3979,4117,3746,3710,4422,4522,3705,4057,4122,3326,4755,4638,2202,4497,2541,3573,3690,4376,4673,3922,4056,3608,3499,3999,2074,4601,3653,2975,4208,3309,3944,3827,5172,3681,4021
1291,3915,3983,4297,4779,2663,2992,3865,3806,3267,4262,4178,4759,3612,4003,4150,4201,3993,3822,3959,3384,2715,3748,3939,3718,4382,3965,4098,3130,4420,2389,4324,4047,4481,3932,4174,4358,3071,3955,4564,4112,2181,3937,3564,4415,3668,4012,3820,3387,3344,4565,5024,4789,4466,2683,3907,3858,3900,4237,3522,4488,3661,3998,4126,3755,3725,4428,4530,3713,4066,4135,3333,4758,4646,2214,4505,2548,3584,3700,4387,4685,3934,4071,3619,3512,4008,2087,4611,3663,2984,4220,3322,3959,3841,5178,3694,4030
1292,3925,4002,4306,4786,2673,3005,3879,3820,3275,4276,4193,4769,3619,4013,4163,4213,4001,3830,3973,3393,2727,3755,3954,3732,4395,3974,4108,3140,4431,2396,4333,4059,4489,3943,4182,4371,3082,3962,4573,4127,2193,3951,3573,4425,3678,4028,3830,3400,3356,4574,5037,4798,4475,2701,3917,3864,3915,4245,3533,4493,3667,4005,4136,3764,3736,4435,4536,3719,4078,4143,3351,4765,4658,2221,4513,2555,3599,3712,4395,4693,3948,4080,3630,3517,4022,2095,4623,3676,2994,4226,3336,3965,3856,5185,3704,4037
1293,3933,4012,4317,4797,2681,3015,3892,3829,3290,4288,4203,4780,3631,4026,4171,4225,4011,3837,3983,3401,2741,3763,3968,3744,4403,3985,4119,3149,4443,2410,4342,4070,4500,3949,4187,4377,3093,3974,4577,4139,2200,3970,3585,4435,3687,4038,3840,3415,3366,4583,5051,4809,4481,2711,3932,3874,3928,4260,3547,4508,3679,4013,4144,3778,3746,4444,4545,3729,4092,4152,3360,4769,4668,2232,4530,2570,3616,3720,4405,4700,3965,4094,3637,3529,4032,2104,4632,3689,3004,4237,3346,3981,3865,5192,3713,4052
1294,3942,4023,4328,4807,2696,3031,3900,3837,3300,4299,4213,4794,3651,4038,4179,4232,4022,3849,3994,3408,2752,3776,3976,3756,4409,3996,4129,3163,4457,2419,4352,4081,4507,3956,4201,4389,3104,3988,4583,4146,2214,3986,3594,4448,3703,4043,3847,3424,3379,4593,5066,4819,4494,2719,3943,3885,3942,4268,3560,4524,3694,4027,4155,3785,3758,4453,4552,3736,4101,4161,3376,4775,4675,2244,4540,2587,3629,3726,4409,4709,3980,4104,3643,3538,4040,2111,4640,3703,3017,4250,3359,3990,3879,5197,3723,4061
1295,3958,4032,4344,4816,2709,3044,3915,3844,3311,4316,4222,4803,3661,4045,4190,4242,4030,3858,4006,3421,2769,3789,3986,3775,4420,4009,4136,3172,4467,2426,4359,4090,4518,3969,4212,4398,3108,4001,4590,4157,2219,3998,3599,4456,3713,4056,3860,3435,3390,4602,5076,4830,4503,2728,3956,3893,3952,4277,3570,4540,3711,4038,4168,3795,3770,4460,4559,3744,4110,4179,3382,4784,4685,2257,4552,2595,3645,3741,4418,4719,3990,4116,3657,3548,4053,2120,4650,3719,3032,4263,3364,4001,3884,5204,3733,4074
1296,3969,4043,4356,4831,2721,3049,3924,3855,3331,4321,4236,4809,3675,4054,4201,4253,4036,3869,4016,3433,2776,3798,4000,3787,4431,4017,4147,3186,4480,2438,4367,4098,4525,3983,4218,4414,3116,4017,4601,4163,2234,4007,3610,4463,3721,4069,3879,3444,3397,4615,5085,4844,4512,2737,3965,3901,3965,4290,3579,4548,3726,4050,4180,3807,3781,4467,4569,3756,4117,4195,3386,4794,4699,2271,4560,2604,3662,3746,4429,4730,4003,4126,3665,3561,4068,2132,4659,3727,3046,4277,3378,4011,3898,5212,3743,4083
1297,3978,4056,4366,4839,2735,3055,3935,3862,3348,4331,4248,4821,3685,4063,4212,4264,4047,3881,4026,3447,2788,3807,4005,3798,4435,4028,4157,3197,4487,2445,4378,4101,4535,3990,4231,4422,3131,4027,4612,4169,2242,4018,3622,4479,3732,4083,3889,3457,3406,4627,5094,4862,4519,2748,3973,3913,3978,4308,3591,4555,3740,4059,4185,3821,3793,4476,4576,3772,4130,4204,3393,4801,4716,2281,4571,2614,3676,3761,4444,4737,4008,4140,3675,3582,4082,2143,4668,3736,3056,4288,3390,4030,3911,5220,3753,4091
1298,3987,4070,4376,4853,2751,3076,3946,3872,3357,4337,4256,4825,3694,4077,4218,4273,4062,3888,4034,3454,2797,3817,4012,3804,4442,4036,4169,3207,4498,2455,4390,4117,4548,4002,4241,4434,3141,4039,4619,4176,2255,4034,3635,4491,3743,4093,3896,3471,3414,4633,5105,4868,4529,2752,3982,3927,3986,4321,3603,4569,3749,4070,4200,3835,3799,4484,4589,3782,4144,4213,3406,4810,4733,2292,4585,2621,3687,3773,4455,4745,4021,4148,3681,3597,4090,2148,4681,3751,3063,4297,3405,4040,3924,5229,3767,4100
1299,4002,4083,4388,4861,2767,3086,3950,3885,3368,4342,4267,4833,3705,4091,4233,4282,4070,3899,4048,3468,2804,3832,4023,3816,4452,4042,4178,3221,4512,2464,4397,4126,4559,4013,4253,4439,3153,4046,4626,4180,2261,4046,3646,4495,3754,4104,3904,3483,3419,4646,5113,4879,4535,2765,3990,3937,3996,4334,3610,4581,3759,4076,4209,3844,3813,4490,4598,3791,4149,4227,3421,4820,4743,2305,4601,2634,3698,3789,4464,4755,4035,4162,3692,3613,4103,2158,4687,3765,3068,4304,3414,4055,3937,5235,3777,4110
1300,4011,4092,4396,4871,2782,3094,3960,3895,3379,4349,4276,4839,3722,4097,4247,4293,4085,3912,4068,3479,2818,3843,4033,3825,4463,4058,4189,3237,4522,2470,4412,4142,4571,4026,4271,4452,3168,4056,4634,4193,2271,4050,3658,4510,3765,4110,3912,3493,3434,4656,5129,4891,4549,2774,3999,3951,4011,4344,3622,4591,3765,4084,4223,3850,3823,4503,4606,3803,4165,4238,3437,4827,4753,2318,4619,2646,3707,3801,4481,4765,4051,4174,3708,3626,4115,2172,4694,3775,3075,4318,3419,4069,3953,5243,3787,4117
1301,4018,4108,4407,4878,2791,3115,3967,3911,3392,4360,4291,4848,3738,4108,4259,4299,4093,3928,4081,3487,2830,3851,4052,3838,4474,4068,4197,3250,4529,2480,4416,4155,4578,4033,4286,4458,3183,4068,4645,4211,2285,4059,3669,4517,3779,4125,3921,3503,3446,4663,5140,4894,4560,2783,4010,3957,4026,4352,3637,4605,3783,4096,4236,3860,3835,4511,4620,3821,4173,4245,3455,4835,4765,2331,4631,2659,3713,3808,4486,4775,4058,4184,3716,3643,4122,2183,4701,3787,3081,4329,3432,4082,3968,5250,3796,4131
1302,4024,4122,4421,4888,2800,3129,3979,3927,3403,4372,4305,4859,3751,4116,4272,4316,4100,3939,4092,3495,2843,3861,4064,3850,4488,4078,4209,3263,4533,2495,4428,4167,4588,4044,4301,4462,3196,4078,4653,4226,2291,4068,3685,4525,3792,4135,3931,3514,3449,4673,5148,4904,4567,2791,4019,3981,4034,4361,3652,4615,3795,4106,4249,3873,3851,4520,4632,3838,4179,4266,3473,4842,4773,2343,4640,2670,3725,3817,4491,4784,4066,4198,3725,3654,4135,2194,4711,3797,3096,4336,3441,4097,3979,5254,3807,4140
1303,4033,4128,4432,4900,2815,3142,3984,3946,3415,4389,4315,4866,3760,4123,4285,4329,4105,3949,4107,3504,2857,3874,4079,3861,4500,4092,4222,3279,4541,2512,4442,4178,4604,4051,4306,4473,3208,4085,4666,4240,2300,4076,3695,4534,3805,4147,3948,3527,3462,4683,5154,4912,4575,2805,4025,3990,4046,4369,3666,4623,3801,4117,4258,3890,3861,4533,4639,3857,4188,4281,3485,4847,4786,2352,4646,2680,3734,3825,4503,4794,4072,4209,3737,3670,4143,2203,4722,3814,3100,4344,3454,4102,3996,5264,3824,4154
1304,4038,4141,4439,4910,2825,3152,4000,3955,3425,4397,4327,4875,3773,4131,4299,4336,4116,3961,4122,3510,2875,3883,4084,3875,4510,4100,4228,3297,4551,2519,4461,4191,4611,4060,4320,4482,3218,4099,4682,4254,2310,4092,3708,4547,3812,4158,3958,3537,3473,4692,5159,4917,4585,2813,4032,4001,4054,4387,3678,4634,3817,4127,4266,3897,3873,4548,4649,3875,4201,4290,3495,4851,4799,2367,4656,2695,3747,3834,4510,4805,4084,4218,3752,3676,4151,2216,4730,3831,3109,4350,3468,4113,4009,5272,3837,4166
1305,4046,4149,4448,4918,2841,3161,4007,3962,3444,4402,4336,4885,3781,4140,4307,4351,4127,3971,4134,3521,2887,3889,4092,3891,4522,4111,4234,3304,4560,2528,4469,4207,4619,4075,4336,4490,3229,4110,4698,4264,2323,4099,3722,4561,3827,4168,3972,3553,3485,4706,5165,4926,4604,2820,4043,4012,4064,4399,3688,4648,3828,4137,4275,3915,3883,4562,4661,3891,4210,4300,3507,4856,4806,2371,4663,2703,3753,3845,4514,4814,4090,4229,3764,3685,4159,2226,4743,3840,3120,4363,3482,4122,4019,5286,3847,4187
1306,4058,4159,4455,4927,2851,3177,4015,3974,3458,4411,4342,4898,3794,4151,4320,4356,4137,3976,4143,3535,2895,3898,4105,3897,4537,4127,4243,3314,4566,2540,4484,4214,4634,4086,4345,4495,3242,4125,4703,4279,2336,4114,3732,4565,3832,4176,3986,3561,3496,4714,5174,4939,4624,2828,4053,4017,4076,4411,3698,4656,3838,4146,4293,3918,3894,4580,4676,3906,4221,4317,3523,4869,4817,2383,4675,2711,3762,3852,4521,4824,4102,4246,3773,3693,4168,2242,4754,3854,3129,4372,3492,4134,4036,5291,3853,4200
1307,4073,4166,4470,4939,2858,3188,4026,3986,3471,4424,4354,4905,3803,4160,4331,4366,4147,3988,4154,3552,2900,3902,4117,3909,4547,4140,4255,3326,4578,2549,4499,4226,4642,4098,4358,4506,3256,4138,4711,4288,2346,4125,3744,4571,3839,4193,4005,3569,3504,4724,5181,4947,4632,2848,4068,4031,4086,4423,3711,4674,3844,4159,4306,3929,3904,4585,4686,3919,4232,4333,3531,4881,4828,2395,4686,2725,3771,3867,4533,4842,4119,4260,3785,3702,4180,2258,4763,3867,3132,4376,3503,4144,4047,5296,3871,4210
1308,4081,4181,4481,4949,2869,3197,4040,3994,3484,4438,4361,4916,3810,4170,4339,4376,4157,4004,4168,3567,2914,3912,4132,3923,4557,4152,4260,3339,4585,2557,4512,4235,4659,4115,4373,4515,3264,4153,4721,4296,2354,4133,3753,4578,3854,4212,4015,3584,3518,4734,5187,4962,4643,2855,4082,4038,4105,4428,3718,4685,3850,4166,4318,3943,3910,4599,4697,3926,4243,4349,3552,4897,4838,2400,4698,2738,3785,3878,4548,4852,4129,4268,3794,3710,4190,2265,4773,3880,3140,4392,3512,4156,4061,5301,3882,4226
1309,4090,4191,4493,4960,2876,3209,4048,3998,3494,4450,4372,4923,3823,4178,4352,4381,4166,4017,4175,3575,2926,3919,4140,3935,4565,4162,4279,3348,4599,2572,4521,4252,4668,4128,4387,4523,3275,4165,4733,4305,2365,4146,3763,4592,3866,4215,4031,3594,3529,4743,5195,4968,4654,2869,4099,4048,4114,4441,3734,4695,3863,4180,4327,3952,3923,4606,4707,3939,4254,4357,3564,4900,4853,2415,4708,2751,3798,3889,4558,4860,4142,4276,3802,3723,4204,2278,4784,3895,3153,4403,3523,4168,4076,5304,3894,4241
1310,4112,4202,4500,4972,2889,3218,4065,4008,3507,4463,4387,4932,3843,4192,4359,4390,4183,4027,4184,3588,2942,3932,4150,3948,4575,4166,4281,3362,4606,2590,4528,4264,4677,4149,4401,4533,3282,4180,4744,4313,2375,4156,3770,4607,3883,4230,4040,3602,3539,4748,5201,4974,4670,2879,4112,4057,4128,4446,3742,4704,3872,4188,4338,3964,3937,4619,4721,3951,4270,4366,3571,4912,4864,2426,4719,2761,3809,3895,4569,4872,4161,4290,3812,3735,4216,2292,4795,3906,3168,4420,3537,4173,4086,5313,3907,4252
1311,4123,4212,4507,4981,2903,3226,4074,4012,3516,4475,4404,4946,3851,4205,4374,4399,4192,4037,4199,3596,2949,3945,4158,3963,4585,4178,4291,3375,4621,2605,4538,4275,4688,4161,4416,4543,3292,4192,4751,4324,2383,4172,3783,4621,3898,4237,4052,3621,3553,4758,5210,4983,4682,2887,4125,4069,4145,4454,3753,4719,3890,4196,4353,3977,3948,4628,4728,3961,4279,4380,3589,4916,4867,2442,4728,2766,3821,3901,4592,4879,4171,4305,3825,3749,4220,2305,4807,3916,3175,4428,3549,4186,4096,5322,3921,4261
1312,4137,4227,4517,4989,2913,3242,4085,4027,3524,4486,4417,4951,3862,4214,4391,4410,4206,4050,4211,3610,2958,3953,4168,3972,4591,4191,4303,3387,4631,2620,4546,4283,4701,4176,4425,4553,3307,4202,4760,4334,2396,4184,3791,4636,3904,4245,4061,3633,3562,4769,5213,4992,4689,2904,4139,4078,4154,4464,3766,4727,3900,4210,4366,3988,3957,4640,4739,3974,4285,4387,3599,4930,4878,2451,4734,2775,3836,3915,4600,4888,4189,4315,3837,3760,4228,2311,4823,3926,3189,4442,3560,4199,4108,5327,3935,4273
1313,4149,4238,4533,4998,2923,3250,4093,4034,3531,4495,4433,4962,3874,4220,4401,4427,4215,4061,4220,3626,2976,3969,4180,3989,4598,4201,4317,3402,4643,2630,4560,4290,4707,4194,4434,4564,3325,4213,4773,4342,2404,4193,3801,4646,3913,4256,4078,3645,3571,4780,5227,4998,4696,2919,4148,4092,4167,4472,3776,4739,3914,4221,4376,3997,3966,4652,4746,3991,4295,4401,3605,4938,4883,2460,4745,2786,3848,3933,4607,4898,4201,4322,3850,3768,4234,2325,4831,3943,3199,4456,3570,4210,4116,5330,3941,4283
1314,4158,4245,4540,5008,2931,3262,4108,4043,3545,4503,4445,4970,3887,4232,4415,4435,4226,4076,4234,3634,2992,3976,4189,4003,4609,4215,4325,3415,4655,2642,4566,4304,4718,4209,4445,4576,3337,4225,4782,4348,2414,4212,3812,4655,3919,4276,4085,3661,3580,4788,5231,5007,4711,2932,4158,4105,4181,4477,3783,4749,3927,4229,4388,4009,3979,4660,4757,4004,4306,4414,3614,4947,4900,2471,4755,2795,3856,3946,4620,4904,4214,4337,3865,3782,4241,2333,4842,3954,3210,4464,3585,4216,4124,5338,3951,4294
1315,4169,4262,4551,5016,2945,3276,4122,4053,3557,4515,4460,4974,3895,4242,4420,4447,4245,4085,4241,3642,3000,3992,4196,4017,4621,4221,4338,3429,4662,2659,4571,4318,4728,4219,4461,4585,3347,4242,4790,4360,2422,4222,3827,4661,3927,4287,4100,3673,3591,4798,5238,5011,4720,2942,4162,4117,4194,4487,3790,4757,3937,4248,4407,4023,3990,4665,4766,4017,4316,4427,3622,4954,4912,2479,4763,2804,3866,3954,4629,4910,4230,4352,3877,3789,4257,2341,4850,3964,3223,4473,3597,4229,4134,5341,3962,4303
1316,4180,4270,4565,5027,2954,3293,4137,4063,3571,4527,4480,4994,3908,4251,4433,4464,4261,4098,4249,3654,3017,4000,4202,4024,4628,4232,4346,3442,4674,2670,4580,4325,4737,4235,4472,4592,3361,4257,4799,4369,2429,4238,3836,4665,3933,4295,4109,3682,3605,4811,5246,5016,4731,2952,4172,4127,4208,4498,3805,4772,3952,4256,4420,4034,3998,4684,4773,4033,4328,4437,3637,4962,4921,2484,4772,2821,3871,3965,4643,4915,4250,4359,3891,3800,4267,2355,4861,3978,3237,4482,3609,4238,4143,5348,3972,4310
1317,4190,4280,4575,5033,2967,3305,4153,4072,3592,4534,4490,5003,3918,4270,4441,4472,4275,4106,4260,3662,3025,4013,4223,4036,4636,4244,4352,3457,4686,2677,4594,4340,4746,4245,4483,4599,3375,4267,4804,4385,2441,4252,3845,4678,3944,4307,4118,3688,3619,4821,5249,5019,4749,2958,4185,4141,4224,4508,3813,4785,3964,4270,4433,4050,4010,4698,4785,4046,4335,4449,3649,4969,4936,2491,4779,2833,3883,3984,4651,4922,4260,4373,3901,3811,4276,2364,4869,3994,3243,4491,3622,4250,4157,5355,3980,4317
1318,4208,4296,4586,5040,2979,3318,4159,4083,3599,4544,4500,5013,3929,4284,4451,4486,4295,4113,4274,3678,3039,4026,4233,4048,4644,4253,4366,3465,4693,2685,4600,4350,4757,4257,4488,4610,3386,4273,4813,4395,2451,4262,3858,4691,3950,4316,4127,3706,3625,4827,5257,5028,4762,2970,4198,4146,4234,4521,3826,4796,3983,4287,4448,4060,4022,4707,4796,4061,4344,4461,3657,4982,4944,2500,4786,2847,3894,3999,4659,4927,4275,4383,3918,3820,4287,2375,4875,4003,3261,4504,3632,4258,4162,5363,3995,4330
1319,4223,4310,4596,5048,2984,3328,4164,4099,3609,4552,4512,5024,3939,4294,4458,4497,4308,4120,4286,3685,3053,4044,4245,4059,4657,4259,4379,3475,4704,2696,4610,4360,4764,4268,4497,4620,3396,4290,4821,4406,2456,4271,3866,4702,3965,4328,4139,3714,3647,4833,5266,5041,4771,2980,4208,4160,4247,4534,3841,4810,3993,4303,4458,4072,4037,4716,4803,4073,4351,4467,3671,4991,4952,2509,4796,2860,3903,4012,4666,4935,4285,4395,3926,3832,4302,2386,4885,4018,3277,4515,3646,4266,4172,5368,4009,4339
1320,4235,4322,4613,5062,2993,3335,4174,4109,3619,4563,4524,5034,3949,4301,4466,4506,4322,4135,4297,3695,3059,4056,4253,4073,4668,4275,4390,3487,4713,2711,4614,4374,4774,4277,4507,4626,3404,4298,4831,4419,2471,4281,3877,4713,3982,4341,4151,3722,3659,4841,5273,5053,4781,2984,4215,4169,4261,4546,3856,4816,4002,4317,4470,4087,4051,4723,4815,4078,4357,4480,3681,4995,4960,2521,4806,2872,3916,4021,4673,4946,4296,4409,3939,3842,4312,2396,4899,4028,3286,4524,3660,4277,4181,5377,4024,4343
1321,4245,4334,4625,5071,3008,3343,4184,4126,3634,4572,4537,5048,3960,4311,4474,4514,4334,4147,4308,3706,3076,4066,4269,4081,4673,4283,4399,3504,4724,2720,4619,4390,4786,4289,4519,4634,3413,4307,4837,4425,2483,4295,3891,4727,3991,4352,4165,3734,3674,4851,5278,5064,4792,2996,4226,4177,4278,4557,3865,4824,4012,4330,4480,4104,4065,4738,4824,4092,4368,4488,3698,5003,4967,2534,4814,2878,3934,4030,4685,4957,4307,4423,3957,3854,4321,2408,4909,4034,3295,4534,3675,4288,4190,5383,4038,4353
1322,4252,4349,4636,5084,3017,3349,4195,4144,3649,4587,4548,5056,3970,4322,4488,4523,4346,4161,4317,3715,3082,4083,4276,4096,4682,4295,4407,3517,4739,2725,4625,4407,4795,4302,4528,4641,3426,4320,4856,4433,2499,4310,3897,4743,4007,4360,4173,3750,3690,4859,5289,5073,4800,3008,4240,4185,4291,4567,3878,4831,4019,4343,4495,4112,4078,4747,4829,4104,4377,4497,3714,5013,4973,2549,4823,2887,3953,4040,4693,4965,4323,4432,3964,3861,4329,2419,4918,4042,3308,4547,3688,4299,4198,5388,4053,4363
1323,4259,4360,4643,5091,3027,3363,4207,4158,3659,4598,4559,5073,3982,4329,4495,4537,4372,4175,4332,3727,3099,4099,4291,4104,4690,4305,4414,3532,4746,2731,4635,4419,4808,4312,4541,4657,3443,4331,4867,4447,2509,4328,3905,4759,4021,4371,4185,3763,3700,4874,5292,5078,4811,3020,4252,4198,4316,4576,3888,4839,4033,4354,4508,4126,4086,4760,4840,4120,4386,4505,3726,5021,4982,2570,4830,2895,3970,4049,4699,4977,4334,4441,3968,3871,4341,2427,4930,4058,3320,4558,3694,4310,4215,5391,4065,4371
1324,4271,4374,4649,5094,3039,3373,4218,4168,3667,4612,4569,5079,3996,4338,4505,4550,4382,4193,4340,3736,3106,4111,4301,4113,4704,4316,4424,3542,4754,2742,4642,4429,4814,4321,4561,4664,3449,4341,4880,4453,2521,4342,3923,4773,4027,4384,4197,3771,3714,4883,5298,5087,4829,3027,4264,4211,4329,4587,3905,4852,4041,4367,4517,4142,4097,4768,4857,4138,4399,4514,3752,5032,4989,2582,4847,2909,3981,4063,4709,4982,4353,4455,3980,3882,4356,2438,4944,4071,3329,4570,3705,4319,4226,5392,4081,4384
1325,4275,4389,4666,5099,3053,3379,4234,4178,3673,4626,4580,5087,4008,4346,4519,4557,4391,4205,4346,3748,3129,4122,4312,4133,4712,4326,4432,3552,4761,2755,4652,4442,4821,4335,4575,4673,3466,4359,4886,4462,2532,4351,3933,4783,4034,4403,4210,3781,3722,4892,5306,5092,4833,3039,4268,4220,4341,4603,3910,4868,4051,4384,4527,4155,4115,4774,4867,4147,4417,4524,3765,5048,5000,2596,4856,2917,3988,4079,4724,4993,4367,4466,3991,3890,4365,2450,4953,4086,3341,4580,3725,4327,4236,5398,4094,4401
1326,4287,4398,4676,5109,3063,3391,4243,4188,3687,4637,4592,5095,4018,4355,4524,4573,4405,4218,4350,3758,3142,4131,4321,4149,4715,4335,4446,3560,4770,2767,4659,4452,4830,4345,4583,4684,3482,4373,4890,4474,2544,4368,3946,4796,4042,4417,4217,3795,3734,4900,5314,5103,4842,3047,4279,4235,4351,4614,3917,4879,4057,4389,4537,4164,4128,4787,4877,4159,4424,4537,3775,5053,5009,2602,4870,2939,3998,4087,4727,4996,4383,4477,4001,3908,4369,2466,4969,4099,3354,4586,3737,4335,4246,5399,4101,4413
1327,4301,4416,4690,5113,3073,3405,4254,4200,3696,4649,4597,5103,4029,4356,4531,4581,4420,4228,4358,3767,3151,4136,4337,4159,4727,4347,4453,3573,4775,2776,4667,4463,4842,4356,4594,4693,3487,4385,4900,4481,2558,4377,3959,4810,4053,4434,4221,3809,3742,4908,5318,5115,4851,3065,4295,4245,4359,4625,3932,4886,4067,4403,4546,4177,4144,4796,4894,4170,4437,4547,3783,5062,5020,2620,4875,2947,4011,4098,4743,5001,4391,4490,4011,3917,4380,2477,4980,4111,3365,4594,3740,4346,4256,5408,4114,4426
1328,4315,4420,4704,5123,3092,3423,4265,4214,3716,4661,4614,5109,4041,4368,4547,4591,4432,4241,4369,3776,3163,4148,4351,4171,4737,4360,4467,3582,4785,2788,4681,4478,4849,4369,4602,4702,3498,4393,4907,4493,2566,4389,3972,4822,4065,4442,4233,3824,3750,4914,5331,5122,4863,3082,4309,4256,4366,4636,3949,4895,4077,4414,4560,4190,4152,4812,4907,4181,4443,4561,3804,5073,5031,2634,4885,2952,4020,4101,4756,5014,4399,4499,4025,3933,4391,2491,4990,4118,3379,4608,3758,4356,4271,5412,4126,4437
1329,4324,4430,4719,5134,3107,3435,4272,4220,3732,4670,4621,5118,4057,4381,4560,4600,4449,4251,4379,3786,3172,4159,4363,4181,4747,4373,4481,3594,4794,2804,4689,4493,4859,4381,4613,4712,3519,4404,4916,4498,2577,4397,3979,4829,4074,4454,4247,3842,3762,4923,5342,5130,4877,3093,4320,4264,4385,4643,3968,4902,4082,4426,4567,4205,4161,4825,4913,4198,4454,4574,3811,5078,5041,2646,4895,2962,4028,4112,4767,5023,4409,4512,4032,3944,4409,2501,5001,4134,3388,4620,3769,4365,4280,5422,4143,4451
1330,4338,4439,4734,5139,3118,3444,4280,4235,3739,4675,4629,5131,4075,4394,4577,4615,4459,4266,4387,3791,3182,4172,4375,4194,4759,4387,4490,3602,4799,2820,4701,4507,4868,4388,4620,4725,3528,4419,4923,4512,2592,4405,3992,4838,4084,4465,4256,3853,3778,4937,5348,5142,4889,3109,4328,4274,4402,4655,3976,4914,4096,4441,4577,4211,4174,4839,4923,4211,4466,4585,3824,5087,5050,2656,4905,2972,4041,4122,4774,5028,4419,4519,4041,3949,4420,2508,5013,4143,3405,4627,3787,4380,4289,5425,4153,4460
1331,4354,4452,4743,5149,3129,3457,4292,4249,3749,4686,4641,5140,4088,4411,4584,4627,4472,4276,4399,3800,3196,4179,4382,4200,4770,4397,4500,3617,4808,2832,4706,4514,4883,4395,4634,4734,3543,4423,4932,4519,2604,4416,4000,4846,4098,4477,4264,3860,3796,4947,5362,5152,4894,3126,4339,4291,4414,4661,3997,4921,4102,4451,4584,4221,4187,4848,4930,4224,4485,4599,3830,5095,5061,2668,4912,2986,4053,4132,4786,5034,4424,4533,4057,3965,4429,2520,5020,4153,3421,4637,3801,4388,4296,5431,4170,4466
1332,4367,4465,4760,5162,3140,3471,4306,4265,3757,4696,4649,5150,4096,4422,4594,4639,4482,4288,4405,3810,3214,4190,4392,4213,4786,4404,4515,3632,4824,2855,4717,4523,4895,4406,4644,4743,3555,4433,4941,4531,2612,4425,4008,4858,4107,4488,4281,3872,3810,4953,5373,5164,4901,3136,4353,4299,4429,4670,4012,4934,4110,4463,4590,4236,4194,4854,4937,4239,4498,4611,3839,5102,5074,2684,4923,2996,4065,4138,4799,5043,4439,4544,4073,3970,4443,2530,5025,4163,3428,4648,3818,4398,4309,5440,4181,4476
1333,4378,4472,4770,5168,3145,3483,4325,4280,3773,4707,4659,5159,4109,4433,4602,4655,4492,4300,4418,3820,3231,4203,4402,4229,4793,4416,4529,3647,4841,2867,4729,4528,4908,4420,4660,4753,3567,4443,4949,4542,2633,4433,4021,4869,4125,4501,4290,3883,3828,4959,5377,5178,4910,3142,4362,4314,4438,4686,4027,4942,4121,4473,4597,4246,4208,4862,4944,4250,4512,4625,3853,5111,5083,2695,4927,3002,4072,4153,4808,5059,4443,4556,4079,3982,4455,2548,5034,4174,3440,4659,3825,4411,4324,5446,4200,4487
1334,4385,4487,4785,5179,3162,3489,4340,4290,3783,4721,4668,5171,4124,4441,4609,4669,4503,4313,4428,3829,3241,4210,4410,4237,4803,4424,4541,3658,4849,2874,4741,4533,4917,4435,4668,4764,3580,4457,4957,4550,2645,4443,4031,4879,4135,4516,4301,3897,3840,4966,5386,5185,4921,3153,4369,4325,4452,4694,4040,4948,4134,4486,4607,4262,4219,4877,4955,4261,4528,4634,3864,5116,5093,2704,4938,3010,4083,4163,4816,5071,4451,4567,4098,3991,4469,2560,5039,4187,3451,4672,3839,4420,4335,5456,4219,4505
1335,4392,4501,4795,5188,3168,3505,4347,4302,3794,4728,4682,5178,4135,4459,4617,4679,4512,4324,4437,3841,3248,4224,4425,4250,4813,4436,4548,3669,4858,2885,4753,4547,4928,4448,4676,4774,3589,4474,4967,4568,2656,4457,4042,4892,4148,4531,4313,3910,3852,4975,5391,5195,4929,3161,4381,4337,4461,4706,4059,4958,4143,4495,4617,4271,4229,4883,4968,4270,4547,4647,3877,5127,5107,2718,4949,3022,4094,4174,4823,5083,4463,4578,4105,4000,4485,2576,5046,4202,3471,4677,3850,4432,4345,5466,4230,4516
1336,4403,4511,4806,5193,3177,3517,4360,4313,3806,4740,4696,5190,4149,4473,4623,4695,4526,4332,4446,3861,3257,4234,4432,4263,4824,4447,4553,3682,4869,2898,4762,4564,4935,4465,4688,4780,3595,4486,4976,4578,2669,4471,4053,4906,4159,4546,4323,3918,3864,4983,5395,5204,4936,3171,4390,4352,4473,4715,4074,4964,4158,4503,4625,4283,4240,4896,4978,4283,4565,4658,3893,5134,5112,2730,4957,3029,4101,4179,4836,5091,4479,4587,4113,4009,4495,2590,5057,4213,3479,4690,3863,4442,4352,5470,4245,4525
1337,4414,4524,4814,5199,3188,3525,4373,4323,3815,4750,4701,5199,4158,4489,4635,4705,4535,4343,4454,3877,3272,4252,4442,4279,4837,4458,4564,3689,4882,2909,4777,4577,4946,4479,4699,4792,3610,4504,4987,4587,2682,4482,4069,4917,4163,4555,4333,3926,3874,4997,5400,5214,4943,3182,4405,4366,4478,4726,4090,4975,4164,4513,4633,4298,4247,4908,4981,4292,4575,4667,3905,5140,5122,2741,4965,3042,4111,4194,4845,5099,4489,4604,4130,4017,4506,2600,5069,4220,3500,4704,3872,4454,4361,5476,4263,4536
1338,4420,4538,4822,5206,3199,3538,4379,4337,3825,4758,4708,5210,4172,4496,4654,4714,4545,4359,4464,3885,3284,4266,4453,4292,4849,4463,4572,3698,4887,2916,4786,4586,4954,4489,4708,4803,3626,4516,4999,4597,2698,4497,4079,4929,4175,4564,4343,3937,3892,5006,5405,5218,4951,3191,4415,4379,4494,4748,4104,4986,4172,4518,4642,4307,4265,4919,4988,4302,4585,4684,3914,5158,5129,2752,4971,3051,4123,4206,4856,5110,4500,4611,4140,4029,4520,2613,5083,4227,3509,4712,3884,4466,4372,5483,4272,4547
1339,4429,4549,4831,5214,3214,3551,4392,4350,3834,4772,4719,5223,4181,4506,4671,4727,4556,4371,4479,3900,3295,4276,4464,4309,4858,4476,4596,3709,4900,2926,4795,4594,4962,4503,4718,4815,3642,4524,5004,4605,2714,4511,4088,4937,4189,4572,4352,3948,3907,5019,5413,5225,4963,3202,4425,4389,4506,4756,4113,4994,4188,4531,4654,4319,4276,4926,4995,4321,4596,4693,3923,5168,5143,2765,4980,3058,4129,4218,4869,5123,4507,4621,4153,4045,4531,2625,5090,4245,3517,4723,3894,4471,4384,5487,4284,4557
1340,4442,4561,4841,5223,3222,3561,4406,4353,3850,4782,4731,5230,4192,4518,4681,4742,4567,4384,4489,3911,3303,4287,4478,4319,4873,4489,4601,3724,4909,2935,4804,4606,4970,4521,4727,4821,3654,4532,5014,4612,2728,4520,4107,4945,4205,4586,4365,3957,3923,5028,5422,5234,4974,3215,4439,4400,4516,4766,4125,5003,4197,4543,4666,4331,4292,4933,5005,4337,4606,4703,3936,5176,5154,2775,4990,3067,4140,4227,4878,5141,4520,4628,4166,4055,4542,2644,5098,4257,3531,4731,3905,4486,4400,5493,4299,4566
1341,4455,4570,4851,5231,3236,3572,4412,4361,3863,4793,4742,5246,4199,4526,4691,4754,4582,4391,4497,3922,3312,4303,4493,4329,4885,4500,4615,3731,4920,2953,4811,4614,4981,4528,4742,4830,3667,4544,5025,4623,2747,4532,4122,4954,4216,4594,4372,3971,3938,5037,5431,5246,4987,3225,4445,4411,4536,4772,4134,5009,4211,4552,4670,4342,4311,4940,5017,4355,4621,4714,3941,5182,5159,2784,4999,3082,4153,4235,4887,5148,4532,4633,4178,4073,4556,2651,5105,4268,3539,4741,3918,4498,4412,5504,4312,4578
1342,4465,4581,4860,5237,3248,3587,4422,4372,3870,4805,4755,5257,4214,4534,4708,4768,4590,4403,4508,3939,3327,4312,4506,4339,4892,4513,4626,3740,4923,2973,4820,4624,4987,4536,4758,4843,3671,4564,5036,4630,2763,4551,4135,4967,4225,4600,4378,3979,3954,5049,5439,5256,4994,3239,4452,4420,4549,4788,4153,5018,4224,4572,4683,4352,4321,4952,5025,4363,4630,4730,3953,5191,5170,2796,5009,3096,4160,4247,4896,5155,4544,4643,4186,4084,4563,2665,5112,4279,3552,4748,3932,4510,4419,5510,4322,4588
1343,4473,4585,4869,5245,3258,3600,4433,4385,3882,4814,4769,5267,4222,4546,4718,4781,4604,4414,4516,3952,3339,4318,4511,4351,4898,4525,4647,3753,4929,2981,4829,4628,4996,4541,4768,4852,3687,4573,5047,4644,2773,4559,4143,4976,4238,4603,4397,3986,3962,5059,5445,5264,5007,3261,4466,4431,4563,4800,4156,5035,4231,4581,4693,4361,4326,4963,5037,4372,4638,4739,3962,5199,5185,2811,5020,3108,4169,4264,4905,5163,4560,4658,4198,4096,4575,2680,5125,4295,3568,4756,3947,4517,4437,5516,4341,4595
1344,4483,4593,4875,5254,3267,3609,4441,4395,3893,4831,4782,5280,4232,4554,4727,4796,4615,4422,4529,3963,3348,4323,4520,4367,4911,4536,4654,3768,4939,2999,4836,4640,5004,4555,4780,4860,3702,4590,5057,4654,2789,4571,4153,4987,4250,4626,4406,4001,3972,5065,5456,5273,5018,3274,4474,4446,4572,4818,4168,5040,4241,4596,4700,4374,4339,4975,5047,4381,4646,4750,3975,5206,5193,2818,5031,3120,4187,4277,4913,5174,4569,4665,4207,4108,4586,2696,5135,4308,3577,4767,3959,4522,4450,5523,4349,4599
1345,4493,4597,4882,5259,3282,3622,4451,4404,3903,4842,4793,5282,4244,4567,4741,4821,4624,4434,4538,3977,3361,4333,4527,4374,4924,4538,4668,3780,4944,3012,4849,4648,5014,4565,4787,4869,3715,4610,5070,4672,2802,4581,4167,4994,4262,4637,4422,4015,3980,5074,5462,5288,5027,3284,4485,4457,4587,4830,4172,5051,4251,4608,4711,4385,4352,4986,5053,4396,4654,4759,3989,5213,5198,2830,5043,3131,4202,4291,4924,5180,4581,4681,4214,4118,4596,2706,5147,4320,3585,4774,3980,4534,4461,5532,4360,4615
1346,4502,4608,4894,5273,3293,3635,4467,4416,3914,4854,4803,5290,4257,4577,4753,4828,4638,4446,4555,3994,3374,4347,4542,4386,4931,4548,4677,3790,4952,3028,4852,4662,5028,4580,4798,4880,3727,4619,5082,4680,2814,4592,4177,5004,4279,4644,4431,4027,3992,5084,5468,5301,5037,3299,4495,4471,4602,4842,4184,5060,4262,4619,4725,4397,4363,4998,5066,4412,4670,4765,4002,5216,5205,2841,5052,3136,4221,4311,4933,5185,4590,4693,4224,4136,4610,2717,5156,4327,3597,4788,3992,4538,4469,5543,4367,4621
1347,4514,4623,4906,5279,3300,3649,4483,4433,3932,4865,4811,5294,4270,4593,4765,4838,4652,4455,4567,4007,3379,4356,4552,4396,4936,4560,4687,3801,4963,3039,4865,4669,5037,4591,4804,4890,3735,4627,5093,4699,2824,4605,4190,5019,4285,4654,4442,4039,3999,5091,5473,5312,5055,3313,4510,4474,4613,4855,4194,5071,4269,4633,4737,4407,4374,5007,5081,4421,4681,4773,4019,5223,5212,2859,5064,3148,4233,4325,4943,5195,4600,4706,4233,4145,4618,2730,5162,4343,3609,4797,4001,4550,4480,5555,4380,4630
1348,4522,4639,4916,5286,3313,3659,4496,4448,3947,4876,4819,5299,4280,4608,4779,4846,4660,4469,4573,4020,3392,4363,4563,4407,4948,4573,4698,3809,4971,3053,4878,4676,5047,4605,4808,4903,3746,4639,5102,4709,2836,4616,4202,5025,4298,4667,4451,4052,4004,5103,5485,5318,5063,3326,4521,4482,4622,4860,4204,5081,4284,4646,4746,4417,4388,5018,5091,4426,4686,4776,4030,5226,5223,2871,5068,3164,4246,4340,4953,5208,4611,4720,4244,4159,4628,2747,5174,4353,3622,4809,4014,4562,4489,5565,4390,4641
1349,4535,4654,4926,5291,3324,3676,4505,4459,3958,4882,4828,5308,4299,4619,4792,4854,4673,4481,4577,4028,3406,4377,4569,4423,4959,4586,4710,3823,4980,3064,4888,4685,5058,4619,4818,4913,3760,4649,5113,4726,2853,4630,4215,5037,4310,4678,4462,4064,4022,5116,5491,5334,5073,3341,4535,4491,4633,4872,4216,5084,4293,4664,4751,4435,4399,5026,5098,4432,4696,4789,4038,5237,5238,2877,5080,3175,4259,4350,4962,5221,4621,4733,4264,4164,4637,2763,5188,4366,3636,4815,4030,4568,4505,5567,4406,4655
1350,4541,4665,4939,5307,3333,3688,4512,4472,3972,4893,4839,5318,4312,4636,4799,4868,4689,4488,4588,4039,3422,4387,4583,4436,4971,4597,4716,3833,4994,3074,4900,4696,5068,4627,4829,4927,3772,4663,5121,4738,2864,4639,4228,5046,4321,4690,4465,4070,4036,5126,5507,5343,5090,3350,4550,4504,4645,4878,4227,5092,4312,4683,4763,4447,4412,5034,5107,4445,4713,4801,4052,5242,5245,2887,5088,3187,4276,4368,4975,5231,4633,4743,4279,4170,4649,2775,5198,4383,3655,4827,4041,4580,4516,5570,4415,4665
1351,4553,4671,4951,5315,3351,3699,4522,4482,3980,4903,4850,5330,4324,4651,4816,4877,4704,4495,4603,4052,3440,4395,4592,4447,4978,4611,4725,3845,5004,3090,4909,4707,5083,4641,4840,4935,3782,4680,5133,4748,2877,4655,4239,5060,4338,4696,4478,4081,4046,5138,5513,5348,5102,3362,4559,4512,4662,4889,4241,5101,4326,4695,4781,4462,4422,5046,5117,4456,4725,4811,4061,5255,5257,2900,5098,3195,4283,4383,4986,5243,4640,4752,4289,4176,4667,2789,5206,4395,3664,4831,4059,4595,4527,5575,4422,4675
1352,4565,4683,4965,5326,3361,3712,4534,4494,3991,4911,4859,5340,4339,4664,4826,4891,4720,4504,4618,4065,3449,4409,4595,4461,4987,4618,4733,3851,5011,3107,4915,4716,5087,4655,4851,4942,3798,4692,5147,4757,2886,4665,4248,5074,4352,4706,4485,4095,4059,5144,5524,5357,5113,3376,4572,4519,4668,4902,4253,5113,4331,4703,4794,4478,4435,5054,5125,4473,4739,4826,4068,5258,5268,2915,5104,3213,4296,4399,4997,5251,4652,4764,4304,4184,4678,2801,5212,4400,3675,4845,4074,4605,4539,5582,4436,4694
1353,4582,4691,4977,5334,3375,3726,4545,4503,4002,4922,4866,5351,4352,4675,4836,4900,4725,4514,4632,4075,3458,4426,4609,4470,5005,4626,4745,3865,5022,3117,4921,4724,5102,4668,4867,4953,3806,4700,5152,4767,2898,4680,4261,5090,4362,4717,4496,4106,4066,5149,5529,5368,5123,3386,4587,4536,4686,4913,4263,5122,4345,4717,4801,4487,4449,5067,5135,4489,4749,4836,4083,5266,5282,2925,5116,3228,4308,4409,5011,5257,4657,4774,4317,4199,4690,2812,5221,4412,3689,4855,4084,4622,4546,5590,4452,4702
1354,4593,4704,4986,5343,3383,3736,4557,4513,4015,4929,4874,5360,4371,4686,4846,4911,4742,4527,4638,4086,3471,4438,4624,4481,5017,4638,4757,3874,5034,3125,4928,4731,5111,4683,4877,4965,3820,4712,5166,4777,2909,4688,4275,5103,4373,4730,4509,4111,4080,5161,5540,5385,5136,3405,4600,4547,4699,4926,4273,5130,4355,4729,4813,4507,4460,5079,5141,4498,4757,4850,4091,5275,5289,2939,5120,3237,4315,4418,5019,5264,4670,4782,4333,4216,4702,2820,5229,4420,3699,4863,4092,4636,4560,5595,4460,4719
1355,4602,4718,4999,5351,3401,3745,4561,4528,4031,4945,4881,5372,4384,4699,4861,4923,4761,4542,4650,4099,3477,4446,4636,4491,5028,4651,4761,3883,5045,3137,4933,4747,5117,4694,4890,4969,3826,4721,5173,4790,2920,4696,4290,5116,4385,4740,4514,4126,4089,5172,5553,5393,5145,3416,4613,4559,4713,4941,4287,5144,4366,4739,4823,4522,4478,5088,5155,4507,4771,4863,4105,5280,5295,2951,5128,3250,4323,4429,5031,5266,4684,4797,4344,4229,4714,2832,5243,4430,3714,4881,4104,4648,4565,5602,4473,4728
1356,4612,4731,5005,5355,3409,3755,4575,4541,4037,4954,4896,5382,4397,4712,4874,4932,4768,4552,4658,4113,3490,4459,4648,4505,5047,4662,4777,3889,5057,3150,4944,4756,5123,4707,4903,4975,3838,4737,5181,4803,2930,4704,4305,5123,4395,4751,4519,4136,4102,5180,5561,5402,5154,3430,4624,4565,4730,4950,4306,5157,4376,4755,4833,4541,4487,5100,5165,4521,4778,4878,4120,5293,5305,2960,5141,3263,4329,4432,5036,5272,4694,4813,4351,4239,4727,2846,5256,4442,3728,4895,4113,4655,4577,5603,4483,4739
1357,4625,4738,5012,5364,3418,3769,4590,4555,4048,4962,4901,5391,4411,4726,4882,4942,4779,4559,4665,4121,3500,4471,4662,4523,5058,4672,4784,3899,5073,3168,4955,4774,5135,4718,4920,4987,3843,4757,5184,4816,2947,4716,4323,5135,4408,4762,4535,4154,4113,5193,5570,5414,5158,3444,4631,4576,4741,4956,4319,5164,4387,4766,4850,4550,4495,5110,5176,4534,4786,4887,4134,5303,5323,2969,5146,3272,4343,4446,5041,5289,4709,4825,4364,4255,4737,2858,5270,4451,3735,4899,4129,4666,4588,5605,4487,4747
1358,4640,4751,5022,5370,3432,3781,4597,4563,4058,4975,4916,5398,4428,4741,4887,4950,4788,4569,4678,4139,3509,4486,4673,4538,5072,4685,4798,3911,5084,3179,4964,4783,5143,4732,4925,4996,3851,4764,5190,4826,2958,4728,4333,5148,4416,4777,4546,4166,4122,5202,5577,5425,5168,3455,4640,4586,4747,4971,4328,5177,4393,4780,4864,4562,4507,5119,5184,4547,4799,4902,4143,5315,5332,2983,5161,3286,4351,4461,5046,5298,4719,4832,4382,4265,4749,2869,5278,4466,3743,4915,4144,4678,4598,5612,4494,4757
1359,4651,4761,5034,5380,3440,3793,4611,4577,4068,4987,4923,5407,4433,4756,4899,4957,4798,4584,4690,4146,3524,4496,4688,4548,5080,4695,4813,3928,5102,3194,4970,4802,5151,4740,4932,5011,3861,4773,5195,4843,2976,4744,4340,5156,4425,4791,4568,4177,4132,5218,5585,5435,5182,3472,4656,4595,4756,4981,4335,5188,4401,4788,4875,4571,4516,5126,5196,4556,4811,4914,4156,5322,5341,2994,5165,3300,4361,4477,5056,5307,4728,4846,4390,4274,4755,2879,5286,4476,3758,4927,4163,4694,4616,5616,4507,4770
1360,4662,4768,5046,5387,3451,3801,4627,4593,4085,4995,4931,5419,4444,4767,4911,4964,4802,4593,4705,4160,3539,4501,4701,4560,5086,4707,4825,3933,5112,3206,4978,4817,5161,4749,4942,5024,3871,4785,5203,4854,2986,4751,4359,5167,4436,4801,4576,4195,4144,5227,5589,5445,5195,3479,4668,4608,4769,4987,4349,5199,4411,4801,4887,4579,4523,5138,5203,4569,4823,4925,4170,5330,5349,3009,5175,3313,4378,4491,5066,5317,4740,4858,4404,4286,4766,2891,5292,4490,3768,4938,4181,4707,4633,5623,4518,4781
1361,4671,4781,5056,5397,3463,3814,4651,4609,4095,5002,4946,5428,4460,4781,4920,4977,4809,4606,4708,4174,3548,4514,4706,4567,5093,4719,4831,3941,5121,3218,4994,4828,5169,4759,4956,5036,3882,4804,5214,4863,2994,4761,4367,5179,4451,4817,4585,4203,4155,5237,5596,5456,5202,3494,4682,4616,4774,4997,4360,5209,4420,4811,4900,4590,4536,5147,5209,4577,4836,4933,4180,5335,5352,3018,5184,3320,4394,4507,5075,5332,4748,4867,4410,4301,4777,2909,5296,4504,3788,4950,4187,4716,4648,5629,4528,4794
1362,4684,4793,5068,5412,3483,3828,4663,4624,4102,5010,4962,5437,4480,4788,4931,4985,4820,4614,4720,4181,3561,4519,4719,4578,5104,4739,4838,3955,5128,3233,5006,4842,5177,4771,4965,5044,3889,4820,5222,4875,3005,4769,4373,5189,4467,4828,4592,4209,4168,5247,5604,5467,5218,3509,4693,4629,4782,5004,4375,5219,4427,4821,4910,4602,4547,5157,5213,4595,4846,4947,4186,5343,5359,3031,5192,3334,4402,4520,5083,5345,4758,4877,4422,4318,4788,2923,5307,4512,3802,4965,4204,4728,4661,5642,4551,4809
1363,4695,4806,5075,5418,3495,3838,4674,4638,4119,5025,4973,5446,4487,4795,4944,4992,4830,4626,4739,4194,3575,4531,4728,4589,5117,4753,4859,3974,5140,3243,5021,4849,5185,4789,4978,5056,3903,4832,5229,4886,3022,4780,4384,5194,4481,4839,4604,4221,4180,5262,5610,5478,5228,3519,4710,4643,4791,5013,4390,5229,4445,4836,4924,4610,4561,5169,5223,4611,4850,4960,4203,5350,5368,3044,5206,3354,4416,4525,5094,5353,4774,4887,4430,4331,4798,2942,5312,4522,3814,4980,4219,4740,4669,5649,4562,4826
1364,4702,4819,5082,5426,3502,3848,4684,4642,4127,5031,4981,5453,4499,4800,4958,5005,4845,4631,4749,4206,3588,4545,4739,4604,5128,4770,4866,3990,5153,3254,5036,4863,5199,4800,4987,5059,3912,4837,5234,4897,3037,4788,4392,5205,4489,4850,4612,4238,4193,5272,5617,5484,5236,3538,4726,4659,4808,5028,4399,5239,4452,4848,4935,4627,4572,5181,5232,4626,4863,4968,4210,5360,5376,3057,5212,3361,4422,4531,5103,5362,4783,4904,4444,4337,4807,2950,5322,4536,3821,4995,4228,4752,4678,5656,4579,4839
1365,4709,4830,5093,5436,3520,3862,4696,4653,4135,5038,4991,5464,4513,4810,4965,5018,4862,4649,4758,4215,3607,4560,4750,4615,5136,4792,4878,4001,5162,3266,5044,4871,5210,4816,5001,5065,3924,4846,5241,4908,3046,4797,4402,5213,4501,4864,4626,4247,4202,5280,5624,5494,5251,3547,4742,4669,4812,5039,4412,5250,4459,4860,4948,4635,4586,5191,5241,4633,4870,4978,4224,5367,5384,3069,5221,3367,4430,4540,5113,5370,4789,4912,4453,4352,4823,2958,5334,4548,3831,5001,4242,4759,4689,5666,4591,4851
1366,4722,4842,5102,5448,3536,3879,4714,4662,4149,5046,5009,5473,4527,4822,4977,5032,4873,4665,4768,4233,3621,4572,4767,4629,5144,4811,4882,4019,5171,3274,5056,4884,5223,4829,5013,5072,3940,4855,5250,4919,3051,4810,4415,5216,4514,4872,4637,4260,4212,5294,5628,5504,5260,3563,4757,4680,4828,5053,4421,5260,4471,4868,4959,4645,4595,5205,5250,4642,4881,4985,4236,5375,5388,3084,5230,3378,4437,4554,5126,5376,4801,4928,4469,4361,4835,2968,5346,4563,3843,5007,4254,4774,4703,5679,4601,4859
1367,4733,4855,5108,5452,3551,3891,4726,4675,4167,5054,5015,5485,4537,4829,4987,5038,4887,4678,4782,4243,3634,4585,4779,4641,5150,4820,4894,4035,5184,3283,5067,4893,5230,4840,5026,5085,3958,4867,5259,4934,3063,4819,4421,5229,4522,4884,4645,4272,4226,5302,5637,5514,5273,3573,4768,4691,4835,5066,4432,5270,4483,4879,4968,4651,4607,5217,5263,4658,4890,5001,4252,5383,5399,3099,5240,3390,4454,4566,5134,5387,4809,4940,4477,4372,4844,2983,5357,4579,3856,5022,4269,4777,4717,5686,4607,4865
1368,4736,4870,5121,5458,3569,3897,4737,4684,4182,5064,5028,5499,4552,4838,4994,5048,4892,4688,4797,4257,3650,4604,4790,4647,5160,4830,4903,4046,5194,3296,5075,4905,5236,4850,5038,5091,3966,4883,5268,4951,3075,4829,4431,5237,4530,4893,4657,4286,4234,5308,5647,5530,5283,3589,4781,4701,4844,5075,4443,5277,4493,4889,4978,4658,4620,5234,5275,4668,4904,5012,4274,5390,5407,3109,5250,3397,4466,4576,5147,5395,4816,4955,4484,4381,4856,2998,5364,4596,3872,5041,4281,4794,4730,5694,4618,4874
1369,4743,4881,5135,5464,3582,3907,4751,4698,4195,5072,5041,5512,4568,4855,5004,5062,4910,4699,4805,4267,3668,4616,4797,4661,5173,4840,4910,4054,5205,3313,5092,4917,5246,4867,5052,5098,3979,4898,5278,4966,3086,4848,4439,5247,4546,4905,4667,4302,4248,5317,5650,5545,5295,3601,4793,4712,4855,5089,4452,5286,4503,4902,4985,4671,4636,5244,5292,4683,4920,5026,4290,5396,5416,3125,5262,3411,4475,4594,5155,5401,4829,4966,4499,4396,4872,3005,5377,4602,3886,5050,4299,4814,4737,5703,4630,4883
1370,4753,4898,5143,5478,3591,3917,4753,4713,4208,5084,5061,5520,4582,4859,5011,5076,4920,4709,4812,4277,3677,4623,4810,4671,5182,4847,4920,4069,5215,3320,5106,4928,5259,4876,5060,5106,3995,4903,5291,4977,3103,4856,4447,5253,4561,4912,4675,4313,4264,5329,5657,5552,5308,3615,4810,4720,4869,5101,4462,5297,4520,4915,4993,4677,4651,5254,5301,4696,4932,5033,4307,5408,5428,3140,5276,3426,4484,4605,5163,5406,4838,4976,4509,4412,4881,3019,5384,4614,3896,5062,4313,4823,4746,5707,4639,4891
1371,4766,4908,5151,5490,3603,3928,4764,4728,4221,5094,5073,5527,4597,4868,5019,5088,4933,4725,4819,4290,3692,4638,4821,4679,5189,4856,4935,4082,5233,3329,5121,4940,5265,4895,5076,5119,4002,4914,5305,4986,3118,4865,4457,5263,4572,4922,4679,4327,4273,5338,5664,5557,5325,3629,4824,4730,4878,5109,4474,5305,4526,4927,4995,4687,4661,5271,5316,4710,4947,5048,4325,5416,5440,3152,5284,3440,4496,4616,5174,5415,4845,4985,4522,4423,4891,3031,5395,4624,3908,5076,4326,4832,4755,5716,4651,4898
1372,4777,4915,5161,5499,3613,3943,4779,4732,4234,5104,5083,5540,4606,4877,5033,5091,4943,4735,4826,4300,3706,4652,4837,4692,5199,4864,4944,4094,5237,3343,5132,4943,5271,4904,5089,5134,4012,4923,5313,5001,3132,4881,4470,5273,4586,4938,4688,4337,4289,5344,5667,5570,5331,3642,4839,4745,4892,5128,4486,5310,4536,4937,5001,4696,4669,5280,5328,4730,4960,5058,4339,5422,5451,3165,5300,3453,4505,4629,5185,5423,4853,4998,4536,4439,4900,3045,5406,4633,3926,5090,4338,4844,4761,5721,4663,4909
1373,4785,4923,5170,5513,3622,3955,4794,4740,4246,5111,5091,5550,4618,4886,5042,5106,4951,4740,4835,4312,3723,4666,4845,4703,5214,4874,4955,4108,5251,3355,5140,4949,5277,4917,5104,5144,4017,4935,5319,5020,3147,4894,4487,5284,4597,4953,4706,4351,4305,5358,5674,5577,5340,3653,4849,4754,4903,5137,4494,5316,4548,4945,5015,4709,4686,5289,5340,4741,4973,5071,4351,5430,5457,3181,5312,3470,4514,4647,5197,5429,4862,5003,4552,4455,4914,3057,5417,4641,3938,5098,4351,4858,4770,5730,4675,4917
1374,4798,4940,5177,5520,3641,3968,4802,4749,4261,5116,5102,5555,4632,4899,5056,5115,4961,4755,4850,4329,3736,4676,4853,4715,5225,4892,4970,4121,5267,3374,5149,4955,5290,4925,5114,5156,4030,4952,5332,5031,3158,4908,4501,5296,4606,4962,4716,4364,4317,5371,5678,5581,5345,3671,4858,4763,4912,5151,4507,5322,4559,4955,5029,4717,4694,5301,5352,4757,4990,5078,4358,5442,5469,3191,5322,3477,4529,4659,5210,5442,4874,5010,4563,4465,4921,3068,5426,4649,3955,5111,4368,4869,4782,5738,4683,4927
1375,4817,4950,5185,5528,3658,3979,4819,4759,4272,5132,5112,5559,4644,4913,5065,5125,4975,4768,4859,4341,3750,4683,4861,4727,5237,4911,4976,4129,5273,3386,5161,4968,5302,4943,5120,5167,4041,4964,5345,5044,3173,4922,4509,5309,4623,4975,4726,4380,4332,5382,5684,5588,5351,3688,4873,4772,4934,5165,4519,5332,4570,4970,5043,4727,4702,5319,5363,4782,4998,5091,4369,5449,5479,3203,5331,3486,4543,4671,5216,5451,4887,5023,4572,4476,4934,3076,5437,4660,3964,5123,4378,4882,4789,5745,4693,4933
1376,4822,4960,5194,5534,3673,3992,4829,4778,4282,5143,5124,5562,4654,4923,5075,5137,4990,4776,4874,4354,3758,4697,4872,4736,5245,4925,4986,4143,5282,3394,5173,4983,5309,4956,5127,5181,4054,4969,5356,5054,3184,4932,4521,5318,4628,4987,4737,4387,4348,5392,5697,5595,5360,3702,4891,4785,4944,5173,4534,5340,4586,4977,5053,4741,4714,5331,5375,4788,5007,5107,4374,5457,5482,3215,5340,3502,4552,4677,5229,5460,4898,5035,4577,4488,4946,3091,5442,4676,3973,5132,4392,4889,4801,5753,4704,4941
1377,4831,4971,5210,5549,3684,4005,4842,4788,4299,5165,5134,5569,4667,4936,5085,5146,5001,4791,4884,4367,3772,4707,4882,4750,5257,4946,5000,4153,5285,3404,5181,4998,5317,4964,5141,5195,4069,4984,5368,5070,3202,4946,4536,5327,4644,4995,4748,4398,4364,5400,5710,5602,5371,3713,4907,4791,4958,5178,4549,5349,4598,4988,5070,4751,4722,5346,5387,4798,5021,5114,4387,5464,5490,3227,5354,3509,4567,4688,5232,5467,4908,5046,4588,4504,4959,3106,5449,4679,3984,5142,4403,4897,4813,5758,4719,4951
1378,4846,4977,5223,5557,3704,4017,4855,4801,4311,5175,5145,5577,4683,4944,5095,5158,5012,4804,4897,4376,3791,4722,4889,4760,5267,4959,5008,4164,5296,3412,5187,5007,5327,4977,5147,5210,4076,4998,5375,5079,3215,4959,4552,5338,4657,5010,4759,4413,4378,5405,5720,5611,5383,3725,4925,4809,4970,5185,4569,5353,4607,4994,5080,4760,4737,5355,5402,4815,5036,5124,4404,5470,5496,3242,5372,3518,4583,4701,5241,5480,4919,5062,4601,4516,4967,3126,5462,4690,3998,5147,4421,4911,4822,5767,4723,4957
1379,4858,4994,5244,5562,3718,4024,4868,4816,4327,5187,5155,5586,4699,4959,5105,5169,5023,4814,4905,4389,3803,4729,4899,4767,5278,4975,5016,4184,5306,3424,5194,5013,5339,4986,5158,5223,4088,5008,5386,5085,3231,4968,4563,5348,4668,5020,4773,4423,4395,5407,5731,5621,5394,3741,4938,4815,4981,5197,4580,5360,4626,5004,5099,4766,4744,5365,5406,4825,5045,5135,4415,5481,5503,3260,5382,3522,4591,4707,5252,5489,4929,5075,4612,4527,4974,3133,5466,4703,4013,5154,4435,4925,4835,5772,4731,4966
1380,4869,5002,5256,5572,3730,4038,4879,4831,4340,5197,5167,5595,4707,4971,5117,5180,5031,4821,4911,4397,3811,4743,4911,4784,5289,4984,5029,4205,5313,3441,5200,5023,5353,4995,5166,5232,4104,5019,5393,5102,3242,4980,4573,5362,4676,5031,4784,4435,4410,5415,5739,5631,5403,3747,4954,4828,4996,5204,4591,5370,4637,5018,5119,4777,4758,5373,5412,4835,5059,5144,4430,5485,5513,3274,5391,3532,4606,4717,5258,5499,4939,5089,4621,4536,4984,3146,5477,4724,4026,5163,4450,4938,4848,5780,4742,4974
1381,4877,5017,5267,5582,3743,4049,4890,4838,4357,5207,5180,5604,4716,4986,5130,5190,5044,4825,4927,4409,3822,4752,4926,4791,5302,4994,5039,4216,5326,3454,5207,5038,5363,5007,5174,5244,4113,5027,5401,5114,3258,4989,4584,5371,4690,5041,4799,4442,4418,5421,5749,5637,5407,3761,4960,4836,5005,5213,4606,5376,4648,5024,5134,4789,4769,5380,5423,4847,5067,5153,4439,5497,5527,3288,5398,3539,4621,4728,5264,5510,4950,5098,4635,4554,4988,3158,5486,4736,4038,5172,4463,4944,4860,5787,4749,4993
1382,4885,5031,5280,5588,3752,4064,4901,4847,4378,5222,5193,5613,4727,4993,5143,5197,5058,4839,4935,4419,3831,4767,4939,4807,5309,5008,5051,4232,5333,3471,5214,5051,5376,5021,5190,5257,4125,5044,5406,5127,3265,5005,4596,5384,4699,5061,4811,4453,4432,5431,5757,5646,5415,3774,4968,4850,5019,5223,4622,5385,4661,5034,5141,4804,4784,5394,5434,4855,5076,5160,4452,5505,5536,3299,5409,3551,4632,4740,5272,5518,4961,5113,4645,4565,4998,3172,5493,4746,4048,5179,4478,4959,4869,5791,4758,5005
1383,4897,5048,5295,5592,3766,4072,4916,4855,4396,5232,5204,5629,4745,5001,5155,5204,5070,4854,4943,4431,3853,4781,4949,4825,5316,5014,5065,4240,5342,3486,5225,5067,5386,5031,5204,5264,4133,5057,5410,5135,3276,5012,4605,5399,4714,5080,4829,4466,4442,5441,5763,5655,5424,3785,4978,4860,5039,5232,4634,5392,4672,5041,5148,4817,4792,5407,5442,4864,5088,5171,4459,5511,5540,3312,5421,3563,4644,4751,5281,5525,4965,5122,4656,4585,5009,3189,5499,4761,4070,5190,4493,4972,4880,5801,4764,5016
1384,4911,5057,5308,5604,3781,4077,4932,4867,4413,5240,5215,5638,4759,5010,5164,5209,5081,4866,4960,4443,3866,4789,4955,4837,5326,5021,5078,4248,5350,3508,5234,5076,5399,5036,5209,5270,4141,5063,5423,5147,3284,5024,4618,5417,4726,5092,4839,4477,4457,5450,5773,5665,5434,3799,4988,4873,5051,5243,4647,5406,4684,5052,5157,4827,4807,5420,5452,4878,5101,5179,4471,5524,5546,3324,5435,3574,4658,4766,5299,5536,4980,5134,4669,4598,5023,3197,5508,4768,4081,5199,4504,4985,4894,5806,4783,5027
1385,4922,5071,5320,5617,3792,4093,4941,4879,4420,5251,5224,5646,4772,5022,5171,5217,5094,4876,4973,4454,3880,4803,4967,4856,5345,5037,5089,4263,5361,3517,5242,5080,5407,5044,5221,5272,4153,5078,5430,5160,3296,5037,4628,5429,4743,5101,4846,4494,4468,5460,5784,5669,5442,3812,5003,4886,5070,5268,4658,5412,4691,5069,5172,4838,4817,5430,5461,4898,5112,5192,4482,5529,5551,3334,5447,3595,4673,4779,5310,5548,4995,5141,4688,4617,5036,3212,5512,4778,4094,5207,4516,4993,4902,5814,4796,5030
1386,4936,5075,5328,5626,3810,4102,4955,4889,4438,5257,5228,5649,4786,5037,5186,5228,5104,4892,4989,4469,3890,4814,4981,4863,5353,5053,5101,4280,5367,3529,5255,5095,5416,5057,5231,5278,4167,5090,5437,5170,3309,5044,4636,5439,4757,5113,4859,4505,4477,5471,5791,5675,5451,3823,5018,4900,5081,5281,4668,5423,4705,5080,5182,4849,4827,5440,5468,4922,5123,5203,4492,5536,5566,3344,5464,3612,4694,4790,5319,5553,5000,5151,4699,4624,5049,3219,5525,4783,4108,5217,4535,5007,4919,5818,4812,5044
1387,4947,5086,5339,5643,3821,4110,4960,4898,4449,5263,5241,5657,4804,5054,5194,5243,5111,4907,5001,4483,3900,4821,4995,4878,5367,5064,5115,4299,5377,3551,5265,5102,5426,5070,5239,5288,4179,5101,5448,5175,3319,5056,4647,5449,4770,5122,4878,4521,4487,5478,5801,5683,5464,3835,5031,4913,5092,5294,4680,5433,4718,5088,5199,4859,4831,5453,5480,4924,5134,5217,4501,5546,5577,3361,5478,3626,4711,4800,5328,5560,5016,5159,4708,4628,5065,3228,5534,4795,4115,5225,4548,5018,4933,5820,4822,5053
1388,4956,5104,5349,5649,3830,4126,4970,4915,4456,5276,5249,5667,4807,5064,5202,5256,5123,4920,5015,4496,3910,4827,5006,4884,5374,5080,5128,4311,5387,3562,5279,5108,5437,5080,5245,5295,4190,5114,5460,5188,3335,5077,4660,5459,4778,5135,4893,4533,4496,5487,5807,5693,5470,3848,5037,4924,5104,5306,4690,5438,4732,5096,5221,4868,4848,5467,5491,4937,5142,5228,4517,5553,5588,3379,5487,3638,4731,4818,5338,5574,5021,5167,4714,4642,5077,3242,5544,4806,4125,5237,4561,5030,4943,5826,4827,5060
1389,4965,5113,5363,5661,3841,4136,4977,4925,4475,5281,5259,5677,4819,5073,5213,5272,5132,4933,5023,4510,3922,4834,5012,4885,5388,5086,5140,4322,5394,3573,5284,5119,5447,5096,5258,5304,4199,5126,5464,5198,3348,5087,4670,5475,4791,5142,4904,4550,4507,5504,5817,5704,5480,3863,5043,4938,5109,5314,4701,5446,4744,5112,5229,4874,4859,5478,5497,4950,5155,5241,4526,5562,5600,3397,5496,3649,4738,4830,5344,5588,5031,5184,4726,4649,5086,3256,5559,4817,4134,5246,4571,5041,4954,5829,4841,5073
1390,4976,5121,5369,5669,3851,4150,4987,4932,4490,5292,5266,5688,4827,5077,5225,5284,5141,4940,5030,4517,3937,4847,5027,4899,5394,5097,5152,4338,5401,3584,5294,5132,5461,5106,5271,5315,4211,5134,5472,5212,3362,5097,4681,5481,4809,5156,4915,4559,4520,5512,5819,5709,5485,3874,5051,4949,5123,5322,4711,5462,4752,5123,5241,4884,4872,5490,5503,4965,5164,5252,4537,5568,5605,3406,5508,3664,4751,4842,5351,5593,5040,5194,4742,4660,5098,3267,5569,4827,4146,5255,4585,5056,4965,5837,4856,5080
1391,4987,5129,5379,5675,3860,4161,4995,4948,4498,5306,5275,5693,4836,5089,5230,5290,5148,4954,5042,4527,3948,4852,5040,4905,5404,5105,5165,4347,5413,3604,5303,5144,5470,5117,5283,5321,4221,5141,5484,5219,3373,5108,4697,5486,4818,5166,4926,4577,4532,5521,5825,5717,5498,3883,5062,4957,5134,5332,4724,5469,4760,5130,5250,4897,4884,5500,5516,4982,5179,5264,4554,5581,5613,3411,5515,3674,4765,4854,5363,5608,5051,5206,4752,4671,5110,3279,5579,4844,4147,5266,4598,5066,4978,5842,4862,5089
1392,4997,5138,5390,5678,3871,4177,5009,4953,4512,5317,5283,5699,4851,5101,5238,5298,5159,4960,5058,4536,3962,4863,5057,4917,5411,5119,5173,4355,5426,3617,5317,5154,5474,5127,5293,5329,4238,5150,5494,5225,3388,5120,4715,5493,4833,5179,4943,4591,4542,5528,5832,5726,5510,3896,5073,4962,5145,5338,4736,5478,4776,5142,5264,4911,4895,5505,5525,4988,5190,5270,4567,5587,5619,3424,5531,3686,4770,4864,5372,5619,5064,5214,4762,4680,5121,3292,5582,4856,4158,5275,4609,5074,4982,5848,4874,5101
1393,5010,5142,5403,5683,3883,4191,5021,4965,4522,5328,5293,5707,4861,5108,5252,5306,5172,4966,5071,4545,3979,4875,5069,4937,5423,5128,5183,4365,5432,3633,5328,5161,5480,5142,5296,5341,4252,5164,5499,5237,3398,5129,4728,5500,4849,5196,4954,4604,4556,5537,5841,5732,5520,3905,5091,4973,5154,5350,4751,5485,4784,5154,5270,4926,4912,5517,5532,5000,5204,5284,4583,5596,5624,3432,5545,3700,4784,4872,5383,5631,5069,5225,4775,4691,5130,3306,5590,4865,4173,5284,4628,5082,4993,5851,4882,5113
1394,5026,5154,5416,5691,3899,4204,5034,4976,4530,5341,5305,5716,4870,5122,5262,5327,5182,4976,5083,4559,3992,4891,5079,4948,5434,5141,5189,4377,5438,3646,5333,5178,5492,5155,5307,5349,4267,5178,5505,5246,3410,5147,4743,5509,4862,5207,4967,4610,4564,5540,5845,5736,5536,3920,5099,4984,5168,5366,4768,5496,4803,5169,5286,4939,4924,5521,5541,5013,5216,5294,4603,5602,5631,3447,5558,3713,4797,4887,5396,5643,5080,5238,4788,4704,5139,3316,5597,4872,4183,5294,4639,5094,5001,5859,4893,5126
1395,5040,5174,5426,5699,3913,4211,5049,4989,4540,5353,5312,5726,4885,5141,5277,5334,5194,4983,5090,4572,4005,4905,5091,4964,5444,5152,5204,4388,5444,3660,5344,5191,5500,5164,5321,5357,4280,5187,5518,5254,3429,5158,4750,5513,4876,5216,4976,4625,4570,5553,5849,5743,5547,3930,5109,4992,5180,5372,4780,5503,4815,5177,5294,4950,4934,5532,5550,5030,5223,5306,4624,5611,5638,3454,5566,3725,4804,4897,5408,5654,5089,5252,4801,4725,5147,3324,5607,4891,4190,5303,4647,5105,5012,5862,4904,5134
1396,5049,5186,5443,5712,3927,4223,5060,4999,4552,5364,5319,5733,4896,5151,5283,5342,5203,4996,5106,4580,4015,4917,5098,4977,5454,5162,5221,4407,5455,3671,5351,5200,5509,5175,5329,5369,4293,5196,5528,5261,3442,5176,4759,5535,4891,5223,4989,4634,4579,5571,5858,5755,5554,3945,5119,5006,5193,5383,4795,5511,4825,5184,5305,4964,4955,5542,5555,5045,5232,5316,4636,5618,5650,3464,5574,3738,4821,4906,5417,5665,5105,5262,4809,4738,5154,3339,5615,4911,4202,5317,4658,5111,5024,5866,4913,5144
1397,5059,5200,5455,5721,3943,4239,5069,5011,4564,5373,5328,5739,4908,5157,5291,5353,5215,5006,5114,4598,4028,4929,5111,4990,5469,5178,5231,4419,5467,3681,5356,5214,5513,5187,5336,5380,4310,5208,5543,5275,3452,5183,4778,5542,4901,5232,5000,4644,4586,5583,5862,5761,5563,3960,5132,5016,5207,5393,4800,5519,4835,5198,5315,4979,4961,5559,5567,5052,5243,5329,4648,5621,5659,3474,5584,3748,4835,4915,5431,5676,5118,5272,4816,4748,5161,3352,5620,4920,4215,5327,4674,5118,5031,5874,4926,5147
1398,5072,5214,5473,5726,3960,4253,5080,5022,4578,5387,5336,5748,4918,5165,5304,5368,5228,5015,5118,4616,4043,4940,5125,5000,5479,5187,5241,4437,5479,3692,5365,5228,5524,5199,5344,5388,4325,5215,5554,5291,3463,5195,4788,5551,4911,5243,5019,4658,4593,5591,5870,5768,5571,3966,5141,5023,5224,5406,4814,5527,4845,5206,5321,4986,4977,5566,5573,5064,5251,5335,4663,5630,5667,3480,5594,3760,4843,4928,5441,5682,5130,5284,4829,4761,5166,3367,5628,4932,4224,5331,4683,5126,5046,5881,4936,5163
1399,5088,5225,5487,5733,3977,4272,5088,5032,4593,5396,5349,5757,4926,5176,5312,5383,5242,5028,5132,4629,4064,4952,5136,5006,5489,5198,5253,4447,5486,3703,5374,5236,5535,5208,5359,5401,4342,5230,5563,5297,3470,5200,4801,5556,4923,5250,5033,4669,4608,5596,5880,5775,5586,3980,5151,5035,5229,5423,4827,5536,4854,5214,5334,4995,4994,5575,5584,5070,5256,5347,4675,5640,5677,3489,5607,3773,4850,4939,5453,5688,5143,5293,4835,4772,5179,3381,5637,4942,4236,5335,4695,5138,5056,5885,4957,5173
1400,5096,5234,5500,5741,3990,4282,5098,5042,4604,5407,5359,5766,4936,5188,5323,5399,5255,5039,5141,4633,4073,4965,5152,5019,5492,5207,5268,4461,5492,3709,5381,5247,5543,5215,5368,5411,4353,5239,5570,5304,3484,5211,4813,5561,4927,5265,5044,4681,4614,5604,5885,5782,5597,3994,5160,5046,5239,5432,4834,5545,4866,5228,5344,5005,5004,5589,5590,5078,5262,5360,4682,5644,5685,3499,5619,3785,4865,4951,5467,5696,5160,5302,4848,4779,5189,3393,5644,4949,4243,5351,4705,5147,5067,5888,4970,5180
1401,5107,5241,5510,5750,4001,4289,5102,5058,4612,5416,5369,5778,4946,5204,5334,5408,5263,5053,5149,4641,4088,4978,5162,5032,5500,5214,5278,4477,5506,3725,5389,5264,5549,5227,5380,5424,4362,5246,5581,5313,3500,5219,4829,5570,4939,5281,5056,4699,4622,5615,5893,5790,5613,4005,5168,5054,5251,5445,4843,5556,4869,5244,5356,5016,5022,5598,5604,5088,5272,5369,4693,5649,5693,3512,5630,3799,4877,4959,5477,5701,5170,5316,4857,4791,5199,3410,5650,4966,4256,5360,4723,5162,5077,5895,4984,5194
1402,5114,5250,5514,5757,4005,4299,5112,5072,4623,5429,5379,5786,4960,5216,5347,5418,5274,5065,5155,4652,4099,4994,5175,5044,5511,5220,5290,4489,5517,3735,5398,5281,5562,5242,5395,5429,4371,5256,5594,5322,3509,5231,4838,5574,4953,5289,5065,4715,4631,5628,5898,5796,5618,4021,5182,5066,5265,5458,4859,5562,4881,5262,5366,5027,5034,5609,5619,5100,5278,5380,4703,5662,5706,3526,5646,3817,4885,4968,5488,5711,5178,5327,4866,4796,5204,3417,5657,4976,4278,5370,4736,5170,5085,5899,4992,5202
1403,5122,5268,5527,5761,4015,4306,5128,5088,4639,5441,5393,5798,4966,5226,5358,5430,5283,5071,5165,4662,4111,5000,5183,5062,5526,5234,5300,4505,5521,3744,5404,5294,5572,5256,5406,5435,4385,5270,5602,5331,3522,5245,4852,5582,4967,5300,5074,4730,4646,5634,5905,5813,5626,4030,5195,5074,5282,5465,4874,5570,4889,5275,5379,5036,5041,5626,5632,5109,5297,5388,4717,5673,5716,3539,5654,3828,4895,4979,5498,5715,5190,5332,4881,4808,5221,3439,5669,4983,4290,5383,4746,5184,5103,5903,5005,5209
1404,5135,5281,5541,5770,4022,4323,5143,5097,4651,5450,5398,5812,4979,5238,5369,5438,5294,5085,5183,4672,4122,5008,5193,5072,5538,5246,5310,4516,5530,3754,5413,5297,5581,5268,5415,5442,4400,5279,5609,5342,3529,5257,4870,5586,4978,5309,5080,4740,4659,5650,5912,5824,5633,4043,5202,5084,5298,5481,4886,5578,4901,5284,5387,5047,5054,5637,5639,5121,5306,5397,4733,5682,5724,3559,5663,3844,4911,4995,5509,5721,5201,5337,4895,4824,5233,3454,5675,4999,4297,5389,4752,5197,5114,5910,5019,5216
1405,5150,5295,5547,5778,4033,4335,5153,5109,4662,5457,5411,5826,4983,5247,5377,5456,5305,5102,5197,4680,4137,5020,5208,5091,5546,5256,5317,4527,5540,3764,5423,5314,5597,5283,5429,5450,4411,5290,5623,5349,3542,5268,4879,5598,4988,5321,5088,4753,4672,5657,5919,5834,5644,4054,5211,5094,5308,5501,4897,5582,4912,5300,5403,5060,5066,5648,5651,5133,5317,5408,4741,5691,5736,3566,5675,3857,4922,5005,5514,5733,5212,5349,4906,4834,5245,3464,5680,5010,4315,5403,4763,5206,5129,5923,5028,5233
1406,5164,5304,5557,5787,4046,4347,5163,5120,4678,5465,5419,5838,5001,5259,5390,5463,5317,5112,5201,4694,4157,5029,5219,5114,5550,5267,5326,4541,5553,3779,5433,5328,5606,5293,5437,5463,4428,5303,5634,5354,3552,5281,4894,5609,5004,5329,5095,4773,4685,5666,5924,5841,5660,4065,5219,5104,5323,5511,4908,5590,4920,5310,5411,5070,5082,5655,5658,5148,5320,5413,4750,5697,5745,3579,5683,3869,4931,5016,5527,5741,5223,5366,4912,4846,5257,3478,5690,5026,4326,5413,4777,5214,5137,5933,5035,5243
1407,5175,5315,5565,5793,4057,4356,5178,5131,4686,5471,5429,5848,5010,5267,5408,5473,5326,5126,5211,4706,4170,5037,5226,5125,5559,5280,5341,4564,5567,3787,5444,5335,5618,5306,5445,5474,4442,5318,5641,5366,3564,5290,4906,5613,5019,5338,5102,4779,4700,5673,5930,5850,5665,4075,5227,5116,5336,5529,4922,5600,4935,5323,5427,5083,5088,5662,5664,5160,5329,5420,4764,5712,5753,3596,5694,3881,4943,5022,5534,5747,5235,5380,4925,4860,5266,3494,5700,5041,4338,5426,4788,5217,5147,5941,5043,5257
1408,5185,5335,5574,5803,4065,4370,5192,5148,4702,5482,5439,5855,5016,5278,5417,5485,5338,5136,5223,4721,4181,5051,5240,5132,5574,5290,5351,4576,5580,3796,5450,5346,5623,5322,5457,5489,4459,5330,5654,5378,3577,5300,4918,5624,5032,5352,5114,4787,4708,5682,5940,5857,5674,4090,5242,5125,5345,5539,4933,5611,4952,5333,5435,5091,5103,5672,5668,5174,5341,5431,4775,5724,5762,3603,5704,3894,4959,5030,5545,5753,5244,5392,4944,4868,5286,3505,5708,5049,4350,5438,4799,5229,5159,5944,5052,5272
1409,5197,5340,5582,5811,4080,4380,5207,5158,4713,5492,5454,5866,5034,5292,5427,5499,5350,5149,5233,4732,4199,5061,5250,5140,5581,5303,5360,4594,5594,3806,5454,5357,5634,5337,5470,5497,4467,5339,5660,5389,3600,5311,4933,5631,5052,5363,5128,4801,4721,5692,5945,5870,5681,4102,5250,5136,5354,5549,4940,5620,4967,5345,5443,5106,5112,5682,5679,5184,5351,5441,4788,5731,5772,3613,5714,3906,4964,5046,5552,5761,5250,5402,4963,4885,5301,3515,5713,5060,4365,5444,4816,5244,5169,5954,5062,5280
1410,5205,5350,5590,5820,4091,4393,5222,5168,4727,5499,5470,5874,5045,5303,5437,5507,5361,5167,5239,4746,4219,5066,5266,5154,5590,5312,5372,4605,5604,3825,5466,5371,5645,5346,5477,5509,4480,5358,5667,5401,3613,5317,4944,5647,5057,5380,5134,4812,4732,5705,5948,5879,5691,4113,5267,5151,5365,5564,4946,5635,4975,5362,5450,5123,5126,5689,5689,5192,5359,5457,4801,5737,5775,3627,5720,3916,4972,5060,5563,5773,5261,5409,4970,4896,5311,3531,5722,5072,4376,5455,4824,5259,5178,5964,5070,5288
1411,5216,5357,5599,5831,4111,4413,5225,5178,4737,5513,5478,5886,5058,5317,5440,5518,5373,5182,5258,4757,4228,5080,5280,5169,5604,5319,5387,4616,5613,3840,5477,5377,5651,5354,5489,5526,4494,5365,5681,5413,3627,5328,4956,5656,5068,5389,5144,4824,4743,5714,5954,5885,5699,4125,5277,5161,5371,5577,4953,5650,4984,5374,5457,5138,5136,5700,5699,5201,5369,5467,4816,5745,5783,3635,5730,3933,4987,5074,5573,5781,5270,5425,4985,4914,5317,3544,5733,5084,4386,5464,4833,5267,5188,5972,5086,5299
1412,5228,5370,5607,5841,4124,4428,5236,5191,4748,5521,5492,5899,5067,5323,5458,5533,5385,5192,5267,4768,4247,5097,5292,5180,5612,5330,5399,4623,5622,3856,5483,5390,5657,5361,5498,5538,4502,5378,5690,5430,3635,5341,4967,5662,5084,5404,5156,4838,4764,5726,5965,5893,5711,4132,5295,5168,5379,5588,4970,5658,4998,5380,5466,5149,5147,5712,5707,5211,5378,5482,4827,5751,5789,3649,5743,3945,5004,5084,5587,5794,5280,5436,4992,4923,5331,3553,5740,5100,4402,5474,4842,5276,5197,5981,5106,5310
1413,5237,5378,5621,5854,4136,4447,5245,5202,4763,5528,5501,5906,5085,5336,5468,5544,5397,5204,5279,4775,4266,5113,5299,5187,5623,5344,5412,4633,5633,3862,5490,5395,5670,5373,5508,5550,4516,5384,5698,5437,3643,5358,4976,5669,5094,5410,5174,4850,4776,5741,5970,5900,5723,4140,5301,5183,5396,5596,4980,5662,5008,5392,5475,5158,5155,5721,5718,5229,5383,5494,4838,5762,5799,3663,5752,3959,5019,5092,5597,5799,5288,5445,5003,4939,5338,3570,5747,5114,4411,5485,4854,5284,5210,5988,5117,5321
1414,5250,5395,5630,5865,4147,4461,5257,5212,4778,5535,5508,5918,5097,5344,5477,5554,5413,5213,5287,4784,4278,5125,5309,5202,5636,5354,5424,4644,5648,3874,5499,5407,5680,5384,5521,5563,4526,5398,5709,5447,3656,5368,4986,5680,5107,5420,5182,4860,4789,5747,5978,5905,5735,4153,5311,5198,5407,5608,4989,5670,5022,5401,5491,5165,5161,5733,5721,5245,5397,5505,4850,5770,5807,3672,5762,3974,5029,5110,5608,5809,5304,5457,5013,4954,5349,3581,5751,5129,4418,5494,4861,5294,5222,5993,5129,5331
1415,5261,5404,5643,5874,4156,4477,5270,5219,4793,5548,5517,5923,5101,5352,5488,5568,5426,5224,5295,4799,4288,5140,5323,5217,5641,5359,5434,4652,5652,3889,5505,5417,5685,5395,5538,5573,4537,5408,5720,5462,3667,5379,4999,5692,5113,5430,5195,4875,4800,5754,5987,5912,5747,4168,5320,5204,5426,5621,4999,5679,5031,5408,5500,5176,5171,5745,5732,5255,5406,5518,4863,5774,5815,3681,5772,3987,5040,5119,5613,5821,5310,5465,5024,4964,5357,3601,5756,5138,4428,5505,4866,5308,5235,5999,5136,5340
1416,5268,5412,5654,5882,4171,4489,5281,5231,4803,5554,5527,5929,5111,5363,5505,5580,5438,5234,5307,4810,4302,5146,5333,5231,5652,5363,5448,4663,5664,3904,5513,5427,5698,5409,5549,5577,4546,5423,5732,5472,3677,5386,5013,5706,5128,5441,5207,4886,4810,5761,5990,5916,5754,4188,5330,5216,5438,5630,5013,5687,5046,5418,5509,5184,5181,5750,5741,5264,5410,5533,4874,5783,5822,3699,5779,4007,5057,5126,5621,5834,5315,5483,5039,4977,5368,3612,5762,5155,4441,5520,4874,5321,5239,6005,5146,5352
1417,5280,5423,5661,5891,4182,4497,5289,5242,4811,5557,5536,5932,5126,5373,5513,5596,5445,5246,5324,4818,4316,5156,5343,5247,5658,5376,5457,4671,5676,3917,5517,5439,5706,5423,5559,5583,4556,5431,5749,5482,3690,5400,5020,5715,5140,5453,5220,4894,4826,5768,5998,5920,5764,4199,5336,5226,5455,5636,5025,5695,5058,5426,5523,5193,5191,5761,5746,5278,5418,5544,4885,5797,5828,3716,5794,4029,5074,5138,5633,5842,5321,5493,5045,4988,5376,3623,5774,5173,4454,5528,4883,5328,5250,6013,5156,5362
1418,5287,5436,5669,5898,4193,4506,5294,5247,4823,5568,5553,5938,5140,5388,5536,5604,5456,5254,5333,4824,4329,5166,5356,5258,5665,5386,5469,4681,5686,3933,5526,5452,5714,5435,5568,5591,4569,5439,5762,5492,3702,5410,5040,5730,5160,5462,5225,4902,4846,5777,6002,5933,5775,4210,5352,5239,5469,5650,5039,5712,5072,5431,5534,5197,5203,5774,5759,5288,5428,5556,4898,5805,5839,3733,5803,4041,5083,5150,5643,5857,5331,5501,5052,5000,5387,3638,5780,5190,4462,5538,4897,5338,5261,6016,5168,5371
1419,5298,5443,5679,5907,4203,4515,5307,5252,4836,5575,5565,5950,5150,5395,5544,5614,5467,5262,5348,4830,4338,5176,5362,5267,5674,5399,5474,4693,5696,3942,5539,5460,5720,5441,5587,5607,4577,5445,5774,5505,3709,5420,5049,5740,5173,5472,5236,4914,4855,5789,6013,5939,5787,4218,5359,5243,5483,5663,5049,5720,5081,5442,5543,5208,5216,5782,5769,5298,5439,5569,4912,5816,5854,3748,5814,4056,5099,5164,5650,5867,5343,5510,5058,5008,5399,3653,5797,5203,4477,5547,4907,5344,5278,6025,5182,5385
1420,5314,5449,5687,5923,4224,4521,5316,5261,4849,5581,5572,5961,5160,5404,5551,5628,5477,5272,5361,4839,4347,5193,5373,5285,5687,5413,5490,4701,5706,3951,5547,5469,5729,5450,5600,5613,4585,5453,5789,5517,3723,5426,5058,5750,5178,5479,5248,4927,4865,5801,6022,5952,5794,4236,5371,5253,5497,5672,5057,5730,5093,5451,5552,5220,5229,5795,5779,5308,5446,5575,4920,5826,5871,3762,5824,4065,5108,5177,5661,5876,5355,5523,5068,5023,5410,3666,5803,5217,4494,5568,4919,5355,5288,6034,5198,5395
1421,5324,5462,5700,5928,4241,4535,5324,5269,4861,5588,5585,5970,5167,5416,5563,5636,5486,5287,5369,4847,4361,5200,5380,5294,5695,5419,5499,4710,5714,3966,5561,5477,5744,5459,5611,5619,4597,5464,5796,5527,3743,5437,5065,5760,5190,5483,5256,4944,4877,5810,6028,5958,5805,4251,5383,5269,5503,5680,5069,5739,5106,5467,5562,5236,5238,5805,5790,5319,5459,5585,4932,5831,5880,3781,5830,4075,5123,5191,5669,5887,5360,5532,5079,5033,5415,3674,5812,5225,4510,5578,4930,5364,5300,6040,5209,5407
1422,5330,5473,5715,5941,4258,4546,5338,5280,4874,5603,5596,5982,5172,5421,5571,5641,5499,5294,5385,4859,4372,5212,5390,5302,5709,5436,5510,4716,5725,3979,5569,5488,5752,5468,5619,5624,4611,5479,5804,5542,3753,5452,5074,5772,5205,5493,5270,4956,4890,5816,6038,5964,5817,4266,5392,5278,5514,5689,5080,5746,5118,5473,5574,5244,5248,5815,5798,5328,5468,5591,4946,5837,5888,3799,5839,4088,5131,5197,5675,5897,5366,5540,5092,5042,5423,3686,5820,5243,4524,5591,4948,5373,5314,6049,5219,5421
1423,5338,5483,5721,5950,4269,4561,5352,5298,4885,5617,5606,5990,5175,5432,5583,5649,5505,5307,5394,4868,4381,5218,5400,5308,5716,5451,5521,4735,5732,3995,5576,5496,5759,5475,5625,5627,4624,5490,5817,5548,3763,5462,5088,5777,5219,5498,5280,4970,4905,5824,6044,5971,5832,4280,5397,5292,5526,5707,5088,5758,5132,5482,5583,5251,5264,5824,5807,5339,5481,5603,4959,5843,5895,3807,5847,4107,5145,5204,5678,5899,5373,5553,5103,5053,5430,3696,5829,5252,4537,5604,4969,5380,5321,6054,5233,5433
1424,5348,5503,5729,5959,4277,4575,5359,5306,4904,5630,5617,5997,5185,5443,5593,5661,5516,5321,5406,4880,4395,5228,5410,5321,5726,5459,5532,4742,5742,4005,5583,5505,5776,5489,5635,5636,4634,5497,5827,5554,3781,5472,5097,5786,5227,5509,5293,4984,4921,5831,6050,5979,5845,4293,5404,5302,5540,5712,5095,5771,5142,5496,5591,5259,5272,5836,5821,5355,5488,5611,4968,5853,5904,3823,5857,4124,5154,5218,5689,5912,5385,5560,5113,5070,5437,3705,5840,5262,4553,5618,4982,5390,5334,6061,5247,5447
1425,5361,5511,5743,5969,4287,4590,5371,5313,4919,5634,5626,6002,5199,5453,5609,5673,5525,5335,5419,4894,4407,5239,5420,5336,5740,5473,5550,4751,5750,4017,5592,5518,5788,5496,5642,5646,4644,5502,5838,5567,3785,5485,5106,5789,5232,5518,5303,4995,4933,5846,6057,5991,5848,4307,5413,5310,5552,5721,5105,5780,5153,5505,5607,5272,5289,5844,5829,5368,5495,5619,4981,5863,5909,3831,5866,4136,5160,5230,5702,5922,5398,5574,5122,5081,5445,3717,5854,5274,4562,5629,4992,5403,5347,6068,5250,5459
1426,5372,5517,5757,5977,4302,4603,5382,5320,4938,5648,5644,6015,5212,5462,5618,5682,5532,5345,5433,4905,4421,5248,5436,5353,5751,5483,5562,4762,5768,4032,5598,5533,5799,5510,5653,5652,4658,5513,5847,5576,3801,5502,5113,5798,5243,5530,5312,5007,4947,5853,6065,6001,5855,4322,5428,5321,5563,5729,5112,5785,5167,5515,5618,5284,5301,5852,5836,5373,5504,5632,4987,5877,5922,3845,5871,4153,5171,5240,5718,5931,5408,5582,5140,5090,5461,3728,5857,5288,4573,5643,5006,5416,5356,6072,5264,5471
1427,5378,5526,5765,5981,4318,4613,5394,5334,4953,5656,5656,6021,5227,5472,5626,5691,5539,5355,5441,4918,4429,5254,5445,5360,5764,5497,5570,4775,5776,4044,5609,5540,5805,5523,5660,5661,4664,5523,5857,5587,3815,5514,5125,5807,5253,5537,5325,5018,4951,5863,6075,6009,5862,4333,5439,5338,5576,5739,5124,5793,5176,5526,5633,5296,5310,5862,5843,5388,5519,5645,5001,5889,5934,3853,5884,4159,5183,5255,5727,5940,5421,5594,5154,5104,5468,3738,5865,5297,4587,5655,5014,5423,5376,6077,5276,5480
1428,5389,5534,5773,5987,4332,4632,5403,5341,4960,5672,5670,6033,5241,5476,5644,5700,5546,5368,5451,4932,4443,5270,5454,5372,5774,5510,5577,4794,5782,4060,5620,5550,5813,5536,5669,5670,4676,5528,5870,5595,3828,5523,5137,5809,5266,5545,5336,5032,4963,5876,6081,6017,5870,4348,5459,5347,5585,5750,5135,5805,5193,5536,5641,5303,5324,5872,5851,5401,5530,5651,5016,5905,5944,3863,5897,4168,5196,5268,5739,5949,5428,5608,5169,5119,5482,3751,5873,5315,4598,5664,5029,5434,5388,6088,5285,5485
1429,5399,5548,5783,5996,4344,4645,5410,5348,4968,5676,5686,6043,5249,5493,5651,5709,5559,5380,5470,4944,4450,5279,5461,5384,5788,5527,5590,4806,5789,4079,5633,5560,5821,5551,5680,5690,4685,5540,5880,5606,3847,5537,5153,5818,5281,5557,5348,5041,4977,5885,6085,6026,5879,4360,5467,5362,5601,5758,5145,5813,5202,5545,5654,5313,5344,5878,5856,5417,5547,5663,5031,5909,5951,3876,5904,4176,5211,5275,5745,5962,5440,5622,5179,5137,5495,3764,5877,5324,4613,5677,5040,5448,5397,6100,5292,5493
1430,5411,5555,5793,6002,4353,4654,5419,5358,4983,5682,5700,6053,5259,5505,5660,5717,5568,5393,5480,4959,4465,5285,5468,5397,5797,5544,5603,4822,5798,4095,5639,5571,5830,5561,5693,5702,4687,5549,5886,5618,3861,5550,5164,5830,5294,5567,5356,5049,4988,5897,6096,6039,5888,4369,5478,5375,5619,5771,5154,5829,5209,5556,5665,5319,5354,5890,5859,5429,5552,5672,5046,5920,5960,3889,5910,4190,5218,5285,5752,5966,5464,5628,5185,5148,5505,3777,5884,5334,4621,5683,5050,5455,5407,6105,5301,5506
1431,5425,5564,5800,6009,4367,4664,5427,5372,4991,5695,5711,6064,5269,5515,5670,5731,5575,5403,5491,4972,4470,5292,5480,5409,5806,5555,5614,4833,5804,4106,5648,5581,5835,5569,5705,5717,4693,5559,5897,5624,3866,5559,5175,5841,5308,5573,5362,5065,5000,5905,6104,6046,5900,4377,5490,5386,5628,5782,5164,5840,5218,5571,5672,5330,5363,5898,5863,5442,5566,5686,5056,5927,5972,3909,5923,4203,5231,5293,5760,5976,5470,5634,5198,5158,5513,3792,5898,5352,4634,5693,5059,5467,5414,6108,5312,5521
1432,5434,5578,5812,6017,4383,4680,5444,5386,5007,5706,5718,6073,5275,5525,5688,5747,5583,5419,5498,4979,4485,5302,5487,5422,5814,5559,5624,4844,5810,4120,5654,5595,5843,5577,5712,5724,4704,5573,5908,5635,3881,5568,5194,5851,5319,5586,5370,5083,5007,5914,6110,6054,5910,4396,5503,5394,5638,5790,5174,5848,5228,5580,5681,5343,5374,5907,5876,5454,5576,5699,5071,5934,5980,3921,5931,4212,5245,5306,5772,5982,5489,5646,5208,5171,5519,3807,5912,5360,4650,5703,5070,5478,5427,6111,5322,5531
1433,5438,5590,5825,6020,4397,4696,5455,5400,5014,5716,5728,6083,5292,5539,5697,5757,5591,5433,5510,4987,4494,5321,5497,5432,5824,5572,5631,4857,5821,4133,5664,5602,5855,5587,5724,5733,4717,5581,5921,5644,3904,5581,5204,5859,5327,5593,5383,5095,5020,5926,6117,6062,5920,4410,5512,5401,5650,5799,5186,5859,5243,5586,5698,5353,5384,5913,5886,5470,5582,5710,5084,5940,5987,3937,5945,4228,5260,5321,5780,5994,5508,5657,5217,5184,5534,3815,5918,5374,4658,5715,5081,5488,5439,6115,5331,5545
1434,5451,5601,5834,6033,4409,4712,5468,5407,5028,5723,5737,6096,5308,5546,5707,5769,5605,5442,5521,4996,4502,5331,5512,5441,5831,5584,5638,4874,5834,4147,5671,5608,5862,5595,5731,5745,4730,5588,5932,5656,3911,5596,5217,5868,5338,5598,5390,5110,5037,5936,6125,6070,5932,4423,5518,5409,5664,5809,5194,5867,5247,5598,5714,5362,5397,5926,5898,5489,5591,5720,5098,5950,5993,3947,5952,4239,5271,5328,5787,6003,5519,5664,5227,5195,5549,3827,5927,5382,4663,5726,5092,5496,5451,6124,5338,5552
1435,5465,5610,5843,6038,4426,4726,5477,5417,5036,5737,5751,6109,5326,5558,5715,5779,5617,5450,5531,5007,4514,5340,5524,5452,5840,5596,5649,4893,5842,4166,5675,5618,5870,5610,5743,5758,4737,5601,5943,5670,3921,5601,5227,5880,5352,5609,5401,5121,5052,5944,6137,6080,5942,4437,5533,5420,5669,5816,5205,5875,5262,5613,5724,5372,5408,5938,5912,5504,5605,5732,5109,5959,5999,3955,5967,4248,5293,5333,5790,6010,5531,5671,5238,5209,5560,3839,5935,5392,4673,5731,5099,5502,5467,6128,5350,5568
1436,5477,5621,5856,6051,4438,4732,5487,5428,5050,5749,5758,6114,5332,5568,5723,5792,5625,5462,5542,5025,4521,5351,5542,5462,5853,5610,5661,4907,5848,4180,5686,5628,5879,5618,5753,5766,4750,5616,5951,5679,3932,5613,5235,5891,5364,5617,5412,5127,5066,5949,6147,6088,5950,4452,5537,5430,5681,5825,5215,5886,5273,5622,5733,5385,5417,5942,5926,5515,5618,5742,5121,5963,6013,3964,5978,4263,5306,5347,5799,6015,5542,5683,5249,5218,5570,3847,5948,5403,4688,5745,5109,5514,5484,6135,5357,5582
1437,5487,5633,5865,6061,4453,4736,5499,5440,5066,5762,5771,6122,5347,5577,5734,5803,5631,5474,5553,5039,4537,5360,5551,5474,5865,5624,5668,4923,5861,4194,5692,5640,5891,5630,5762,5779,4762,5628,5960,5690,3941,5624,5247,5901,5376,5623,5426,5146,5079,5953,6154,6093,5958,4464,5541,5440,5697,5842,5226,5896,5281,5633,5748,5398,5426,5949,5931,5525,5628,5753,5128,5972,6020,3976,5992,4274,5323,5361,5807,6025,5553,5693,5260,5228,5581,3860,5952,5413,4698,5765,5119,5525,5495,6138,5374,5589
1438,5492,5644,5878,6069,4466,4740,5509,5454,5074,5776,5781,6130,5358,5590,5741,5815,5643,5492,5564,5049,4549,5369,5557,5494,5872,5632,5677,4933,5871,4206,5705,5650,5901,5642,5770,5788,4774,5638,5968,5702,3957,5633,5257,5910,5385,5636,5442,5160,5091,5962,6164,6099,5964,4479,5548,5453,5703,5851,5242,5905,5289,5639,5756,5412,5433,5952,5933,5534,5633,5762,5136,5977,6030,3988,5999,4292,5336,5369,5816,6033,5559,5703,5278,5236,5588,3874,5959,5429,4710,5772,5130,5533,5505,6147,5381,5602
1439,5499,5651,5890,6073,4477,4750,5516,5462,5083,5781,5791,6141,5368,5599,5754,5829,5651,5500,5577,5064,4569,5384,5568,5504,5884,5641,5690,4940,5876,4213,5713,5660,5910,5660,5782,5799,4786,5650,5979,5711,3974,5647,5269,5914,5395,5646,5451,5177,5107,5969,6174,6118,5971,4499,5556,5461,5710,5860,5249,5915,5306,5648,5771,5421,5445,5961,5940,5549,5643,5771,5143,5984,6039,4007,6009,4302,5344,5381,5825,6044,5569,5716,5285,5258,5597,3887,5976,5444,4718,5784,5138,5546,5516,6154,5394,5613
1440,5508,5660,5902,6077,4494,4769,5523,5476,5097,5791,5801,6151,5382,5606,5763,5840,5665,5513,5586,5078,4580,5399,5580,5513,5893,5650,5699,4954,5884,4229,5724,5668,5921,5675,5789,5805,4794,5660,5984,5725,3989,5659,5281,5927,5404,5660,5460,5188,5116,5973,6177,6134,5982,4508,5565,5473,5720,5870,5264,5922,5317,5655,5782,5431,5458,5969,5947,5561,5650,5785,5153,5989,6050,4022,6024,4318,5350,5389,5831,6055,5583,5729,5292,5268,5608,3904,5987,5457,4734,5790,5153,5557,5521,6162,5408,5616
1441,5522,5670,5910,6083,4505,4788,5533,5491,5104,5801,5811,6159,5396,5619,5773,5845,5672,5523,5597,5083,4587,5409,5594,5523,5906,5661,5710,4967,5893,4237,5730,5677,5929,5688,5799,5813,4804,5669,5987,5736,4005,5665,5291,5937,5418,5667,5469,5199,5125,5984,6183,6146,5991,4520,5577,5488,5733,5879,5279,5931,5325,5661,5787,5440,5469,5979,5955,5571,5659,5794,5169,5991,6056,4032,6035,4324,5362,5400,5844,6064,5591,5738,5304,5275,5621,3913,5994,5467,4749,5804,5165,5562,5528,6170,5427,5627
1442,5534,5685,5912,6090,4518,4803,5548,5502,5114,5812,5819,6167,5410,5625,5789,5857,5679,5538,5605,5093,4601,5419,5600,5532,5916,5672,5718,4978,5905,4251,5737,5690,5932,5694,5811,5817,4823,5679,5999,5748,4016,5676,5307,5943,5433,5678,5480,5211,5140,5995,6187,6153,6003,4532,5590,5505,5746,5881,5294,5940,5332,5674,5794,5450,5486,5982,5962,5593,5673,5800,5178,5997,6066,4047,6042,4335,5374,5412,5862,6072,5600,5752,5316,5287,5629,3930,6003,5474,4762,5820,5173,5573,5540,6176,5438,5638
1443,5543,5691,5919,6103,4532,4813,5563,5512,5129,5823,5827,6176,5419,5641,5803,5870,5686,5548,5613,5109,4613,5424,5608,5549,5926,5686,5722,4998,5913,4267,5746,5700,5943,5704,5823,5827,4833,5693,6010,5757,4027,5682,5321,5957,5444,5691,5494,5228,5153,6010,6192,6159,6013,4543,5602,5516,5754,5890,5302,5947,5345,5683,5801,5458,5496,5998,5970,5602,5684,5811,5194,6008,6074,4060,6050,4350,5385,5424,5868,6082,5608,5761,5322,5302,5642,3939,6018,5492,4773,5825,5182,5582,5547,6191,5448,5643
1444,5553,5703,5925,6112,4541,4827,5570,5527,5142,5834,5840,6182,5431,5655,5811,5877,5699,5564,5625,5119,4628,5432,5619,5567,5928,5689,5730,5020,5927,4278,5755,5711,5957,5722,5828,5839,4844,5704,6017,5765,4043,5695,5330,5975,5459,5700,5507,5237,5164,6016,6200,6170,6023,4564,5613,5533,5762,5900,5314,5956,5351,5688,5812,5471,5502,6010,5979,5618,5690,5818,5208,6016,6082,4069,6063,4361,5400,5437,5873,6088,5620,5776,5330,5315,5651,3947,6027,5505,4786,5838,5193,5591,5561,6196,5457,5649
1445,5566,5710,5931,6119,4554,4845,5582,5538,5155,5841,5851,6188,5446,5665,5817,5885,5709,5573,5636,5127,4639,5440,5635,5575,5936,5699,5741,5029,5941,4291,5770,5724,5970,5730,5846,5848,4855,5711,6027,5770,4053,5708,5337,5983,5478,5715,5520,5246,5169,6029,6204,6178,6032,4573,5623,5540,5770,5914,5324,5966,5366,5702,5819,5476,5512,6017,5990,5633,5701,5824,5222,6023,6087,4080,6074,4372,5411,5454,5879,6101,5628,5779,5341,5328,5662,3969,6035,5519,4795,5853,5207,5600,5575,6200,5478,5659
1446,5576,5727,5939,6127,4564,4861,5597,5551,5168,5857,5862,6194,5457,5675,5827,5898,5720,5587,5653,5139,4645,5455,5642,5589,5953,5708,5752,5040,5950,4303,5778,5737,5976,5745,5859,5862,4867,5721,6034,5778,4064,5725,5345,5990,5489,5727,5529,5260,5183,6033,6216,6183,6044,4591,5630,5549,5784,5925,5335,5977,5378,5715,5830,5485,5523,6023,5999,5639,5710,5836,5232,6031,6095,4094,6081,4382,5422,5465,5887,6111,5636,5788,5350,5339,5674,3984,6042,5533,4801,5857,5215,5609,5588,6207,5488,5667
1447,5590,5735,5948,6136,4573,4871,5607,5566,5178,5864,5872,6201,5471,5684,5839,5907,5728,5597,5664,5147,4660,5465,5647,5600,5964,5716,5758,5050,5961,4312,5791,5756,5986,5751,5870,5871,4879,5735,6052,5788,4078,5736,5359,6002,5504,5738,5542,5270,5193,6035,6223,6191,6052,4605,5638,5560,5796,5936,5350,5987,5389,5723,5844,5491,5529,6034,6009,5647,5717,5845,5243,6035,6107,4111,6085,4393,5429,5474,5897,6122,5646,5803,5362,5354,5685,3999,6047,5541,4816,5867,5229,5621,5594,6215,5506,5681
1448,5600,5749,5959,6144,4588,4886,5614,5578,5187,5872,5881,6211,5479,5697,5851,5916,5736,5602,5678,5165,4669,5478,5656,5612,5970,5727,5767,5063,5973,4323,5797,5766,5995,5759,5882,5877,4892,5743,6062,5799,4092,5744,5370,6009,5517,5751,5551,5275,5208,6044,6232,6202,6065,4616,5647,5576,5807,5939,5358,5992,5402,5729,5850,5503,5535,6040,6027,5658,5732,5857,5258,6043,6112,4127,6096,4407,5444,5487,5902,6129,5651,5813,5375,5362,5698,4009,6052,5547,4822,5875,5239,5634,5602,6217,5517,5697
1449,5608,5755,5966,6153,4604,4897,5626,5587,5201,5879,5890,6220,5495,5708,5860,5928,5746,5614,5693,5181,4684,5498,5664,5630,5981,5741,5773,5075,5981,4338,5804,5775,6002,5767,5889,5889,4912,5762,6068,5807,4104,5752,5381,6020,5520,5763,5558,5291,5218,6054,6240,6220,6076,4626,5655,5587,5817,5944,5372,5997,5408,5743,5859,5515,5544,6047,6034,5669,5749,5865,5271,6053,6121,4137,6102,4414,5454,5498,5909,6136,5666,5818,5391,5373,5708,4017,6061,5555,4836,5880,5248,5648,5610,6220,5524,5704
1450,5615,5764,5972,6165,4621,4914,5637,5596,5210,5890,5899,6226,5503,5722,5873,5935,5754,5627,5704,5194,4701,5510,5674,5642,5991,5749,5781,5087,5991,4348,5817,5782,6014,5775,5898,5896,4931,5767,6076,5817,4115,5764,5397,6028,5530,5773,5568,5303,5229,6066,6245,6229,6089,4637,5671,5602,5827,5954,5383,6005,5419,5758,5868,5519,5556,6056,6042,5678,5758,5872,5283,6062,6132,4152,6108,4431,5468,5514,5919,6145,5677,5832,5400,5383,5722,4030,6073,5567,4846,5885,5261,5657,5623,6223,5533,5713
1451,5626,5774,5980,6177,4631,4926,5645,5607,5218,5903,5906,6238,5510,5733,5877,5952,5763,5640,5712,5214,4713,5522,5682,5651,6002,5755,5789,5093,5998,4359,5826,5794,6023,5784,5905,5910,4947,5774,6084,5830,4132,5773,5411,6038,5543,5788,5577,5311,5241,6076,6247,6236,6094,4651,5682,5613,5841,5968,5391,6010,5436,5767,5877,5531,5574,6061,6049,5688,5773,5879,5298,6070,6137,4166,6118,4448,5475,5526,5925,6158,5688,5840,5411,5400,5734,4039,6078,5578,4864,5893,5276,5671,5632,6228,5543,5728
1452,5634,5787,5987,6185,4652,4945,5655,5615,5231,5912,5918,6255,5517,5742,5886,5962,5773,5653,5726,5231,4731,5534,5692,5658,6011,5764,5802,5106,6010,4375,5831,5802,6037,5796,5918,5918,4953,5789,6090,5844,4148,5786,5418,6048,5558,5793,5587,5321,5258,6081,6252,6249,6098,4660,5691,5624,5846,5977,5404,6015,5446,5781,5890,5542,5581,6067,6057,5696,5778,5891,5308,6083,6145,4182,6129,4467,5483,5538,5932,6163,5701,5849,5420,5417,5749,4060,6092,5589,4879,5902,5285,5676,5640,6233,5559,5735
1453,5646,5794,5997,6193,4673,4956,5665,5628,5244,5922,5930,6265,5528,5755,5899,5971,5777,5661,5737,5243,4746,5545,5705,5667,6024,5773,5812,5118,6016,4390,5842,5814,6043,5808,5922,5934,4964,5799,6098,5859,4158,5796,5435,6059,5574,5803,5596,5333,5269,6094,6260,6259,6112,4675,5700,5639,5860,5987,5416,6024,5453,5789,5897,5547,5589,6072,6066,5710,5788,5903,5317,6091,6151,4197,6134,4480,5491,5552,5944,6168,5717,5863,5437,5426,5757,4074,6101,5599,4896,5908,5293,5686,5649,6239,5572,5747
1454,5659,5799,6008,6200,4684,4963,5677,5641,5256,5930,5941,6272,5539,5762,5905,5981,5785,5671,5751,5258,4755,5558,5714,5681,6036,5781,5819,5125,6021,4399,5854,5824,6050,5824,5927,5944,4976,5807,6111,5865,4171,5808,5445,6065,5584,5810,5608,5343,5279,6103,6268,6268,6122,4690,5708,5647,5872,5994,5432,6030,5467,5802,5902,5556,5597,6085,6073,5724,5799,5916,5330,6098,6155,4213,6143,4490,5500,5565,5955,6177,5732,5875,5442,5438,5762,4087,6114,5610,4904,5916,5302,5693,5661,6243,5588,5756
1455,5669,5809,6017,6207,4692,4978,5690,5654,5273,5936,5950,6281,5548,5769,5915,5992,5801,5681,5763,5266,4765,5565,5734,5691,6041,5794,5833,5133,6029,4414,5865,5835,6064,5837,5940,5949,4985,5816,6121,5884,4178,5817,5455,6081,5589,5823,5618,5356,5297,6108,6279,6275,6133,4707,5718,5654,5887,6000,5441,6032,5477,5808,5919,5567,5607,6093,6078,5739,5812,5927,5346,6103,6167,4220,6157,4499,5511,5569,5962,6182,5743,5887,5452,5448,5770,4102,6121,5620,4914,5920,5314,5698,5673,6248,5595,5762
1456,5679,5820,6027,6211,4708,4992,5703,5667,5291,5944,5959,6286,5556,5780,5921,6001,5812,5689,5771,5273,4774,5573,5746,5698,6054,5804,5840,5144,6044,4427,5874,5843,6071,5849,5947,5957,4999,5826,6125,5891,4192,5825,5467,6093,5596,5836,5631,5363,5308,6118,6286,6283,6138,4715,5736,5664,5902,6010,5459,6043,5489,5818,5926,5580,5620,6105,6087,5755,5825,5938,5361,6107,6178,4228,6167,4510,5523,5573,5969,6193,5751,5894,5460,5460,5778,4108,6130,5633,4922,5927,5325,5710,5679,6255,5601,5779
1457,5698,5824,6041,6225,4725,5005,5716,5672,5312,5952,5968,6293,5564,5793,5931,6006,5825,5702,5778,5279,4784,5582,5752,5710,6063,5813,5848,5158,6050,4433,5883,5854,6080,5858,5957,5966,5016,5835,6138,5907,4209,5833,5473,6103,5611,5845,5639,5380,5313,6127,6289,6292,6148,4731,5747,5671,5916,6020,5470,6061,5499,5832,5937,5591,5631,6108,6095,5764,5835,5950,5372,6110,6189,4246,6184,4522,5533,5581,5975,6203,5764,5909,5471,5472,5787,4123,6140,5640,4930,5941,5341,5719,5689,6265,5619,5789
1458,5705,5839,6053,6230,4735,5021,5725,5683,5328,5958,5975,6300,5586,5806,5945,6019,5837,5715,5785,5290,4800,5596,5761,5718,6070,5822,5855,5168,6055,4445,5894,5862,6094,5866,5966,5980,5032,5845,6147,5910,4222,5845,5483,6117,5621,5851,5649,5394,5317,6138,6294,6301,6157,4742,5756,5680,5925,6028,5484,6070,5503,5844,5946,5605,5638,6117,6105,5774,5841,5957,5383,6123,6194,4259,6193,4533,5542,5594,5980,6212,5783,5917,5483,5481,5794,4134,6148,5649,4941,5951,5355,5727,5697,6276,5629,5796
1459,5721,5849,6062,6237,4749,5036,5734,5691,5340,5967,5982,6310,5604,5816,5955,6029,5844,5721,5803,5299,4815,5601,5769,5730,6078,5832,5857,5173,6071,4453,5906,5884,6100,5874,5976,5991,5045,5856,6159,5916,4232,5857,5494,6125,5635,5860,5661,5411,5325,6141,6300,6310,6169,4755,5763,5692,5937,6039,5494,6081,5511,5855,5957,5615,5649,6122,6118,5785,5846,5963,5393,6130,6202,4275,6201,4541,5556,5608,5991,6225,5792,5931,5494,5494,5808,4150,6156,5664,4954,5961,5371,5736,5704,6280,5643,5800
1460,5735,5860,6069,6249,4762,5044,5749,5694,5351,5976,5990,6321,5618,5826,5968,6035,5855,5734,5818,5309,4828,5613,5774,5742,6085,5840,5868,5193,6077,4468,5913,5897,6108,5886,5983,6001,5056,5866,6170,5926,4242,5864,5503,6131,5644,5869,5679,5419,5336,6150,6303,6317,6179,4764,5774,5703,5949,6049,5501,6090,5521,5867,5968,5621,5661,6132,6133,5797,5855,5975,5408,6139,6211,4288,6214,4554,5571,5620,6007,6237,5799,5942,5506,5506,5820,4166,6168,5673,4971,5967,5381,5747,5711,6287,5653,5815
1461,5746,5865,6080,6261,4773,5067,5759,5707,5363,5985,6000,6327,5630,5839,5980,6041,5865,5745,5830,5321,4837,5620,5785,5753,6090,5847,5879,5209,6089,4479,5929,5906,6112,5891,6003,6012,5066,5878,6177,5939,4250,5870,5513,6144,5660,5877,5689,5427,5353,6162,6308,6325,6189,4774,5785,5716,5958,6057,5518,6102,5537,5875,5979,5631,5666,6142,6140,5819,5867,5980,5427,6146,6219,4299,6221,4569,5587,5631,6024,6245,5812,5951,5517,5522,5825,4176,6175,5688,4983,5978,5395,5755,5723,6293,5660,5824
1462,5760,5876,6086,6275,4786,5073,5776,5717,5370,5994,6011,6334,5641,5849,5983,6052,5877,5752,5836,5333,4849,5630,5795,5766,6100,5860,5892,5220,6096,4489,5936,5913,6123,5906,6016,6021,5080,5891,6184,5951,4254,5878,5526,6151,5670,5884,5702,5436,5366,6170,6312,6331,6194,4786,5795,5723,5969,6066,5532,6107,5546,5879,5994,5641,5676,6154,6151,5832,5876,5992,5433,6152,6226,4319,6227,4581,5597,5642,6033,6259,5819,5959,5530,5537,5835,4193,6179,5697,4996,5985,5406,5766,5738,6296,5681,5836
1463,5772,5888,6097,6282,4805,5084,5782,5729,5383,6003,6016,6343,5653,5860,5988,6061,5895,5762,5844,5338,4865,5642,5808,5773,6113,5869,5903,5231,6105,4498,5948,5920,6130,5919,6021,6031,5088,5902,6191,5961,4266,5891,5538,6159,5681,5896,5710,5446,5380,6179,6318,6342,6207,4800,5804,5730,5986,6072,5544,6117,5555,5888,6007,5652,5692,6165,6158,5843,5879,6002,5443,6162,6235,4333,6236,4597,5606,5654,6041,6264,5828,5970,5545,5543,5849,4219,6187,5705,5009,5993,5415,5786,5750,6298,5691,5854
1464,5788,5905,6107,6291,4822,5098,5790,5742,5397,6019,6027,6354,5666,5875,5991,6072,5907,5770,5859,5353,4882,5655,5814,5784,6125,5881,5908,5238,6113,4510,5954,5931,6141,5922,6034,6040,5104,5917,6197,5971,4283,5899,5549,6164,5694,5905,5718,5459,5387,6183,6322,6351,6212,4816,5815,5746,5995,6080,5559,6129,5566,5897,6019,5669,5700,6170,6170,5856,5888,6009,5459,6172,6243,4342,6249,4605,5612,5664,6044,6272,5840,5982,5554,5552,5862,4232,6198,5720,5028,6008,5426,5794,5754,6310,5698,5864
1465,5797,5917,6112,6300,4834,5112,5798,5757,5406,6029,6038,6363,5676,5885,6000,6082,5923,5776,5870,5367,4890,5666,5824,5795,6137,5888,5918,5244,6121,4523,5962,5942,6151,5944,6045,6051,5116,5927,6203,5983,4295,5909,5556,6175,5708,5911,5727,5475,5396,6191,6325,6360,6218,4830,5822,5759,6005,6093,5568,6139,5581,5908,6030,5681,5711,6175,6180,5866,5898,6020,5479,6182,6255,4348,6254,4613,5620,5678,6060,6280,5855,5991,5560,5562,5876,4243,6205,5739,5037,6021,5438,5803,5766,6314,5708,5872
1466,5809,5925,6119,6308,4846,5125,5804,5763,5418,6038,6051,6371,5690,5895,6006,6090,5930,5790,5877,5377,4901,5673,5832,5809,6146,5896,5929,5258,6129,4542,5969,5951,6165,5956,6053,6062,5122,5942,6210,5990,4304,5923,5566,6190,5718,5922,5736,5483,5405,6201,6335,6368,6230,4839,5829,5767,6019,6100,5583,6149,5590,5920,6040,5692,5720,6181,6188,5876,5909,6032,5491,6190,6264,4355,6264,4627,5631,5690,6069,6287,5862,6001,5577,5577,5881,4254,6215,5748,5048,6026,5446,5815,5779,6320,5716,5884
1467,5814,5933,6123,6316,4854,5138,5816,5774,5431,6043,6056,6379,5702,5908,6016,6102,5940,5800,5884,5387,4919,5684,5842,5824,6149,5909,5940,5264,6148,4557,5974,5961,6180,5968,6065,6075,5128,5952,6221,5999,4322,5934,5581,6202,5732,5929,5748,5493,5414,6214,6344,6380,6233,4853,5836,5775,6028,6105,5594,6157,5598,5933,6052,5704,5727,6190,6201,5885,5919,6043,5501,6199,6271,4369,6271,4635,5646,5704,6079,6294,5873,6013,5594,5586,5884,4264,6224,5755,5057,6033,5457,5823,5787,6323,5730,5896
1468,5828,5947,6131,6321,4866,5154,5824,5787,5437,6053,6064,6385,5714,5922,6027,6114,5955,5812,5895,5396,4932,5692,5848,5829,6159,5917,5946,5274,6161,4571,5983,5967,6188,5978,6071,6086,5140,5961,6231,6009,4333,5949,5592,6215,5738,5939,5757,5498,5425,6218,6352,6388,6242,4866,5846,5786,6037,6116,5606,6166,5606,5943,6064,5711,5736,6204,6212,5899,5928,6054,5515,6204,6281,4383,6280,4650,5657,5712,6089,6305,5883,6024,5606,5595,5901,4281,6233,5766,5065,6044,5464,5826,5793,6327,5744,5906
1469,5839,5953,6139,6329,4879,5165,5839,5794,5454,6059,6075,6393,5725,5934,6038,6123,5966,5827,5903,5412,4947,5695,5860,5838,6165,5931,5954,5284,6169,4581,5997,5977,6195,5987,6081,6092,5158,5968,6242,6018,4343,5958,5600,6231,5748,5952,5764,5510,5437,6223,6356,6400,6251,4870,5856,5802,6050,6120,5625,6177,5617,5958,6076,5717,5748,6210,6227,5906,5948,6069,5529,6210,6290,4400,6291,4664,5663,5722,6098,6309,5893,6036,5613,5608,5908,4299,6242,5774,5079,6052,5473,5838,5803,6328,5753,5919
1470,5851,5968,6146,6335,4890,5175,5851,5807,5466,6070,6082,6400,5736,5940,6048,6132,5974,5840,5915,5422,4961,5707,5872,5852,6177,5941,5963,5296,6179,4596,6005,5992,6208,5996,6091,6102,5168,5980,6252,6026,4357,5966,5608,6241,5767,5957,5781,5526,5444,6229,6363,6407,6260,4883,5870,5814,6059,6131,5635,6187,5627,5967,6087,5729,5761,6221,6238,5921,5958,6080,5540,6217,6298,4408,6297,4675,5673,5728,6104,6313,5899,6049,5631,5618,5915,4311,6253,5789,5085,6060,5481,5850,5812,6332,5765,5926
1471,5861,5979,6157,6340,4907,5186,5866,5816,5476,6075,6093,6413,5750,5949,6057,6140,5981,5851,5920,5435,4978,5715,5884,5859,6186,5950,5971,5307,6187,4608,6019,6001,6216,6000,6099,6109,5180,5999,6260,6037,4371,5975,5617,6248,5776,5965,5796,5542,5451,6236,6371,6414,6270,4895,5879,5825,6066,6141,5645,6194,5642,5979,6096,5740,5775,6232,6247,5930,5970,6085,5557,6226,6306,4415,6309,4689,5684,5737,6118,6321,5910,6062,5642,5629,5930,4324,6260,5805,5100,6072,5497,5857,5833,6341,5783,5933
1472,5869,5998,6166,6348,4918,5200,5876,5828,5483,6083,6101,6420,5769,5955,6068,6151,5992,5860,5936,5443,4987,5721,5891,5867,6195,5960,5979,5320,6195,4622,6030,6008,6225,6014,6119,6116,5184,6003,6270,6045,4389,5983,5623,6255,5785,5975,5806,5560,5459,6240,6379,6417,6285,4905,5890,5837,6076,6150,5655,6204,5650,5985,6104,5751,5784,6247,6262,5939,5980,6095,5568,6234,6314,4421,6321,4702,5690,5749,6131,6330,5915,6075,5650,5641,5943,4332,6265,5816,5110,6080,5508,5866,5843,6343,5790,5939
1473,5886,6011,6181,6358,4928,5210,5883,5839,5497,6096,6108,6424,5779,5965,6074,6162,5998,5871,5943,5450,5003,5735,5900,5876,6206,5968,5990,5323,6201,4633,6042,6017,6236,6025,6131,6136,5196,6017,6279,6057,4404,5995,5630,6266,5796,5982,5815,5574,5467,6248,6385,6429,6295,4912,5903,5846,6085,6159,5663,6217,5659,6000,6112,5764,5793,6258,6270,5949,5988,6105,5576,6242,6323,4438,6333,4714,5700,5760,6143,6334,5932,6084,5664,5652,5950,4344,6273,5827,5120,6094,5520,5873,5853,6350,5805,5956
1474,5900,6024,6193,6367,4939,5218,5892,5848,5509,6107,6117,6434,5792,5973,6083,6177,6006,5879,5953,5460,5013,5742,5914,5879,6211,5974,5998,5338,6205,4648,6049,6022,6245,6040,6143,6142,5211,6031,6290,6065,4415,6014,5642,6276,5803,5990,5829,5584,5476,6257,6391,6438,6305,4927,5918,5851,6098,6168,5671,6222,5667,6009,6120,5770,5810,6268,6277,5958,5996,6121,5583,6251,6333,4453,6344,4734,5709,5770,6153,6338,5947,6096,5673,5664,5959,4350,6278,5833,5129,6103,5531,5891,5866,6358,5812,5968
1475,5909,6028,6196,6377,4955,5229,5903,5861,5518,6124,6123,6441,5801,5984,6091,6185,6012,5895,5967,5470,5025,5752,5926,5893,6221,5983,6006,5349,6217,4669,6065,6026,6262,6054,6156,6155,5222,6040,6300,6075,4428,6031,5652,6279,5816,5998,5841,5590,5485,6271,6395,6444,6307,4937,5929,5859,6105,6174,5682,6228,5673,6020,6133,5783,5823,6282,6282,5961,6009,6128,5590,6256,6345,4466,6357,4743,5718,5780,6163,6341,5954,6102,5688,5672,5973,4360,6288,5845,5142,6116,5545,5904,5873,6365,5829,5977
1476,5914,6043,6206,6387,4969,5244,5916,5865,5528,6129,6136,6449,5817,5994,6109,6193,6020,5903,5976,5481,5034,5764,5938,5900,6228,5996,6015,5360,6225,4678,6072,6038,6268,6065,6163,6162,5232,6048,6310,6085,4439,6038,5667,6286,5825,6014,5856,5602,5495,6278,6402,6451,6312,4953,5938,5874,6115,6180,5692,6236,5685,6024,6139,5795,5835,6295,6291,5970,6019,6139,5596,6261,6356,4482,6366,4757,5730,5790,6170,6347,5966,6107,5695,5686,5985,4370,6294,5855,5152,6124,5555,5914,5880,6371,5838,5985
1477,5922,6050,6213,6392,4982,5252,5923,5882,5543,6144,6144,6456,5828,6004,6118,6199,6024,5913,5988,5494,5044,5769,5950,5908,6237,6001,6021,5372,6229,4689,6082,6045,6276,6072,6175,6170,5243,6059,6317,6091,4450,6047,5680,6296,5839,6019,5876,5610,5505,6282,6406,6458,6313,4963,5955,5878,6128,6187,5697,6243,5694,6033,6151,5808,5851,6298,6301,5982,6026,6151,5608,6269,6366,4498,6370,4770,5743,5801,6183,6357,5979,6118,5704,5698,5999,4379,6302,5864,5169,6132,5563,5919,5890,6379,5851,5997
1478,5925,6062,6229,6407,4993,5257,5926,5892,5556,6158,6159,6461,5840,6016,6122,6206,6036,5921,5999,5503,5051,5775,5960,5920,6247,6011,6029,5385,6239,4704,6093,6052,6290,6078,6192,6180,5252,6070,6321,6105,4464,6057,5691,6305,5855,6034,5881,5621,5519,6288,6414,6465,6320,4973,5966,5887,6138,6198,5708,6255,5706,6044,6161,5817,5864,6314,6308,5993,6032,6162,5615,6277,6373,4512,6380,4778,5754,5812,6194,6364,5986,6132,5714,5703,6010,4393,6312,5873,5185,6146,5572,5924,5896,6383,5860,6007
1479,5932,6073,6239,6416,5007,5268,5935,5900,5562,6168,6167,6469,5848,6026,6131,6213,6047,5926,6010,5513,5064,5791,5972,5929,6250,6016,6036,5400,6246,4715,6101,6065,6299,6093,6204,6192,5270,6078,6326,6125,4478,6072,5699,6316,5866,6051,5892,5633,5530,6296,6417,6476,6330,4985,5981,5902,6148,6209,5713,6261,5715,6058,6174,5830,5876,6321,6318,6000,6047,6172,5629,6287,6382,4524,6390,4797,5769,5821,6202,6375,5996,6140,5727,5717,6024,4404,6324,5885,5198,6154,5584,5933,5908,6391,5873,6018
1480,5944,6080,6247,6422,5017,5278,5955,5907,5571,6177,6176,6481,5862,6036,6143,6218,6053,5935,6018,5525,5075,5804,5980,5940,6261,6023,6051,5408,6257,4720,6110,6073,6310,6103,6216,6206,5284,6087,6337,6134,4487,6082,5704,6320,5874,6059,5904,5646,5546,6303,6423,6485,6336,4999,5994,5913,6157,6214,5728,6270,5723,6064,6182,5845,5891,6332,6327,6014,6058,6175,5638,6296,6393,4534,6396,4814,5775,5833,6208,6382,6007,6159,5739,5732,6039,4416,6330,5892,5210,6164,5592,5949,5915,6397,5883,6029
1481,5952,6089,6260,6429,5032,5287,5962,5922,5582,6183,6184,6488,5875,6048,6154,6225,6062,5943,6033,5533,5092,5811,5986,5946,6270,6028,6063,5421,6265,4738,6116,6081,6317,6110,6224,6218,5302,6099,6350,6140,4503,6093,5714,6327,5887,6071,5918,5659,5555,6306,6427,6494,6345,5017,6004,5927,6165,6222,5740,6284,5735,6067,6192,5852,5898,6344,6332,6025,6070,6183,5649,6303,6397,4546,6403,4821,5785,5845,6209,6388,6024,6179,5753,5736,6049,4428,6335,5906,5223,6174,5604,5963,5920,6401,5891,6036
1482,5961,6110,6263,6433,5047,5295,5974,5932,5590,6194,6200,6498,5884,6067,6162,6234,6080,5957,6044,5539,5106,5822,5999,5956,6280,6038,6070,5434,6275,4754,6123,6083,6323,6120,6233,6229,5315,6108,6360,6152,4516,6104,5725,6330,5894,6078,5930,5672,5565,6312,6440,6502,6350,5036,6011,5937,6172,6236,5753,6295,5748,6072,6202,5858,5905,6358,6340,6043,6077,6191,5666,6313,6403,4559,6411,4838,5793,5860,6219,6399,6037,6190,5761,5751,6060,4440,6344,5919,5234,6185,5614,5978,5932,6405,5897,6044
1483,5973,6120,6269,6439,5061,5308,5979,5941,5601,6204,6206,6507,5891,6075,6170,6246,6096,5972,6050,5547,5122,5834,6015,5965,6291,6055,6083,5451,6283,4766,6135,6095,6336,6130,6252,6245,5329,6116,6374,6159,4523,6111,5736,6338,5896,6089,5940,5682,5576,6321,6444,6509,6356,5047,6017,5945,6186,6244,5763,6303,5759,6090,6210,5864,5923,6369,6343,6053,6081,6201,5671,6323,6410,4568,6419,4853,5805,5871,6229,6406,6047,6200,5770,5761,6069,4454,6357,5935,5244,6193,5626,5990,5944,6410,5904,6053
1484,5988,6134,6276,6447,5071,5317,5988,5953,5615,6216,6217,6518,5899,6078,6182,6252,6105,5982,6062,5561,5134,5855,6028,5975,6300,6063,6086,5460,6291,4777,6144,6108,6345,6140,6258,6250,5336,6128,6381,6167,4536,6121,5747,6343,5912,6108,5950,5695,5591,6331,6450,6518,6362,5061,6028,5952,6194,6254,5770,6307,5766,6102,6219,5878,5934,6378,6351,6068,6091,6211,5678,6333,6418,4577,6431,4864,5814,5881,6234,6413,6054,6209,5777,5772,6079,4466,6366,5945,5258,6202,5635,6004,5952,6416,5921,6059
1485,5998,6150,6286,6459,5089,5329,5998,5960,5627,6224,6225,6524,5908,6096,6194,6260,6114,5989,6067,5571,5150,5869,6040,5983,6302,6073,6098,5480,6299,4788,6148,6118,6353,6147,6267,6260,5351,6139,6389,6173,4550,6133,5755,6351,5925,6122,5961,5700,5607,6339,6461,6525,6371,5069,6041,5957,6204,6269,5776,6316,5774,6112,6231,5885,5949,6388,6360,6075,6100,6229,5688,6341,6427,4589,6440,4876,5824,5892,6244,6426,6067,6221,5795,5778,6094,4478,6375,5960,5277,6205,5645,6014,5964,6421,5929,6070
1486,6006,6163,6292,6468,5098,5345,6009,5968,5643,6232,6238,6535,5913,6107,6200,6264,6126,6006,6075,5584,5160,5876,6049,5993,6310,6078,6114,5488,6309,4800,6156,6131,6361,6155,6282,6266,5360,6148,6398,6181,4559,6144,5772,6353,5934,6140,5975,5712,5614,6347,6464,6537,6377,5083,6047,5968,6220,6280,5787,6325,5783,6123,6242,5898,5967,6392,6371,6080,6108,6240,5697,6345,6437,4598,6446,4890,5835,5897,6251,6436,6082,6230,5803,5786,6104,4494,6378,5973,5290,6215,5654,6020,5974,6427,5941,6084
1487,6029,6174,6303,6471,5111,5357,6016,5975,5654,6239,6251,6542,5925,6119,6206,6272,6142,6016,6085,5592,5172,5886,6064,6008,6321,6086,6121,5506,6316,4810,6161,6139,6366,6160,6291,6274,5376,6158,6407,6193,4574,6152,5784,6361,5944,6152,5981,5723,5623,6354,6469,6548,6383,5095,6061,5977,6230,6283,5799,6335,5797,6131,6248,5913,5978,6396,6383,6096,6119,6257,5702,6354,6442,4608,6452,4897,5845,5907,6258,6442,6088,6241,5811,5796,6116,4508,6389,5981,5304,6225,5667,6031,5990,6432,5956,6096
1488,6044,6185,6309,6477,5127,5365,6027,5987,5662,6243,6266,6554,5933,6128,6214,6283,6149,6028,6101,5600,5186,5896,6076,6018,6331,6097,6128,5520,6325,4822,6171,6152,6374,6171,6303,6281,5385,6167,6414,6206,4584,6171,5788,6367,5948,6163,5992,5730,5635,6361,6477,6559,6389,5103,6065,5991,6238,6289,5809,6346,5806,6139,6258,5916,5988,6403,6394,6104,6125,6270,5720,6360,6451,4623,6461,4907,5857,5922,6270,6447,6105,6250,5820,5804,6128,4523,6397,5994,5318,6235,5680,6042,6000,6439,5968,6113
1489,6047,6199,6314,6487,5139,5381,6033,5995,5667,6249,6275,6561,5945,6139,6232,6291,6162,6040,6109,5608,5197,5904,6091,6025,6339,6106,6138,5532,6333,4840,6180,6162,6380,6180,6309,6286,5396,6171,6420,6212,4598,6179,5797,6376,5959,6173,6000,5740,5646,6373,6483,6564,6398,5108,6074,6005,6246,6295,5818,6352,5816,6150,6271,5931,5993,6412,6408,6116,6129,6274,5729,6364,6457,4640,6470,4922,5868,5934,6278,6458,6115,6260,5830,5813,6142,4535,6405,6000,5331,6249,5691,6053,6012,6445,5983,6126
1490,6056,6207,6322,6497,5149,5399,6042,6004,5680,6257,6288,6570,5955,6147,6238,6301,6176,6052,6124,5617,5208,5912,6100,6031,6355,6115,6151,5544,6339,4854,6186,6170,6383,6191,6319,6293,5407,6180,6430,6222,4613,6188,5809,6386,5975,6182,6010,5751,5657,6378,6487,6574,6404,5122,6088,6016,6255,6307,5829,6362,5823,6159,6279,5938,6007,6416,6419,6129,6141,6280,5743,6371,6465,4655,6476,4929,5877,5946,6287,6463,6126,6274,5844,5823,6159,4548,6414,6009,5344,6257,5705,6068,6024,6449,5996,6132
1491,6068,6220,6330,6505,5170,5412,6053,6019,5690,6267,6299,6575,5964,6157,6248,6307,6190,6062,6135,5630,5218,5929,6107,6042,6362,6130,6162,5552,6353,4863,6194,6178,6391,6201,6326,6299,5419,6189,6434,6234,4623,6201,5820,6399,5989,6190,6019,5760,5665,6386,6495,6582,6412,5128,6102,6029,6268,6317,5837,6369,5840,6167,6290,5947,6018,6423,6422,6141,6148,6284,5753,6377,6477,4668,6487,4937,5892,5957,6291,6467,6133,6283,5849,5832,6164,4566,6426,6020,5357,6264,5716,6075,6032,6456,6010,6137
1492,6074,6227,6335,6516,5181,5427,6066,6028,5701,6272,6306,6580,5975,6164,6260,6315,6198,6077,6152,5646,5228,5940,6118,6044,6368,6138,6170,5566,6364,4882,6202,6186,6397,6211,6332,6307,5433,6196,6447,6244,4640,6211,5830,6408,6000,6198,6024,5769,5682,6395,6502,6592,6422,5141,6110,6037,6277,6326,5845,6378,5845,6177,6300,5953,6031,6433,6428,6153,6157,6294,5764,6384,6487,4679,6491,4945,5901,5968,6305,6480,6140,6295,5857,5847,6180,4578,6433,6033,5372,6274,5732,6088,6043,6462,6021,6145
1493,6086,6236,6351,6525,5187,5438,6079,6044,5717,6281,6318,6583,5989,6178,6272,6326,6207,6087,6160,5663,5239,5951,6127,6052,6385,6149,6182,5582,6374,4893,6214,6199,6404,6219,6342,6319,5452,6205,6452,6250,4653,6223,5841,6418,6011,6207,6036,5777,5697,6406,6507,6598,6431,5152,6115,6047,6284,6337,5859,6387,5858,6179,6314,5958,6044,6440,6438,6164,6165,6296,5771,6388,6493,4684,6504,4964,5913,5978,6328,6488,6148,6302,5867,5860,6190,4593,6444,6038,5382,6283,5742,6105,6053,6468,6031,6154
1494,6091,6245,6363,6530,5198,5448,6093,6050,5729,6291,6325,6589,6000,6183,6285,6338,6219,6095,6172,5676,5254,5962,6143,6055,6392,6154,6186,5588,6389,4908,6220,6207,6415,6225,6352,6329,5466,6218,6457,6259,4664,6229,5848,6423,6026,6214,6042,5790,5709,6410,6515,6606,6440,5166,6124,6056,6295,6349,5864,6396,5870,6190,6320,5964,6060,6448,6448,6171,6172,6305,5779,6395,6499,4699,6511,4974,5922,5993,6336,6499,6160,6313,5878,5868,6203,4599,6455,6048,5395,6291,5752,6122,6065,6473,6040,6165
1495,6098,6256,6368,6536,5211,5455,6106,6065,5741,6302,6336,6595,6009,6191,6296,6346,6227,6111,6183,5687,5263,5980,6155,6062,6404,6164,6191,5603,6397,4917,6231,6216,6426,6236,6359,6337,5476,6232,6464,6269,4676,6237,5859,6428,6043,6224,6054,5794,5716,6417,6518,6615,6452,5181,6140,6065,6305,6358,5874,6407,5882,6202,6334,5973,6069,6454,6455,6187,6184,6316,5792,6402,6507,4709,6521,4989,5928,6011,6346,6511,6169,6327,5890,5882,6211,4606,6464,6054,5408,6299,5764,6132,6073,6478,6049,6178
1496,6112,6268,6380,6540,5224,5469,6117,6080,5754,6312,6347,6604,6025,6202,6304,6356,6232,6119,6193,5695,5276,5987,6166,6076,6414,6171,6203,5616,6404,4931,6235,6225,6436,6244,6371,6342,5485,6243,6474,6277,4687,6244,5870,6439,6053,6230,6061,5806,5724,6422,6523,6621,6462,5195,6147,6077,6314,6366,5885,6413,5886,6213,6345,5987,6077,6468,6460,6194,6192,6325,5805,6403,6510,4722,6529,4997,5933,6030,6353,6518,6183,6333,5901,5891,6221,4615,6469,6060,5420,6307,5777,6146,6083,6482,6057,6188
1497,6123,6286,6393,6549,5237,5475,6124,6088,5764,6322,6358,6608,6036,6215,6309,6367,6236,6127,6207,5698,5281,5998,6175,6085,6426,6181,6208,5629,6420,4946,6243,6234,6442,6253,6382,6351,5501,6257,6483,6284,4702,6252,5880,6446,6069,6238,6071,5822,5740,6431,6531,6627,6471,5205,6155,6079,6328,6377,5896,6424,5894,6223,6355,5994,6079,6479,6470,6207,6199,6333,5818,6408,6518,4736,6538,5003,5944,6039,6359,6525,6193,6352,5910,5904,6233,4624,6476,6069,5433,6315,5793,6156,6087,6484,6065,6202
1498,6136,6302,6399,6557,5246,5483,6138,6091,5773,6333,6369,6616,6049,6223,6322,6373,6250,6145,6213,5703,5293,6013,6183,6091,6433,6186,6214,5637,6437,4966,6251,6243,6454,6266,6393,6362,5511,6264,6491,6294,4715,6258,5888,6450,6077,6251,6076,5831,5750,6442,6536,6635,6481,5217,6164,6086,6338,6382,5911,6432,5904,6233,6362,6006,6092,6490,6481,6220,6206,6340,5826,6412,6528,4753,6544,5019,5952,6053,6368,6537,6204,6366,5923,5909,6240,4638,6485,6077,5445,6320,5801,6162,6099,6490,6079,6210
1499,6145,6310,6406,6566,5258,5492,6148,6104,5784,6351,6375,6621,6063,6230,6329,6385,6261,6155,6225,5715,5305,6022,6192,6099,6440,6200,6224,5647,6446,4976,6257,6253,6465,6281,6409,6367,5525,6270,6500,6300,4723,6262,5900,6459,6089,6260,6084,5842,5764,6452,6538,6642,6493,5227,6173,6093,6342,6389,5923,6439,5915,6243,6373,6015,6102,6499,6494,6235,6214,6345,5835,6419,6543,4766,6549,5035,5959,6062,6376,6544,6213,6376,5935,5922,6247,4659,6494,6093,5458,6331,5808,6174,6106,6495,6089,6225
1500,6154,6328,6416,6573,5273,5499,6155,6118,5797,6357,6386,6627,6081,6239,6341,6401,6267,6158,6241,5727,5319,6035,6199,6116,6448,6209,6238,5657,6452,4992,6265,6264,6476,6290,6420,6375,5539,6282,6511,6305,4731,6272,5913,6465,6097,6274,6090,5849,5776,6467,6543,6648,6504,5244,6179,6102,6353,6401,5936,6449,5924,6253,6388,6027,6119,6506,6501,6245,6225,6361,5844,6425,6551,4784,6559,5047,5967,6071,6387,6548,6224,6384,5950,5932,6254,4668,6499,6101,5467,6336,5821,6187,6117,6501,6104,6236
1501,6171,6341,6428,6578,5282,5513,6167,6127,5812,6367,6390,6636,6090,6250,6351,6413,6276,6168,6250,5736,5330,6043,6211,6125,6456,6219,6247,5669,6460,5005,6270,6273,6486,6303,6429,6380,5549,6293,6520,6314,4744,6278,5923,6478,6101,6284,6100,5862,5791,6473,6546,6658,6518,5259,6192,6115,6363,6411,5944,6459,5933,6266,6394,6039,6124,6517,6506,6255,6232,6372,5859,6432,6564,4795,6565,5060,5982,6078,6398,6557,6231,6391,5961,5943,6264,4681,6515,6117,5476,6343,5832,6197,6125,6506,6112,6243
1502,6179,6354,6439,6588,5294,5522,6176,6135,5819,6374,6407,6650,6098,6258,6362,6421,6280,6178,6263,5744,5341,6055,6222,6142,6465,6223,6258,5676,6469,5019,6281,6280,6494,6310,6439,6392,5559,6300,6532,6326,4753,6288,5932,6484,6111,6300,6108,5876,5802,6482,6552,6667,6526,5271,6200,6123,6365,6417,5948,6462,5943,6273,6400,6050,6133,6526,6512,6265,6241,6381,5866,6443,6571,4803,6573,5066,5996,6085,6404,6567,6239,6398,5972,5955,6277,4701,6521,6127,5486,6352,5842,6204,6135,6508,6126,6258
1503,6193,6361,6449,6591,5312,5529,6185,6144,5832,6381,6415,6656,6110,6266,6368,6427,6289,6187,6273,5752,5352,6064,6233,6157,6470,6232,6265,5684,6473,5034,6289,6295,6503,6318,6446,6406,5573,6313,6540,6343,4771,6299,5938,6493,6126,6312,6114,5884,5813,6490,6557,6674,6533,5282,6209,6133,6374,6422,5960,6465,5951,6284,6411,6060,6145,6537,6523,6281,6249,6387,5873,6449,6580,4822,6579,5079,6009,6094,6408,6579,6248,6407,5980,5964,6285,4712,6530,6139,5503,6358,5853,6211,6149,6518,6136,6265
1504,6204,6370,6456,6598,5323,5540,6201,6152,5843,6390,6423,6663,6118,6276,6383,6435,6301,6198,6284,5766,5368,6081,6240,6170,6476,6243,6271,5692,6485,5047,6293,6307,6511,6325,6454,6414,5587,6323,6550,6350,4788,6309,5946,6502,6137,6322,6123,5897,5823,6497,6563,6678,6541,5297,6219,6142,6383,6428,5969,6473,5960,6296,6417,6074,6158,6544,6535,6294,6263,6397,5887,6453,6588,4830,6588,5089,6022,6100,6417,6590,6264,6417,5994,5981,6297,4724,6539,6151,5517,6368,5867,6227,6162,6525,6144,6279
1505,6218,6384,6468,6602,5332,5549,6212,6164,5857,6403,6432,6665,6124,6289,6393,6441,6310,6210,6291,5780,5377,6093,6251,6184,6486,6252,6278,5706,6494,5066,6306,6313,6521,6333,6464,6427,5594,6336,6559,6363,4804,6318,5960,6510,6147,6332,6135,5908,5836,6508,6567,6684,6545,5309,6226,6157,6392,6440,5981,6478,5967,6305,6436,6092,6168,6549,6544,6303,6267,6405,5898,6463,6597,4836,6597,5102,6031,6115,6423,6598,6274,6433,6010,5996,6311,4737,6544,6167,5532,6378,5883,6237,6177,6531,6157,6289
1506,6230,6397,6479,6608,5341,5557,6227,6175,5870,6414,6438,6670,6130,6299,6403,6452,6319,6217,6302,5798,5396,6102,6263,6195,6497,6265,6287,5714,6501,5081,6311,6324,6524,6346,6477,6434,5606,6342,6560,6372,4810,6327,5974,6523,6160,6343,6142,5918,5846,6515,6570,6687,6555,5319,6239,6165,6405,6446,5993,6490,5976,6313,6442,6106,6178,6555,6554,6315,6279,6416,5907,6471,6608,4852,6606,5117,6046,6122,6440,6606,6286,6438,6015,6007,6319,4745,6552,6181,5540,6384,5900,6243,6185,6535,6167,6297
1507,6241,6407,6486,6617,5352,5567,6240,6184,5885,6422,6448,6678,6140,6305,6409,6462,6332,6225,6310,5813,5408,6114,6272,6206,6503,6272,6294,5722,6510,5095,6320,6333,6530,6353,6483,6447,5615,6353,6570,6384,4824,6334,5985,6537,6173,6357,6152,5932,5852,6526,6575,6689,6564,5332,6251,6175,6413,6457,6002,6498,5984,6324,6455,6127,6186,6569,6563,6321,6290,6432,5920,6476,6614,4859,6615,5126,6060,6129,6447,6609,6289,6449,6022,6017,6322,4757,6560,6195,5549,6396,5913,6258,6193,6544,6183,6306
1508,6252,6417,6498,6621,5368,5580,6247,6193,5894,6437,6461,6680,6151,6319,6416,6467,6337,6232,6319,5823,5417,6124,6279,6218,6513,6276,6300,5732,6516,5110,6327,6342,6541,6356,6491,6457,5631,6363,6582,6395,4837,6344,5999,6545,6181,6364,6167,5944,5867,6528,6582,6698,6574,5346,6259,6187,6422,6468,6018,6509,5989,6333,6469,6138,6199,6574,6566,6331,6302,6445,5932,6485,6620,4873,6624,5137,6070,6140,6454,6617,6298,6460,6028,6034,6329,4777,6567,6206,5558,6404,5926,6268,6206,6549,6196,6315
1509,6263,6421,6500,6627,5375,5594,6252,6199,5905,6452,6474,6692,6166,6328,6429,6477,6352,6238,6324,5833,5434,6133,6292,6232,6527,6290,6309,5740,6530,5115,6337,6358,6550,6366,6497,6466,5634,6368,6592,6403,4853,6352,6008,6554,6189,6368,6178,5961,5880,6536,6588,6704,6591,5366,6268,6192,6428,6478,6027,6519,6005,6337,6474,6148,6210,6585,6580,6341,6309,6452,5944,6490,6628,4897,6628,5152,6085,6149,6461,6628,6306,6468,6037,6048,6343,4794,6571,6219,5568,6416,5938,6276,6215,6551,6205,6320
1510,6270,6430,6510,6633,5381,5605,6260,6214,5917,6459,6481,6697,6173,6340,6441,6484,6364,6251,6331,5851,5453,6140,6306,6240,6539,6300,6318,5752,6538,5134,6340,6364,6560,6376,6513,6475,5648,6382,6602,6413,4866,6365,6019,6564,6195,6376,6187,5968,5893,6547,6597,6712,6601,5373,6282,6202,6434,6487,6035,6526,6016,6343,6482,6160,6218,6598,6587,6355,6319,6457,5952,6499,6637,4907,6636,5165,6098,6162,6470,6631,6311,6479,6045,6055,6349,4811,6579,6230,5582,6419,5952,6281,6224,6556,6216,6327
1511,6284,6440,6519,6644,5391,5611,6273,6224,5930,6470,6488,6702,6186,6351,6452,6491,6375,6259,6340,5863,5464,6151,6314,6248,6547,6313,6328,5769,6545,5140,6349,6374,6569,6383,6520,6481,5659,6389,6611,6419,4880,6380,6029,6577,6209,6383,6194,5975,5908,6557,6602,6721,6610,5379,6296,6207,6439,6492,6045,6536,6023,6353,6488,6174,6231,6606,6599,6363,6330,6463,5963,6506,6643,4922,6648,5181,6107,6175,6477,6640,6318,6487,6054,6069,6356,4827,6585,6242,5592,6428,5958,6289,6238,6565,6226,6338
1512,6293,6451,6532,6649,5404,5617,6279,6227,5946,6487,6502,6710,6197,6361,6457,6500,6384,6272,6350,5877,5474,6159,6322,6260,6556,6322,6341,5776,6559,5149,6362,6384,6580,6397,6530,6490,5675,6399,6619,6432,4888,6391,6040,6583,6222,6401,6208,5984,5917,6564,6610,6730,6614,5391,6307,6214,6450,6501,6055,6544,6032,6362,6502,6186,6247,6609,6609,6372,6340,6469,5979,6513,6646,4942,6653,5203,6120,6190,6489,6647,6326,6499,6068,6081,6366,4841,6591,6252,5603,6437,5971,6290,6247,6567,6239,6345
1513,6300,6457,6540,6659,5416,5626,6285,6237,5956,6494,6509,6721,6204,6372,6471,6509,6390,6286,6359,5889,5489,6170,6330,6271,6560,6331,6351,5787,6566,5166,6374,6398,6584,6404,6538,6496,5688,6405,6636,6442,4900,6400,6054,6596,6236,6414,6220,6003,5930,6569,6619,6735,6623,5402,6319,6226,6461,6515,6064,6549,6044,6369,6505,6196,6255,6616,6618,6383,6349,6476,5982,6517,6650,4954,6659,5207,6127,6200,6497,6651,6339,6509,6080,6089,6373,4847,6600,6264,5615,6449,5982,6300,6267,6573,6246,6354
1514,6310,6468,6544,6668,5424,5643,6295,6247,5962,6498,6515,6731,6216,6380,6481,6521,6399,6294,6366,5898,5496,6176,6337,6278,6569,6342,6361,5794,6575,5178,6378,6407,6590,6416,6548,6502,5697,6412,6646,6452,4916,6412,6057,6607,6247,6422,6227,6014,5941,6576,6625,6739,6628,5413,6326,6235,6472,6524,6079,6558,6048,6377,6515,6213,6265,6624,6626,6389,6355,6486,5990,6521,6658,4968,6669,5222,6139,6212,6509,6662,6355,6518,6089,6098,6384,4858,6610,6276,5632,6456,6003,6312,6275,6578,6256,6360
1515,6323,6473,6554,6678,5436,5656,6302,6258,5971,6508,6523,6741,6226,6389,6486,6529,6408,6304,6380,5908,5504,6182,6345,6286,6578,6350,6375,5798,6589,5187,6383,6417,6601,6424,6558,6506,5706,6423,6656,6458,4924,6418,6063,6608,6257,6430,6234,6027,5954,6580,6633,6748,6638,5424,6339,6239,6475,6534,6091,6563,6060,6382,6526,6223,6270,6635,6636,6407,6362,6491,6001,6525,6667,4984,6673,5240,6148,6220,6517,6666,6371,6527,6100,6107,6388,4868,6622,6281,5638,6468,6012,6318,6286,6581,6269,6372
1516,6337,6487,6563,6689,5456,5673,6313,6263,5984,6518,6532,6748,6236,6402,6492,6541,6417,6308,6390,5920,5516,6189,6354,6294,6586,6356,6379,5810,6594,5196,6390,6427,6609,6430,6574,6515,5718,6431,6662,6467,4932,6427,6070,6616,6272,6440,6246,6035,5962,6589,6638,6759,6646,5438,6346,6250,6486,6543,6099,6572,6066,6389,6539,6233,6280,6640,6640,6420,6371,6498,6010,6531,6675,4996,6685,5252,6169,6229,6522,6668,6378,6541,6110,6115,6393,4880,6628,6290,5653,6471,6022,6325,6294,6589,6282,6379
1517,6342,6499,6571,6692,5471,5680,6328,6271,5994,6527,6545,6759,6244,6411,6504,6551,6426,6317,6408,5929,5524,6199,6363,6304,6595,6365,6391,5821,6608,5204,6397,6435,6621,6440,6582,6518,5731,6438,6666,6487,4945,6436,6078,6627,6287,6446,6252,6046,5978,6599,6644,6767,6653,5445,6358,6258,6495,6554,6112,6578,6075,6402,6548,6240,6288,6646,6650,6427,6379,6509,6020,6547,6683,5008,6694,5258,6179,6241,6533,6673,6392,6548,6122,6127,6403,4892,6635,6297,5664,6478,6041,6337,6303,6593,6289,6392
1518,6354,6511,6580,6704,5491,5692,6334,6280,6004,6536,6553,6774,6258,6422,6509,6565,6435,6328,6420,5935,5533,6210,6371,6316,6604,6374,6397,5836,6617,5213,6402,6445,6633,6456,6591,6526,5742,6447,6675,6501,4957,6444,6091,6636,6300,6454,6259,6052,5993,6611,6649,6771,6657,5460,6369,6265,6502,6558,6124,6587,6081,6414,6554,6247,6298,6652,6657,6441,6390,6524,6028,6552,6689,5021,6701,5269,6190,6250,6541,6681,6404,6556,6135,6138,6413,4910,6641,6302,5671,6488,6050,6349,6317,6599,6298,6406
1519,6369,6520,6590,6712,5505,5704,6348,6294,6020,6543,6556,6780,6273,6426,6522,6578,6438,6336,6430,5944,5554,6218,6381,6327,6614,6387,6408,5847,6622,5232,6409,6456,6641,6465,6602,6538,5749,6456,6679,6513,4968,6447,6104,6644,6312,6463,6263,6069,6006,6616,6657,6780,6662,5479,6379,6271,6512,6565,6133,6594,6089,6422,6564,6258,6314,6658,6665,6450,6399,6534,6038,6556,6692,5031,6709,5278,6201,6257,6556,6688,6411,6562,6142,6144,6423,4918,6654,6312,5681,6499,6064,6359,6330,6604,6317,6415
1520,6382,6527,6601,6721,5513,5719,6356,6304,6028,6548,6562,6792,6281,6435,6531,6584,6447,6350,6440,5957,5569,6223,6392,6338,6620,6401,6417,5854,6632,5244,6422,6466,6645,6477,6611,6543,5760,6463,6682,6519,4978,6454,6118,6656,6321,6471,6274,6077,6012,6622,6660,6785,6672,5491,6389,6280,6523,6574,6141,6604,6100,6425,6578,6267,6323,6665,6670,6461,6417,6546,6043,6565,6701,5040,6713,5287,6212,6269,6565,6695,6417,6569,6148,6161,6431,4930,6662,6321,5699,6506,6077,6371,6340,6606,6329,6427
1521,6392,6537,6609,6727,5533,5727,6365,6306,6036,6556,6570,6796,6292,6445,6543,6595,6457,6361,6448,5973,5583,6237,6404,6346,6627,6409,6428,5868,6643,5258,6427,6476,6652,6487,6624,6553,5775,6471,6688,6529,4996,6459,6130,6666,6334,6481,6280,6089,6028,6630,6664,6795,6683,5500,6399,6289,6534,6581,6151,6615,6112,6436,6588,6280,6333,6675,6677,6466,6430,6556,6053,6577,6711,5060,6719,5303,6221,6280,6570,6709,6428,6576,6156,6180,6436,4947,6671,6332,5706,6517,6087,6379,6346,6609,6339,6435
1522,6401,6552,6614,6736,5541,5741,6374,6315,6047,6566,6578,6803,6302,6457,6550,6607,6466,6371,6459,5983,5600,6247,6413,6354,6637,6422,6439,5883,6649,5269,6434,6486,6658,6494,6633,6565,5789,6482,6696,6540,5007,6466,6139,6674,6344,6493,6285,6101,6036,6638,6675,6800,6692,5507,6410,6297,6549,6588,6162,6624,6118,6443,6597,6290,6343,6682,6682,6475,6439,6566,6070,6583,6717,5066,6723,5317,6228,6291,6574,6716,6441,6586,6166,6182,6444,4960,6679,6345,5716,6533,6098,6387,6352,6612,6351,6444
1523,6405,6565,6622,6746,5553,5750,6387,6326,6058,6571,6586,6813,6312,6466,6565,6617,6481,6377,6467,5990,5608,6257,6424,6366,6644,6433,6453,5892,6655,5276,6441,6492,6663,6505,6649,6573,5799,6487,6700,6550,5020,6476,6147,6687,6351,6499,6296,6113,6050,6649,6681,6808,6698,5520,6415,6307,6553,6597,6167,6631,6127,6458,6605,6294,6354,6691,6687,6481,6451,6578,6084,6592,6724,5086,6727,5332,6239,6302,6584,6722,6455,6598,6176,6188,6449,4977,6693,6351,5734,6538,6107,6395,6362,6620,6366,6452
1524,6416,6580,6630,6756,5564,5762,6395,6334,6072,6579,6599,6822,6322,6475,6573,6627,6490,6387,6476,5998,5621,6268,6430,6376,6652,6441,6465,5902,6660,5294,6443,6509,6673,6513,6660,6584,5816,6506,6718,6560,5032,6482,6159,6691,6367,6504,6301,6128,6058,6656,6685,6818,6710,5533,6424,6312,6565,6609,6174,6643,6145,6473,6620,6303,6364,6697,6690,6489,6459,6587,6090,6599,6732,5097,6735,5346,6249,6309,6597,6728,6463,6608,6188,6196,6462,4997,6700,6362,5741,6546,6115,6406,6378,6626,6374,6464
1525,6423,6588,6635,6763,5573,5770,6408,6347,6089,6590,6606,6834,6331,6481,6583,6634,6498,6400,6487,6010,5631,6281,6440,6386,6662,6456,6475,5914,6667,5314,6448,6519,6679,6523,6670,6595,5829,6515,6723,6564,5049,6488,6164,6698,6376,6515,6312,6139,6063,6660,6692,6824,6720,5542,6427,6319,6573,6616,6183,6655,6157,6481,6625,6309,6375,6702,6697,6498,6473,6601,6099,6605,6740,5110,6746,5359,6258,6319,6604,6733,6478,6617,6199,6200,6469,5012,6707,6374,5762,6557,6122,6413,6383,6628,6387,6476
1526,6428,6595,6639,6771,5583,5778,6418,6357,6099,6597,6615,6838,6343,6484,6592,6644,6513,6409,6500,6017,5643,6292,6454,6401,6671,6465,6482,5922,6678,5326,6458,6524,6691,6528,6679,6600,5839,6538,6733,6572,5061,6499,6178,6705,6384,6526,6323,6157,6069,6671,6695,6829,6725,5550,6437,6329,6582,6623,6190,6664,6175,6494,6629,6323,6382,6706,6705,6509,6481,6611,6116,6614,6745,5120,6757,5366,6261,6324,6611,6745,6488,6628,6206,6215,6481,5022,6721,6381,5775,6571,6136,6420,6390,6637,6400,6482
1527,6439,6601,6644,6782,5597,5789,6434,6367,6109,6603,6621,6845,6358,6492,6599,6654,6518,6415,6504,6030,5660,6299,6461,6415,6681,6471,6488,5934,6685,5335,6469,6529,6695,6537,6683,6607,5855,6544,6739,6580,5072,6509,6183,6711,6392,6536,6333,6160,6083,6686,6701,6840,6735,5559,6446,6337,6592,6630,6200,6672,6184,6510,6638,6333,6388,6719,6719,6515,6490,6615,6130,6619,6757,5136,6766,5386,6270,6334,6621,6751,6496,6637,6216,6229,6492,5030,6727,6390,5788,6580,6142,6430,6400,6641,6411,6490
1528,6445,6615,6652,6787,5610,5809,6445,6374,6122,6611,6631,6854,6372,6507,6607,6661,6523,6425,6517,6039,5673,6311,6470,6426,6688,6477,6494,5947,6693,5350,6473,6545,6703,6550,6696,6612,5869,6552,6747,6588,5094,6516,6189,6719,6397,6543,6338,6169,6091,6691,6706,6845,6744,5572,6454,6346,6605,6634,6210,6682,6193,6515,6648,6347,6399,6730,6724,6527,6499,6625,6146,6627,6758,5152,6778,5399,6283,6347,6626,6757,6502,6648,6225,6236,6497,5043,6736,6398,5802,6589,6156,6442,6412,6647,6415,6497
1529,6454,6626,6656,6800,5621,5824,6459,6385,6138,6622,6639,6864,6376,6514,6619,6676,6537,6432,6532,6050,5687,6321,6480,6438,6702,6489,6508,5961,6701,5360,6478,6559,6714,6555,6704,6624,5881,6568,6747,6600,5106,6522,6202,6730,6405,6550,6343,6181,6102,6698,6715,6854,6749,5590,6461,6360,6618,6644,6219,6694,6205,6525,6660,6360,6410,6743,6731,6540,6508,6636,6153,6638,6766,5165,6786,5411,6296,6360,6630,6763,6518,6655,6229,6244,6507,5056,6747,6411,5807,6597,6163,6454,6424,6652,6422,6509
1530,6466,6632,6663,6807,5637,5838,6472,6399,6153,6633,6649,6875,6388,6523,6629,6684,6548,6444,6543,6062,5699,6330,6491,6449,6712,6497,6516,5970,6705,5373,6485,6569,6724,6566,6717,6631,5892,6575,6753,6607,5118,6532,6211,6737,6412,6559,6347,6193,6113,6709,6725,6860,6756,5598,6467,6368,6624,6653,6228,6702,6213,6533,6667,6368,6420,6755,6733,6547,6516,6641,6167,6644,6770,5177,6790,5430,6304,6371,6637,6770,6532,6662,6237,6263,6515,5069,6755,6419,5817,6604,6177,6464,6432,6657,6428,6514
1531,6478,6641,6671,6815,5647,5847,6483,6406,6167,6640,6650,6884,6401,6537,6632,6691,6559,6455,6553,6072,5713,6342,6500,6460,6722,6511,6523,5980,6719,5385,6491,6578,6731,6572,6722,6634,5908,6584,6760,6616,5128,6540,6223,6742,6421,6569,6355,6204,6129,6715,6732,6868,6767,5606,6474,6380,6632,6659,6243,6705,6226,6542,6674,6374,6428,6765,6741,6554,6526,6655,6182,6653,6777,5189,6795,5440,6310,6382,6644,6783,6545,6674,6245,6272,6528,5078,6763,6433,5829,6612,6193,6474,6440,6665,6434,6522
1532,6486,6654,6675,6821,5654,5858,6492,6417,6174,6646,6658,6888,6408,6540,6643,6700,6561,6466,6561,6085,5725,6351,6508,6463,6733,6520,6533,5985,6726,5398,6493,6584,6740,6579,6725,6642,5920,6595,6768,6622,5141,6553,6235,6750,6427,6581,6364,6221,6140,6720,6740,6877,6778,5616,6482,6387,6640,6664,6254,6712,6236,6550,6685,6384,6438,6771,6752,6561,6537,6659,6196,6658,6781,5196,6805,5448,6324,6391,6657,6797,6552,6681,6255,6281,6531,5085,6776,6441,5839,6624,6208,6487,6450,6679,6448,6527
1533,6497,6663,6684,6825,5660,5864,6502,6433,6187,6659,6662,6893,6416,6555,6651,6715,6571,6475,6571,6103,5740,6359,6523,6477,6739,6532,6543,5997,6733,5413,6503,6598,6751,6583,6737,6651,5937,6602,6777,6633,5151,6562,6246,6757,6440,6592,6370,6234,6148,6727,6742,6882,6786,5619,6488,6404,6652,6673,6266,6722,6247,6561,6693,6391,6451,6775,6763,6572,6546,6673,6209,6666,6792,5205,6811,5463,6330,6402,6661,6803,6560,6694,6262,6290,6538,5100,6784,6452,5845,6630,6224,6490,6462,6682,6456,6535
1534,6507,6675,6693,6835,5670,5876,6513,6437,6197,6668,6670,6903,6429,6563,6660,6725,6574,6485,6580,6113,5745,6371,6529,6481,6744,6540,6554,6009,6739,5426,6514,6610,6754,6595,6744,6660,5944,6618,6785,6639,5167,6571,6258,6764,6451,6601,6382,6240,6169,6740,6750,6891,6793,5635,6496,6411,6661,6680,6279,6735,6258,6565,6702,6397,6458,6787,6767,6581,6554,6691,6221,6676,6795,5220,6821,5475,6341,6409,6672,6807,6568,6701,6274,6299,6550,5116,6791,6462,5854,6637,6233,6503,6467,6686,6468,6542
1535,6517,6683,6703,6843,5682,5882,6528,6443,6208,6675,6680,6912,6436,6576,6669,6735,6584,6490,6593,6127,5755,6383,6539,6490,6753,6551,6565,6018,6750,5435,6521,6618,6757,6605,6750,6669,5960,6623,6791,6650,5180,6582,6267,6770,6462,6607,6392,6252,6183,6747,6756,6896,6802,5646,6509,6424,6670,6689,6292,6752,6262,6575,6710,6409,6468,6793,6777,6590,6561,6696,6236,6687,6804,5229,6828,5487,6347,6415,6682,6811,6582,6713,6281,6311,6560,5128,6803,6470,5863,6643,6243,6510,6473,6690,6477,6548
1536,6527,6694,6712,6855,5695,5892,6540,6450,6219,6680,6691,6920,6446,6588,6677,6741,6593,6498,6599,6137,5763,6392,6553,6499,6764,6557,6574,6026,6758,5446,6528,6625,6766,6612,6763,6676,5974,6630,6800,6658,5191,6589,6278,6782,6469,6615,6398,6263,6196,6753,6765,6907,6810,5661,6514,6435,6678,6695,6303,6756,6277,6586,6715,6416,6477,6806,6780,6600,6571,6708,6243,6692,6816,5236,6836,5501,6356,6420,6694,6814,6588,6728,6295,6325,6566,5144,6813,6480,5874,6646,6253,6524,6477,6697,6487,6553
1537,6543,6704,6721,6863,5708,5905,6546,6464,6227,6684,6697,6926,6459,6599,6686,6747,6604,6512,6606,6148,5775,6403,6567,6509,6773,6571,6582,6037,6764,5456,6531,6637,6778,6624,6768,6684,5984,6644,6808,6667,5203,6603,6286,6792,6475,6624,6407,6278,6205,6758,6767,6914,6822,5673,6531,6449,6689,6710,6315,6764,6291,6598,6721,6427,6487,6813,6785,6611,6578,6714,6252,6695,6819,5249,6841,5523,6366,6432,6707,6824,6597,6738,6301,6335,6573,5156,6826,6491,5880,6656,6262,6531,6487,6701,6492,6561
1538,6555,6716,6734,6867,5720,5911,6551,6472,6235,6692,6705,6931,6468,6611,6692,6758,6620,6525,6615,6160,5783,6407,6572,6521,6779,6575,6590,6043,6776,5471,6542,6650,6785,6631,6772,6689,6002,6656,6811,6676,5219,6612,6295,6800,6483,6633,6420,6283,6220,6762,6770,6922,6839,5689,6535,6455,6697,6719,6319,6769,6296,6611,6728,6439,6497,6817,6796,6616,6586,6722,6261,6698,6824,5259,6851,5530,6375,6435,6717,6827,6606,6756,6309,6340,6587,5175,6830,6499,5891,6669,6269,6537,6495,6710,6502,6571
1539,6568,6725,6737,6873,5740,5929,6557,6480,6251,6700,6714,6936,6475,6618,6702,6762,6630,6532,6630,6171,5793,6417,6580,6531,6789,6587,6600,6059,6784,5477,6551,6656,6791,6638,6781,6696,6016,6661,6817,6686,5228,6623,6305,6809,6492,6637,6430,6291,6232,6765,6772,6932,6849,5698,6545,6461,6706,6730,6332,6779,6305,6621,6739,6443,6504,6827,6804,6630,6592,6729,6274,6703,6830,5272,6857,5555,6384,6445,6721,6835,6611,6770,6318,6351,6599,5185,6835,6509,5904,6682,6277,6552,6504,6717,6512,6582
1540,6580,6731,6748,6878,5747,5940,6572,6488,6265,6710,6725,6946,6482,6633,6712,6770,6642,6543,6639,6176,5810,6427,6587,6547,6792,6597,6609,6066,6795,5484,6566,6667,6801,6646,6788,6706,6022,6674,6825,6697,5241,6631,6312,6819,6500,6644,6438,6303,6247,6777,6779,6940,6855,5715,6557,6471,6712,6735,6336,6786,6313,6630,6743,6447,6514,6839,6811,6638,6597,6745,6283,6710,6836,5285,6866,5564,6400,6459,6730,6842,6622,6780,6327,6363,6608,5199,6839,6517,5911,6694,6288,6555,6519,6720,6525,6587
1541,6590,6740,6751,6884,5758,5947,6578,6497,6275,6720,6737,6953,6498,6643,6727,6778,6651,6553,6649,6192,5820,6439,6597,6555,6800,6610,6626,6075,6807,5496,6573,6682,6811,6656,6796,6714,6030,6683,6833,6705,5259,6641,6322,6824,6507,6652,6447,6315,6255,6787,6789,6948,6863,5722,6566,6478,6716,6739,6345,6789,6323,6641,6755,6458,6520,6850,6815,6643,6606,6759,6289,6719,6846,5299,6875,5585,6413,6469,6734,6849,6631,6794,6336,6372,6615,5211,6846,6528,5923,6703,6300,6563,6528,6724,6541,6595
1542,6599,6746,6759,6893,5772,5957,6591,6510,6279,6725,6747,6958,6506,6656,6734,6789,6663,6560,6665,6197,5833,6448,6608,6566,6804,6620,6638,6091,6812,5517,6580,6697,6818,6666,6807,6722,6035,6691,6840,6718,5267,6655,6334,6829,6514,6659,6455,6326,6259,6799,6793,6954,6866,5730,6575,6486,6727,6743,6352,6795,6330,6653,6763,6463,6525,6859,6819,6650,6614,6766,6301,6722,6853,5313,6883,5598,6427,6480,6741,6852,6641,6808,6345,6387,6620,5221,6856,6535,5935,6715,6309,6568,6541,6728,6552,6602
1543,6608,6753,6766,6902,5787,5969,6598,6522,6289,6732,6759,6964,6515,6664,6747,6801,6676,6572,6670,6208,5845,6456,6618,6577,6813,6627,6653,6105,6819,5524,6587,6703,6826,6675,6812,6728,6044,6703,6848,6726,5273,6660,6346,6834,6528,6668,6461,6334,6267,6812,6798,6961,6871,5741,6587,6498,6734,6748,6360,6800,6339,6662,6767,6473,6538,6864,6826,6661,6619,6774,6306,6730,6859,5328,6894,5614,6439,6492,6744,6857,6646,6820,6358,6399,6633,5233,6862,6545,5943,6721,6317,6578,6555,6735,6562,6612
1544,6613,6759,6774,6910,5796,5978,6610,6538,6295,6739,6767,6973,6526,6672,6751,6811,6683,6580,6681,6218,5862,6474,6631,6590,6820,6636,6665,6111,6832,5536,6595,6712,6834,6683,6821,6737,6052,6710,6855,6733,5290,6671,6359,6844,6541,6676,6472,6351,6275,6823,6802,6966,6884,5746,6596,6510,6742,6757,6365,6805,6346,6674,6773,6482,6550,6870,6832,6670,6631,6791,6315,6742,6863,5344,6905,5623,6447,6505,6757,6862,6655,6828,6364,6410,6639,5240,6867,6557,5951,6729,6330,6584,6565,6742,6568,6622
1545,6619,6766,6782,6918,5809,5989,6617,6544,6306,6749,6779,6975,6532,6683,6755,6822,6692,6593,6692,6229,5878,6481,6641,6594,6826,6643,6674,6127,6838,5542,6606,6719,6845,6696,6830,6743,6071,6722,6860,6744,5304,6673,6371,6853,6549,6685,6476,6361,6291,6833,6808,6971,6892,5758,6605,6518,6754,6763,6372,6812,6359,6683,6781,6493,6557,6880,6837,6677,6639,6793,6329,6747,6869,5355,6910,5634,6452,6514,6765,6869,6661,6836,6373,6420,6656,5250,6876,6569,5960,6735,6333,6588,6571,6743,6582,6629
1546,6625,6779,6790,6928,5815,6001,6628,6557,6316,6758,6788,6979,6535,6687,6762,6830,6699,6602,6700,6234,5887,6493,6651,6603,6831,6647,6682,6135,6843,5558,6614,6728,6861,6704,6842,6752,6081,6734,6868,6753,5319,6683,6384,6861,6559,6694,6487,6374,6297,6840,6813,6976,6898,5778,6612,6526,6762,6766,6381,6819,6372,6691,6794,6500,6569,6894,6840,6684,6644,6797,6337,6755,6872,5371,6917,5648,6458,6524,6774,6877,6669,6842,6377,6432,6664,5264,6879,6582,5968,6740,6348,6597,6581,6749,6591,6639
1547,6636,6785,6801,6934,5823,6012,6633,6561,6328,6767,6799,6985,6541,6691,6768,6836,6712,6614,6708,6246,5903,6505,6663,6612,6842,6666,6688,6150,6853,5580,6622,6734,6866,6712,6852,6760,6088,6744,6873,6757,5336,6687,6395,6870,6566,6702,6497,6378,6311,6842,6813,6986,6902,5791,6622,6531,6774,6777,6389,6825,6379,6699,6801,6509,6576,6901,6847,6693,6649,6805,6344,6760,6881,5380,6921,5660,6469,6535,6778,6886,6677,6847,6391,6445,6672,5277,6886,6593,5979,6750,6354,6609,6589,6755,6602,6645
1548,6648,6799,6813,6935,5833,6028,6644,6570,6341,6771,6805,6993,6551,6698,6782,6843,6717,6622,6726,6250,5917,6519,6676,6619,6853,6678,6700,6159,6861,5590,6625,6739,6876,6719,6861,6772,6097,6754,6884,6763,5348,6698,6407,6877,6571,6705,6506,6384,6319,6852,6820,6991,6907,5801,6629,6538,6779,6785,6398,6832,6387,6708,6814,6517,6584,6909,6857,6700,6657,6816,6356,6765,6890,5386,6932,5669,6481,6544,6786,6888,6681,6851,6402,6459,6684,5298,6893,6598,5990,6762,6363,6618,6598,6757,6609,6656
1549,6655,6807,6822,6940,5839,6036,6653,6581,6352,6777,6815,6996,6565,6706,6787,6848,6727,6632,6734,6264,5924,6528,6687,6629,6860,6687,6707,6169,6870,5602,6632,6744,6884,6728,6865,6780,6113,6765,6895,6772,5360,6705,6420,6888,6583,6711,6514,6393,6324,6859,6823,6998,6918,5809,6640,6546,6789,6794,6408,6842,6397,6718,6823,6524,6593,6914,6866,6703,6665,6821,6368,6768,6894,5404,6940,5676,6495,6557,6792,6893,6687,6872,6414,6468,6694,5311,6897,6605,5996,6773,6372,6623,6606,6763,6615,6665
1550,6665,6815,6832,6945,5850,6043,6663,6591,6362,6785,6817,6998,6577,6713,6796,6859,6735,6643,6742,6273,5939,6539,6694,6639,6865,6692,6715,6180,6878,5615,6642,6758,6895,6733,6872,6791,6123,6771,6901,6780,5372,6715,6431,6899,6591,6720,6527,6406,6335,6870,6829,7004,6924,5819,6652,6558,6798,6803,6416,6851,6406,6725,6835,6535,6613,6924,6874,6712,6668,6831,6380,6775,6901,5422,6948,5683,6504,6567,6799,6899,6698,6882,6422,6476,6700,5319,6902,6613,6002,6783,6385,6626,6611,6768,6626,6671
1551,6674,6824,6839,6961,5860,6055,6673,6604,6371,6797,6827,7007,6588,6719,6805,6869,6743,6653,6751,6283,5955,6547,6704,6650,6876,6706,6721,6189,6888,5625,6648,6766,6904,6742,6887,6796,6135,6782,6906,6790,5388,6724,6441,6910,6604,6731,6543,6419,6346,6876,6836,7011,6931,5831,6659,6568,6806,6812,6430,6864,6412,6739,6843,6547,6623,6936,6884,6720,6676,6839,6387,6785,6911,5432,6959,5695,6512,6575,6808,6905,6706,6890,6428,6489,6708,5332,6908,6622,6010,6792,6403,6637,6620,6773,6635,6681
1552,6683,6832,6847,6964,5873,6059,6680,6612,6387,6803,6834,7013,6601,6732,6819,6878,6750,6663,6766,6299,5966,6550,6710,6658,6883,6712,6728,6199,6896,5635,6657,6774,6913,6748,6901,6807,6148,6797,6911,6799,5403,6730,6453,6922,6616,6739,6553,6432,6352,6881,6841,7015,6937,5845,6670,6573,6811,6823,6438,6870,6423,6756,6849,6554,6635,6946,6888,6726,6689,6840,6394,6789,6918,5444,6967,5706,6523,6584,6816,6913,6715,6902,6437,6499,6713,5342,6917,6631,6021,6803,6411,6648,6630,6781,6642,6691
1553,6695,6843,6858,6971,5887,6066,6688,6617,6394,6811,6839,7026,6607,6742,6828,6888,6756,6672,6774,6309,5974,6563,6718,6667,6889,6723,6738,6213,6907,5643,6663,6786,6919,6755,6911,6813,6158,6802,6915,6804,5416,6738,6461,6931,6630,6750,6561,6446,6358,6889,6844,7024,6951,5855,6681,6578,6817,6830,6449,6877,6431,6762,6860,6560,6644,6953,6894,6734,6694,6850,6405,6799,6921,5453,6979,5717,6532,6594,6819,6919,6720,6910,6445,6508,6718,5355,6926,6643,6030,6810,6415,6654,6637,6789,6648,6698
1554,6703,6855,6871,6973,5899,6076,6698,6628,6401,6817,6845,7030,6612,6753,6836,6891,6766,6676,6782,6316,5985,6570,6726,6682,6899,6732,6747,6228,6915,5652,6672,6794,6928,6768,6921,6826,6169,6814,6922,6812,5423,6753,6477,6942,6637,6756,6573,6453,6372,6898,6850,7034,6957,5864,6689,6592,6824,6837,6461,6885,6439,6773,6863,6566,6650,6961,6902,6742,6705,6856,6411,6800,6931,5468,6986,5733,6542,6602,6825,6927,6729,6922,6452,6522,6728,5375,6934,6652,6033,6816,6425,6659,6651,6797,6659,6706
1555,6713,6859,6880,6981,5906,6082,6706,6637,6411,6823,6855,7040,6621,6763,6845,6899,6774,6684,6788,6326,5996,6583,6732,6690,6907,6737,6755,6240,6919,5666,6682,6805,6932,6785,6927,6838,6176,6824,6934,6824,5433,6764,6486,6952,6647,6768,6584,6465,6383,6911,6857,7043,6967,5875,6697,6598,6829,6847,6470,6890,6446,6790,6869,6571,6657,6968,6912,6748,6719,6867,6426,6804,6941,5484,6994,5741,6550,6611,6834,6933,6739,6934,6463,6528,6745,5387,6943,6661,6043,6821,6432,6672,6659,6803,6666,6713
1556,6725,6867,6891,6986,5912,6087,6712,6651,6419,6832,6864,7048,6628,6772,6855,6905,6787,6696,6795,6341,6005,6589,6742,6704,6915,6744,6765,6247,6925,5678,6689,6818,6939,6790,6934,6848,6184,6829,6939,6834,5450,6775,6494,6959,6654,6774,6599,6472,6390,6923,6864,7048,6975,5887,6702,6606,6836,6857,6480,6899,6462,6798,6875,6576,6667,6978,6924,6764,6729,6879,6437,6812,6951,5494,6999,5752,6558,6620,6842,6938,6748,6939,6469,6539,6749,5395,6947,6675,6060,6828,6445,6680,6668,6807,6681,6726
1557,6732,6876,6901,6994,5918,6097,6722,6660,6428,6843,6871,7057,6639,6777,6863,6918,6798,6704,6807,6353,6024,6596,6748,6714,6922,6753,6776,6258,6935,5685,6693,6823,6945,6798,6945,6857,6198,6838,6944,6845,5462,6782,6506,6967,6667,6783,6610,6481,6398,6932,6869,7053,6982,5901,6712,6613,6844,6863,6494,6909,6470,6805,6881,6589,6676,6988,6930,6778,6736,6893,6449,6820,6960,5504,7001,5761,6569,6629,6847,6943,6757,6949,6474,6552,6756,5405,6955,6688,6072,6840,6455,6684,6675,6811,6687,6732
1558,6740,6882,6908,7004,5935,6112,6727,6667,6440,6858,6877,7062,6645,6786,6869,6925,6808,6716,6820,6371,6036,6607,6762,6717,6930,6762,6784,6265,6943,5695,6699,6832,6957,6809,6952,6865,6209,6852,6952,6854,5477,6789,6522,6975,6672,6793,6621,6489,6406,6942,6874,7064,6987,5911,6723,6619,6854,6875,6504,6916,6479,6812,6892,6594,6691,6992,6935,6793,6746,6901,6458,6829,6968,5513,7013,5776,6577,6636,6853,6954,6772,6962,6481,6563,6764,5414,6964,6695,6079,6848,6466,6696,6677,6817,6697,6741
1559,6751,6892,6912,7009,5947,6123,6734,6674,6450,6865,6886,7068,6655,6795,6882,6931,6815,6724,6829,6379,6051,6617,6772,6725,6934,6771,6792,6270,6955,5706,6709,6841,6966,6814,6959,6872,6225,6860,6957,6864,5489,6797,6531,6977,6681,6796,6627,6505,6417,6946,6879,7069,6995,5922,6736,6624,6862,6887,6514,6920,6495,6818,6899,6602,6700,7002,6944,6803,6756,6911,6468,6833,6977,5528,7022,5783,6585,6645,6861,6961,6780,6969,6492,6571,6774,5424,6971,6704,6088,6859,6475,6706,6692,6821,6705,6750
1560,6761,6896,6920,7013,5964,6136,6741,6686,6462,6875,6896,7074,6668,6807,6889,6938,6823,6733,6841,6387,6066,6628,6783,6740,6939,6779,6800,6280,6969,5725,6716,6853,6972,6826,6968,6881,6237,6869,6962,6876,5498,6801,6543,6986,6693,6801,6636,6521,6425,6954,6884,7075,7004,5932,6745,6637,6871,6895,6525,6931,6502,6835,6910,6613,6716,7007,6953,6812,6767,6917,6475,6838,6982,5540,7027,5794,6597,6657,6868,6965,6787,6977,6505,6581,6782,5429,6981,6721,6097,6869,6490,6710,6697,6824,6712,6763
1561,6773,6900,6929,7020,5978,6158,6756,6696,6476,6883,6901,7075,6674,6819,6894,6946,6835,6741,6850,6401,6075,6636,6791,6755,6950,6785,6806,6287,6977,5737,6722,6862,6978,6833,6975,6892,6246,6875,6969,6887,5507,6813,6554,6991,6702,6812,6643,6535,6437,6959,6893,7080,7011,5941,6755,6649,6886,6906,6538,6940,6511,6842,6919,6625,6728,7019,6959,6820,6771,6919,6483,6842,6989,5556,7037,5804,6612,6666,6876,6973,6796,6983,6511,6591,6791,5441,6989,6729,6103,6876,6503,6720,6706,6829,6722,6777
1562,6782,6908,6931,7026,5988,6169,6764,6704,6480,6896,6907,7081,6686,6827,6901,6957,6847,6746,6860,6406,6089,6645,6799,6760,6953,6790,6812,6296,6986,5749,6731,6867,6988,6841,6988,6901,6255,6887,6978,6902,5516,6821,6564,7000,6712,6824,6653,6542,6445,6964,6900,7084,7018,5951,6761,6656,6896,6915,6549,6951,6519,6848,6924,6635,6739,7025,6966,6825,6779,6931,6497,6845,7002,5569,7046,5815,6626,6674,6883,6982,6800,6998,6520,6598,6799,5454,7005,6741,6114,6887,6511,6730,6713,6833,6731,6781
1563,6792,6914,6941,7032,6003,6180,6774,6710,6498,6907,6917,7092,6694,6837,6910,6967,6856,6755,6864,6418,6099,6656,6812,6767,6962,6801,6816,6308,6990,5761,6741,6876,6995,6848,6997,6910,6261,6895,6984,6907,5534,6832,6571,7007,6724,6830,6661,6552,6454,6967,6907,7088,7025,5962,6773,6666,6908,6925,6559,6957,6525,6856,6935,6645,6755,7037,6977,6830,6784,6938,6501,6849,7015,5580,7058,5829,6636,6685,6889,6987,6811,7005,6531,6608,6808,5466,7012,6746,6132,6892,6519,6740,6725,6840,6739,6786
1564,6805,6918,6949,7039,6016,6188,6784,6717,6506,6919,6920,7102,6705,6843,6922,6972,6865,6764,6872,6438,6109,6663,6824,6778,6969,6807,6828,6320,7000,5771,6759,6890,7001,6855,7004,6918,6267,6901,6990,6914,5550,6838,6583,7016,6729,6840,6671,6560,6461,6974,6913,7097,7033,5978,6783,6672,6913,6935,6567,6969,6530,6861,6942,6656,6762,7043,6982,6840,6797,6946,6507,6856,7025,5595,7063,5843,6644,6695,6894,6989,6819,7013,6545,6621,6820,5474,7020,6754,6141,6906,6526,6747,6741,6845,6749,6796
1565,6816,6928,6952,7042,6027,6196,6790,6730,6523,6926,6930,7110,6713,6850,6928,6975,6873,6771,6881,6445,6121,6671,6830,6789,6979,6815,6838,6330,7006,5784,6764,6899,7007,6868,7015,6933,6273,6907,6996,6925,5560,6844,6597,7021,6744,6850,6678,6566,6474,6984,6918,7102,7039,5994,6793,6683,6921,6941,6575,6979,6540,6870,6948,6669,6769,7049,6992,6851,6805,6956,6521,6861,7030,5605,7069,5856,6651,6709,6907,6996,6824,7020,6555,6629,6826,5489,7031,6763,6154,6913,6532,6753,6753,6858,6752,6805
1566,6830,6931,6966,7046,6035,6207,6797,6742,6544,6936,6943,7115,6721,6852,6936,6987,6884,6778,6888,6462,6139,6682,6841,6802,6992,6820,6841,6337,7016,5796,6773,6910,7019,6877,7023,6939,6284,6914,7004,6935,5570,6852,6608,7031,6756,6857,6684,6580,6480,6988,6928,7107,7046,6001,6799,6691,6929,6951,6587,6983,6549,6878,6958,6677,6775,7064,6998,6861,6818,6967,6531,6868,7038,5620,7075,5875,6662,6718,6916,7004,6833,7030,6564,6638,6835,5501,7036,6776,6164,6924,6544,6760,6760,6863,6761,6813
1567,6839,6940,6977,7053,6046,6213,6806,6756,6553,6948,6948,7123,6733,6866,6943,6995,6892,6784,6898,6476,6154,6692,6852,6809,6998,6826,6848,6354,7022,5815,6780,6921,7024,6885,7036,6947,6293,6924,7012,6943,5580,6862,6618,7039,6766,6864,6695,6584,6493,6996,6935,7112,7056,6011,6804,6695,6939,6963,6597,6990,6564,6887,6962,6685,6780,7071,7003,6865,6831,6971,6540,6872,7043,5637,7084,5893,6671,6734,6922,7012,6843,7037,6577,6645,6843,5515,7046,6794,6173,6935,6556,6773,6769,6870,6775,6829
1568,6844,6949,6982,7063,6057,6224,6815,6768,6561,6960,6957,7129,6738,6877,6952,7007,6901,6791,6906,6488,6168,6695,6860,6819,7002,6833,6856,6366,7034,5829,6786,6925,7028,6893,7041,6957,6302,6932,7018,6958,5594,6871,6627,7044,6776,6872,6702,6593,6504,7006,6936,7117,7064,6019,6812,6703,6947,6966,6602,6997,6572,6890,6971,6694,6789,7078,7010,6870,6838,6976,6546,6877,7052,5656,7089,5907,6687,6741,6935,7020,6850,7049,6591,6658,6850,5526,7052,6807,6186,6948,6563,6778,6781,6871,6779,6845
1569,6859,6952,6987,7073,6066,6234,6826,6779,6574,6971,6966,7134,6749,6887,6959,7018,6908,6808,6915,6495,6178,6704,6871,6829,7013,6841,6863,6380,7038,5838,6798,6930,7035,6897,7052,6967,6312,6940,7025,6967,5608,6877,6633,7052,6785,6885,6713,6604,6515,7012,6947,7125,7073,6024,6822,6714,6960,6979,6610,7003,6581,6897,6979,6707,6800,7080,7016,6876,6848,6985,6554,6886,7057,5673,7100,5917,6691,6751,6944,7023,6858,7055,6598,6667,6855,5533,7055,6818,6197,6956,6569,6781,6799,6875,6787,6860
1570,6871,6961,6991,7078,6075,6242,6837,6787,6586,6980,6977,7144,6759,6894,6969,7026,6917,6821,6924,6503,6188,6713,6880,6843,7018,6847,6872,6388,7048,5850,6804,6938,7038,6905,7059,6976,6319,6945,7031,6975,5622,6882,6636,7067,6794,6893,6721,6615,6523,7016,6952,7129,7077,6037,6828,6724,6969,6984,6618,7011,6589,6902,6985,6716,6811,7091,7021,6888,6859,6992,6565,6894,7068,5690,7113,5929,6699,6761,6956,7030,6861,7062,6603,6679,6866,5544,7061,6829,6210,6964,6579,6795,6811,6883,6797,6874
1571,6876,6972,7001,7088,6088,6250,6844,6795,6597,6983,6986,7158,6771,6904,6980,7036,6923,6828,6936,6512,6199,6729,6888,6845,7022,6859,6883,6399,7052,5860,6811,6945,7050,6914,7066,6982,6328,6958,7041,6987,5635,6888,6650,7071,6805,6909,6731,6625,6531,7024,6957,7135,7085,6048,6832,6734,6977,6991,6628,7021,6596,6912,6997,6725,6822,7101,7028,6904,6867,7002,6576,6898,7075,5699,7122,5933,6707,6770,6963,7039,6863,7065,6609,6687,6870,5554,7072,6842,6217,6975,6590,6802,6817,6889,6807,6888
1572,6886,6985,7011,7099,6096,6261,6850,6804,6612,6991,6999,7168,6779,6910,6982,7041,6928,6841,6940,6520,6208,6742,6905,6850,7030,6866,6890,6408,7059,5869,6814,6951,7056,6924,7070,6991,6337,6961,7050,6995,5647,6896,6656,7077,6818,6916,6740,6632,6546,7031,6964,7139,7089,6059,6839,6742,6985,7003,6635,7026,6604,6919,7002,6732,6830,7108,7035,6909,6875,7009,6587,6907,7085,5714,7131,5940,6720,6778,6969,7046,6877,7077,6613,6696,6875,5568,7082,6849,6227,6984,6601,6815,6822,6894,6816,6899
1573,6895,7003,7018,7107,6104,6273,6861,6814,6620,6994,7007,7177,6785,6922,6990,7049,6937,6850,6944,6528,6220,6748,6911,6857,7036,6873,6897,6421,7067,5881,6819,6955,7065,6937,7079,6996,6347,6973,7058,7003,5653,6904,6663,7087,6825,6925,6751,6642,6557,7039,6969,7143,7100,6071,6842,6754,6993,7006,6649,7034,6614,6925,7010,6740,6840,7121,7041,6923,6884,7019,6597,6914,7103,5721,7137,5949,6732,6786,6972,7050,6888,7085,6619,6703,6884,5582,7092,6858,6238,6989,6612,6826,6825,6902,6824,6907
1574,6899,7011,7029,7109,6115,6281,6862,6824,6628,7002,7022,7184,6793,6931,6999,7056,6948,6858,6953,6539,6232,6751,6918,6867,7046,6879,6908,6430,7078,5892,6828,6964,7070,6948,7087,7005,6361,6982,7066,7008,5661,6920,6673,7096,6834,6930,6761,6652,6566,7050,6976,7152,7103,6081,6851,6760,6998,7012,6658,7039,6620,6932,7017,6747,6847,7134,7045,6929,6888,7028,6606,6919,7113,5732,7139,5961,6743,6795,6976,7054,6896,7093,6627,6708,6890,5595,7101,6868,6248,6998,6618,6835,6829,6905,6836,6915
1575,6906,7018,7041,7114,6125,6293,6869,6835,6634,7012,7030,7193,6801,6936,7003,7063,6955,6862,6960,6554,6241,6760,6928,6878,7055,6892,6921,6445,7081,5904,6833,6975,7075,6956,7094,7014,6376,6987,7076,7017,5671,6928,6684,7101,6840,6942,6768,6669,6572,7054,6983,7159,7110,6087,6864,6770,7008,7020,6670,7046,6625,6940,7031,6760,6856,7138,7047,6936,6891,7031,6619,6929,7120,5738,7148,5973,6754,6806,6982,7062,6902,7097,6633,6717,6897,5610,7104,6880,6258,7004,6627,6841,6837,6912,6850,6925
1576,6916,7023,7044,7120,6142,6305,6877,6839,6650,7018,7038,7198,6810,6944,7013,7072,6964,6867,6967,6563,6247,6767,6934,6884,7059,6901,6926,6451,7092,5914,6841,6984,7085,6967,7100,7021,6390,6996,7081,7026,5682,6939,6700,7110,6846,6952,6773,6682,6592,7064,6989,7168,7117,6099,6872,6777,7018,7025,6681,7056,6630,6948,7036,6771,6861,7147,7055,6949,6901,7041,6627,6935,7130,5747,7152,5985,6766,6809,6990,7067,6916,7109,6647,6732,6901,5624,7107,6893,6267,7007,6639,6847,6847,6915,6858,6931
1577,6923,7033,7054,7125,6156,6314,6889,6846,6666,7032,7044,7209,6818,6956,7021,7073,6974,6875,6983,6573,6255,6779,6941,6894,7067,6912,6933,6460,7098,5929,6847,6995,7092,6974,7109,7025,6396,7004,7088,7031,5697,6948,6711,7117,6854,6959,6784,6697,6602,7070,6999,7171,7125,6107,6886,6783,7028,7030,6690,7062,6642,6956,7042,6784,6871,7151,7065,6958,6912,7046,6640,6939,7142,5756,7162,5993,6771,6819,7001,7079,6926,7118,6653,6745,6912,5634,7117,6902,6276,7011,6649,6853,6852,6919,6862,6936
1578,6929,7045,7062,7131,6169,6323,6899,6857,6675,7037,7050,7213,6829,6966,7032,7085,6979,6884,6989,6582,6266,6786,6948,6901,7070,6924,6940,6469,7108,5937,6855,6999,7101,6979,7121,7032,6404,7011,7092,7036,5716,6955,6720,7123,6866,6969,6797,6709,6613,7080,7008,7177,7133,6115,6895,6788,7039,7035,6697,7068,6648,6966,7049,6794,6880,7160,7073,6970,6916,7054,6657,6944,7151,5766,7167,6001,6778,6824,7009,7082,6936,7126,6662,6753,6920,5649,7120,6909,6283,7014,6660,6860,6861,6925,6872,6942
1579,6939,7051,7071,7136,6179,6337,6905,6864,6687,7044,7061,7217,6839,6971,7038,7090,6987,6894,6999,6592,6277,6800,6955,6911,7076,6932,6943,6482,7118,5951,6862,7004,7110,6985,7126,7036,6414,7025,7097,7048,5729,6965,6725,7134,6875,6977,6809,6713,6622,7089,7013,7184,7140,6130,6901,6802,7046,7044,6711,7083,6664,6973,7058,6806,6884,7169,7078,6981,6920,7065,6666,6949,7159,5784,7173,6008,6783,6834,7018,7088,6947,7142,6675,6762,6929,5663,7126,6916,6294,7017,6669,6866,6869,6929,6881,6953
1580,6945,7059,7080,7139,6191,6349,6915,6874,6698,7049,7064,7223,6846,6979,7045,7097,6997,6901,7012,6598,6289,6807,6962,6921,7080,6943,6953,6496,7126,5960,6868,7010,7124,6989,7141,7044,6421,7030,7107,7060,5744,6978,6736,7139,6883,6986,6819,6729,6630,7099,7021,7190,7149,6142,6912,6813,7057,7051,6721,7092,6676,6978,7067,6810,6889,7175,7091,6993,6928,7070,6671,6954,7163,5794,7182,6020,6794,6846,7027,7099,6956,7148,6683,6768,6938,5677,7131,6926,6306,7021,6676,6873,6881,6931,6888,6960
1581,6955,7069,7086,7144,6203,6355,6923,6883,6710,7055,7075,7229,6853,6984,7056,7102,7006,6915,7017,6605,6307,6821,6967,6928,7092,6953,6963,6504,7131,5969,6876,7019,7129,6998,7149,7053,6432,7040,7116,7069,5759,6987,6743,7149,6891,6993,6826,6738,6639,7102,7025,7194,7155,6152,6921,6824,7070,7057,6725,7096,6685,6987,7070,6815,6895,7180,7101,7001,6935,7079,6676,6962,7170,5804,7185,6036,6804,6854,7031,7104,6964,7157,6690,6777,6952,5694,7138,6936,6316,7031,6680,6877,6887,6935,6895,6968
1582,6965,7073,7092,7148,6214,6366,6930,6900,6720,7064,7081,7237,6862,6995,7063,7109,7009,6926,7023,6616,6321,6829,6973,6936,7099,6960,6970,6517,7136,5982,6882,7024,7141,7004,7158,7062,6444,7049,7121,7079,5769,6991,6749,7155,6902,7005,6830,6746,6644,7114,7028,7200,7163,6165,6929,6831,7079,7065,6734,7102,6695,6992,7078,6824,6900,7187,7107,7010,6945,7082,6687,6973,7172,5812,7188,6050,6811,6866,7040,7113,6973,7164,6701,6785,6956,5707,7149,6943,6332,7038,6689,6881,6892,6939,6903,6975
1583,6976,7086,7096,7153,6220,6379,6938,6913,6730,7071,7085,7244,6870,7006,7070,7119,7019,6937,7030,6628,6339,6833,6984,6945,7108,6966,6980,6531,7145,5994,6889,7032,7146,7019,7163,7071,6456,7059,7128,7089,5788,6998,6759,7161,6908,7014,6839,6755,6650,7119,7033,7208,7178,6180,6936,6848,7087,7071,6742,7109,6706,7004,7087,6835,6905,7194,7113,7019,6955,7091,6696,6979,7180,5828,7191,6064,6821,6874,7045,7123,6979,7175,6715,6802,6964,5712,7154,6950,6342,7046,6703,6888,6907,6941,6918,6981
1584,6982,7093,7104,7159,6233,6387,6945,6918,6737,7077,7090,7249,6878,7017,7081,7130,7029,6945,7039,6635,6353,6845,6993,6955,7116,6974,6987,6540,7149,6009,6898,7036,7152,7026,7171,7079,6468,7067,7137,7092,5797,7005,6767,7169,6919,7023,6845,6770,6658,7131,7036,7220,7190,6190,6940,6855,7096,7076,6748,7111,6716,7011,7095,6844,6913,7196,7122,7025,6962,7100,6707,6983,7188,5838,7197,6075,6832,6883,7053,7129,6984,7183,6730,6812,6972,5728,7165,6965,6354,7055,6710,6905,6915,6944,6929,6991
1585,6991,7100,7111,7164,6251,6397,6950,6929,6746,7081,7098,7263,6885,7022,7086,7136,7038,6954,7046,6644,6361,6859,6999,6957,7123,6986,6995,6548,7155,6022,6909,7049,7156,7030,7173,7087,6479,7077,7141,7096,5810,7012,6776,7176,6932,7029,6856,6779,6672,7139,7040,7227,7197,6200,6945,6870,7110,7083,6755,7120,6722,7017,7103,6851,6917,7202,7129,7030,6971,7111,6712,6990,7194,5851,7204,6087,6840,6892,7062,7135,6992,7188,6742,6822,6981,5747,7169,6975,6371,7057,6723,6921,6919,6950,6937,7001
1586,7000,7108,7118,7173,6264,6406,6958,6936,6754,7089,7109,7270,6895,7030,7091,7144,7044,6967,7050,6651,6370,6867,7011,6968,7131,6997,7002,6560,7164,6036,6918,7059,7159,7041,7179,7092,6498,7088,7145,7108,5824,7022,6784,7179,6941,7038,6863,6788,6679,7143,7044,7232,7207,6208,6951,6881,7120,7089,6767,7129,6730,7023,7113,6859,6924,7208,7134,7037,6980,7116,6725,6994,7203,5862,7209,6104,6847,6901,7070,7136,7002,7195,6755,6832,6988,5756,7178,6984,6379,7065,6730,6929,6924,6953,6949,7013
1587,7005,7121,7131,7174,6276,6418,6971,6942,6764,7096,7118,7279,6905,7038,7102,7156,7050,6983,7056,6660,6383,6883,7017,6972,7135,7000,7016,6573,7168,6046,6921,7064,7169,7049,7195,7100,6504,7101,7149,7121,5840,7029,6797,7185,6952,7051,6869,6800,6695,7150,7047,7242,7213,6222,6957,6891,7127,7098,6774,7138,6740,7031,7125,6865,6933,7214,7146,7049,6985,7124,6730,6997,7211,5874,7217,6112,6861,6909,7081,7142,7008,7204,6760,6838,6998,5767,7188,6992,6387,7075,6743,6943,6939,6959,6959,7021
1588,7013,7132,7139,7180,6288,6426,6984,6946,6774,7101,7126,7282,6910,7047,7110,7163,7059,6991,7066,6671,6396,6890,7026,6982,7146,7007,7022,6582,7176,6059,6930,7069,7175,7057,7203,7110,6516,7107,7153,7125,5853,7037,6808,7192,6963,7059,6879,6803,6701,7159,7051,7248,7217,6236,6967,6899,7136,7104,6787,7143,6749,7046,7130,6875,6947,7218,7152,7054,6999,7129,6745,7002,7223,5886,7224,6121,6865,6922,7092,7153,7014,7212,6768,6841,7006,5777,7192,7000,6395,7081,6749,6947,6944,6963,6969,7030
1589,7020,7135,7144,7190,6302,6438,6992,6956,6784,7107,7133,7288,6915,7054,7117,7172,7066,7001,7074,6677,6402,6899,7030,6994,7154,7016,7030,6590,7183,6068,6938,7074,7184,7061,7216,7118,6525,7117,7157,7134,5862,7048,6820,7197,6973,7061,6886,6813,6707,7167,7057,7254,7225,6247,6974,6911,7147,7111,6795,7146,6756,7058,7138,6881,6958,7221,7160,7064,7009,7142,6754,7008,7232,5898,7228,6138,6873,6929,7102,7161,7021,7221,6776,6851,7012,5789,7199,7005,6403,7088,6762,6958,6957,6968,6982,7036
1590,7026,7146,7152,7194,6315,6445,7002,6966,6792,7119,7140,7293,6920,7062,7125,7178,7074,7011,7084,6685,6414,6907,7046,7005,7162,7030,7039,6603,7190,6078,6946,7081,7187,7071,7229,7128,6530,7122,7160,7147,5878,7058,6829,7206,6985,7069,6894,6819,6722,7177,7061,7261,7236,6258,6984,6916,7158,7116,6805,7151,6764,7068,7146,6889,6964,7225,7167,7075,7017,7148,6762,7018,7234,5912,7237,6149,6883,6938,7111,7173,7031,7229,6785,6864,7021,5799,7203,7017,6412,7095,6774,6967,6966,6973,6995,7042
1591,7035,7155,7160,7200,6324,6451,7012,6975,6801,7122,7150,7297,6925,7071,7129,7186,7084,7019,7094,6695,6425,6916,7058,7013,7168,7043,7048,6613,7197,6090,6953,7092,7192,7078,7242,7133,6539,7133,7174,7157,5892,7072,6844,7216,6997,7078,6900,6824,6728,7182,7064,7273,7246,6274,6990,6923,7165,7122,6817,7158,6769,7079,7149,6896,6969,7228,7177,7080,7021,7156,6773,7021,7241,5933,7243,6156,6896,6944,7118,7177,7040,7235,6798,6868,7029,5808,7207,7025,6422,7104,6783,6975,6971,6977,7009,7050
1592,7044,7162,7166,7204,6339,6457,7021,6984,6807,7130,7152,7303,6929,7082,7143,7196,7094,7027,7103,6707,6434,6923,7067,7021,7178,7051,7054,6624,7204,6096,6960,7099,7197,7087,7251,7144,6548,7140,7179,7164,5906,7082,6854,7225,7004,7090,6906,6835,6733,7187,7070,7278,7254,6283,6997,6941,7176,7129,6830,7170,6778,7086,7157,6901,6976,7234,7181,7088,7028,7161,6783,7027,7244,5942,7251,6164,6905,6954,7126,7180,7051,7249,6807,6878,7032,5821,7218,7029,6432,7113,6791,6981,6982,6986,7018,7060
1593,7052,7169,7173,7206,6345,6476,7032,6997,6814,7137,7159,7306,6938,7096,7154,7207,7100,7040,7107,6714,6444,6937,7072,7037,7183,7059,7060,6641,7209,6109,6971,7105,7203,7096,7260,7151,6565,7145,7188,7168,5923,7092,6864,7234,7013,7102,6918,6843,6744,7189,7075,7287,7259,6294,7011,6946,7183,7137,6839,7177,6792,7094,7165,6906,6982,7244,7187,7095,7034,7166,6789,7030,7249,5948,7260,6171,6914,6965,7129,7189,7066,7260,6818,6884,7038,5833,7228,7037,6441,7123,6794,6990,6991,6989,7025,7066
1594,7056,7181,7181,7212,6356,6487,7043,7008,6824,7151,7168,7313,6945,7103,7164,7213,7113,7047,7117,6718,6457,6943,7079,7044,7193,7063,7070,6652,7218,6123,6979,7112,7209,7104,7268,7158,6572,7155,7195,7174,5940,7102,6871,7238,7024,7108,6926,6852,6749,7193,7079,7293,7271,6305,7020,6952,7188,7145,6846,7184,6794,7097,7171,6909,6991,7249,7194,7103,7041,7168,6802,7036,7254,5963,7266,6183,6921,6980,7136,7196,7076,7265,6827,6897,7046,5849,7233,7041,6449,7132,6803,7002,7002,6994,7035,7072
1595,7065,7193,7194,7218,6363,6499,7048,7020,6834,7159,7181,7324,6951,7107,7170,7220,7123,7057,7127,6725,6471,6955,7087,7055,7201,7075,7078,6660,7228,6132,6988,7124,7218,7110,7274,7164,6578,7165,7205,7177,5952,7109,6879,7243,7038,7116,6938,6861,6758,7203,7085,7300,7278,6317,7027,6961,7198,7153,6848,7193,6803,7108,7178,6915,7000,7256,7203,7111,7050,7177,6809,7044,7260,5971,7271,6197,6928,6992,7145,7204,7083,7273,6838,6905,7054,5859,7241,7052,6457,7140,6810,7013,7009,6999,7047,7076
1596,7075,7203,7204,7223,6369,6508,7052,7031,6837,7165,7189,7330,6963,7112,7178,7226,7131,7066,7137,6735,6484,6959,7096,7062,7208,7090,7086,6669,7233,6142,6994,7138,7225,7120,7280,7171,6586,7174,7210,7180,5960,7113,6891,7251,7049,7122,6946,6873,6772,7212,7094,7308,7285,6322,7040,6971,7204,7158,6858,7204,6811,7126,7183,6924,7012,7265,7207,7121,7056,7187,6816,7057,7270,5981,7277,6206,6942,7006,7153,7211,7088,7278,6849,6913,7062,5874,7250,7061,6468,7148,6822,7024,7017,7002,7061,7081
1597,7083,7209,7209,7229,6382,6518,7056,7044,6847,7173,7195,7338,6969,7120,7186,7233,7136,7070,7149,6747,6490,6965,7106,7073,7212,7098,7094,6682,7237,6152,7002,7150,7232,7128,7292,7178,6599,7180,7220,7188,5970,7116,6897,7260,7055,7126,6956,6877,6781,7217,7103,7313,7291,6330,7050,6981,7210,7170,6869,7210,6820,7136,7191,6929,7021,7275,7213,7134,7061,7195,6824,7063,7279,5988,7285,6213,6952,7016,7159,7219,7095,7283,6857,6924,7075,5886,7254,7071,6474,7157,6834,7027,7022,7007,7073,7084
1598,7093,7213,7216,7234,6394,6525,7058,7052,6854,7177,7198,7344,6975,7129,7197,7240,7143,7078,7158,6754,6503,6971,7113,7080,7220,7108,7103,6694,7245,6166,7008,7158,7242,7136,7300,7182,6606,7187,7227,7192,5983,7123,6904,7261,7064,7135,6963,6885,6792,7224,7109,7315,7294,6338,7056,6991,7217,7178,6880,7215,6829,7140,7203,6935,7031,7279,7222,7138,7074,7201,6835,7069,7287,6001,7298,6221,6963,7023,7169,7222,7101,7293,6867,6937,7085,5896,7259,7079,6483,7168,6840,7035,7038,7012,7080,7091
1599,7098,7221,7218,7238,6400,6536,7066,7061,6863,7187,7206,7350,6983,7138,7203,7246,7153,7086,7168,6761,6508,6977,7122,7089,7225,7112,7110,6705,7253,6184,7014,7166,7250,7140,7309,7192,6617,7196,7238,7200,6001,7129,6910,7273,7074,7141,6967,6894,6802,7235,7113,7321,7304,6348,7063,6996,7218,7187,6890,7226,6838,7142,7211,6943,7038,7287,7229,7150,7083,7216,6846,7078,7296,6012,7303,6232,6974,7031,7177,7230,7111,7302,6879,6946,7091,5911,7267,7090,6494,7177,6850,7044,7044,7020,7085,7099
1600,7109,7228,7225,7244,6414,6544,7079,7071,6877,7196,7217,7355,6990,7148,7209,7253,7159,7091,7179,6764,6518,6990,7135,7096,7229,7122,7115,6716,7261,6194,7020,7172,7258,7147,7311,7198,6634,7200,7243,7203,6009,7138,6918,7278,7082,7143,6973,6901,6812,7246,7118,7330,7308,6360,7072,7004,7223,7193,6901,7231,6849,7146,7217,6949,7043,7291,7237,7159,7092,7224,6854,7083,7301,6022,7309,6243,6982,7034,7182,7237,7116,7306,6886,6959,7098,5924,7274,7101,6504,7182,6865,7048,7053,7024,7098,7107
1601,7118,7243,7232,7252,6423,6561,7088,7084,6887,7203,7222,7364,6996,7158,7217,7262,7165,7102,7188,6775,6529,7000,7145,7105,7238,7130,7122,6723,7266,6205,7026,7183,7263,7160,7324,7204,6644,7206,7252,7208,6023,7149,6928,7290,7095,7150,6982,6913,6817,7252,7124,7337,7312,6368,7077,7008,7227,7200,6911,7238,6859,7157,7222,6955,7052,7298,7241,7166,7099,7227,6859,7092,7306,6035,7314,6256,6992,7052,7185,7247,7130,7319,6894,6970,7111,5936,7280,7111,6518,7189,6873,7056,7061,7028,7105,7122
1602,7122,7250,7241,7256,6433,6577,7096,7092,6896,7211,7229,7366,7004,7166,7225,7267,7175,7110,7197,6788,6542,7013,7151,7115,7243,7135,7131,6728,7272,6214,7033,7191,7273,7164,7329,7212,6655,7218,7258,7216,6037,7163,6944,7299,7104,7162,6990,6917,6822,7257,7126,7342,7324,6380,7085,7021,7230,7207,6920,7243,6868,7175,7228,6964,7059,7305,7250,7174,7106,7235,6870,7097,7319,6046,7324,6273,7000,7061,7190,7254,7135,7325,6901,6972,7114,5942,7288,7119,6534,7198,6884,7068,7071,7030,7111,7128
1603,7131,7260,7247,7262,6442,6583,7104,7101,6909,7217,7235,7375,7012,7177,7231,7275,7183,7120,7205,6800,6552,7021,7158,7128,7250,7142,7139,6739,7279,6228,7037,7202,7281,7173,7334,7222,6664,7224,7262,7224,6046,7173,6956,7303,7116,7172,7001,6928,6829,7265,7137,7351,7330,6391,7091,7027,7237,7213,6927,7249,6882,7186,7236,6970,7073,7308,7253,7185,7111,7245,6880,7106,7324,6062,7332,6283,7004,7074,7193,7261,7147,7332,6910,6980,7122,5949,7293,7127,6542,7202,6897,7077,7080,7033,7119,7138
1604,7142,7267,7252,7270,6450,6587,7113,7109,6915,7226,7240,7385,7019,7183,7234,7284,7189,7128,7214,6812,6560,7029,7168,7134,7255,7155,7152,6753,7289,6237,7048,7210,7290,7180,7339,7227,6671,7231,7271,7235,6056,7181,6964,7313,7122,7182,7010,6942,6837,7268,7144,7358,7335,6396,7101,7034,7244,7216,6938,7256,6890,7195,7248,6976,7080,7315,7260,7198,7123,7249,6887,7113,7330,6076,7337,6296,7016,7087,7201,7270,7159,7341,6921,6987,7126,5963,7297,7136,6552,7218,6905,7084,7092,7036,7128,7144
1605,7150,7275,7263,7280,6459,6594,7125,7112,6925,7232,7247,7394,7027,7195,7240,7289,7201,7138,7225,6820,6569,7035,7182,7143,7266,7162,7160,6760,7295,6248,7055,7222,7301,7188,7347,7245,6677,7245,7278,7240,6066,7189,6976,7319,7124,7183,7018,6945,6844,7276,7149,7368,7341,6410,7107,7041,7254,7220,6943,7262,6900,7199,7254,6991,7090,7318,7270,7206,7131,7254,6897,7120,7330,6090,7342,6305,7024,7098,7205,7276,7166,7347,6930,6996,7140,5981,7302,7142,6564,7224,6921,7087,7101,7039,7133,7151
1606,7153,7289,7267,7284,6471,6601,7131,7122,6932,7243,7258,7399,7032,7200,7251,7298,7208,7144,7231,6826,6577,7045,7188,7153,7271,7174,7165,6770,7302,6255,7062,7228,7304,7199,7356,7249,6690,7249,7282,7248,6078,7196,6984,7324,7137,7193,7025,6957,6853,7281,7152,7374,7349,6418,7113,7050,7259,7227,6947,7272,6910,7206,7260,7002,7098,7328,7272,7219,7143,7263,6907,7124,7335,6102,7348,6316,7038,7106,7217,7287,7175,7356,6941,7007,7146,5989,7308,7155,6575,7234,6930,7099,7108,7043,7138,7162
1607,7160,7291,7274,7287,6475,6611,7142,7131,6940,7248,7268,7405,7041,7206,7259,7301,7219,7152,7243,6831,6582,7056,7196,7156,7277,7177,7170,6780,7311,6275,7070,7239,7308,7207,7365,7251,6699,7257,7291,7258,6089,7200,6994,7330,7150,7201,7032,6966,6863,7289,7162,7376,7358,6432,7120,7055,7264,7233,6955,7275,6926,7218,7268,7010,7109,7331,7277,7227,7154,7270,6912,7132,7339,6112,7356,6326,7048,7121,7231,7293,7181,7362,6949,7018,7154,6002,7310,7165,6583,7242,6940,7102,7120,7047,7149,7169
1608,7171,7302,7281,7292,6491,6619,7151,7138,6953,7260,7270,7411,7053,7221,7266,7308,7227,7160,7252,6838,6591,7065,7202,7168,7285,7183,7176,6788,7316,6288,7076,7245,7318,7214,7372,7256,6704,7261,7297,7263,6099,7206,7002,7337,7159,7209,7047,6976,6870,7295,7169,7382,7362,6442,7125,7058,7273,7241,6971,7284,6941,7225,7274,7018,7121,7334,7284,7236,7160,7278,6923,7139,7346,6126,7365,6337,7056,7127,7238,7296,7191,7370,6955,7029,7164,6013,7318,7173,6595,7253,6951,7110,7123,7054,7159,7177
1609,7183,7313,7295,7300,6502,6632,7162,7151,6962,7270,7277,7414,7059,7230,7272,7311,7238,7164,7258,6847,6605,7068,7211,7182,7293,7191,7182,6796,7324,6295,7086,7254,7320,7220,7379,7260,6714,7271,7303,7271,6111,7213,7011,7348,7167,7219,7057,6980,6878,7301,7178,7387,7366,6453,7135,7062,7279,7252,6982,7290,6947,7237,7281,7029,7131,7338,7292,7242,7165,7285,6934,7143,7351,6144,7365,6346,7062,7135,7244,7302,7194,7379,6965,7042,7173,6021,7322,7178,6602,7258,6958,7118,7134,7059,7164,7192
1610,7192,7319,7306,7304,6508,6647,7169,7163,6976,7276,7285,7423,7064,7237,7284,7316,7247,7177,7267,6855,6621,7077,7221,7191,7297,7200,7188,6802,7333,6308,7094,7261,7325,7228,7384,7268,6728,7278,7313,7276,6121,7221,7017,7352,7181,7229,7065,6991,6889,7309,7182,7393,7376,6461,7146,7073,7289,7263,6989,7300,6961,7247,7290,7037,7139,7344,7298,7249,7171,7288,6944,7149,7356,6152,7371,6358,7070,7140,7254,7311,7201,7389,6975,7050,7182,6035,7329,7185,6610,7260,6969,7127,7141,7061,7174,7200
1611,7199,7328,7313,7313,6518,6655,7176,7169,6990,7282,7290,7430,7068,7245,7294,7330,7253,7184,7274,6863,6630,7086,7228,7193,7304,7207,7192,6816,7341,6319,7098,7267,7331,7241,7392,7279,6735,7288,7318,7281,6133,7226,7031,7358,7191,7243,7077,6998,6896,7319,7189,7398,7380,6472,7155,7083,7298,7267,7000,7307,6974,7255,7295,7044,7147,7352,7304,7255,7178,7298,6958,7158,7363,6168,7381,6368,7078,7150,7260,7313,7205,7392,6987,7055,7186,6052,7337,7190,6617,7268,6978,7135,7152,7064,7182,7211
1612,7201,7335,7319,7318,6535,6661,7190,7176,7001,7285,7294,7435,7076,7254,7300,7340,7260,7189,7281,6872,6636,7096,7234,7205,7318,7214,7202,6825,7349,6331,7106,7272,7339,7246,7396,7287,6739,7294,7324,7286,6144,7236,7038,7371,7201,7248,7086,7007,6911,7328,7192,7409,7387,6485,7160,7093,7305,7277,7007,7318,6988,7264,7298,7045,7155,7359,7309,7272,7185,7307,6973,7166,7371,6178,7388,6374,7087,7158,7263,7318,7215,7398,6990,7063,7197,6060,7346,7198,6630,7273,6988,7147,7159,7066,7189,7215
1613,7211,7345,7322,7326,6542,6667,7199,7186,7012,7293,7303,7440,7084,7260,7308,7352,7262,7201,7287,6889,6650,7104,7240,7210,7326,7224,7210,6838,7353,6341,7108,7279,7345,7253,7404,7297,6746,7300,7330,7292,6153,7240,7050,7377,7210,7255,7092,7014,6918,7333,7199,7416,7389,6494,7170,7099,7307,7286,7015,7325,6996,7276,7306,7047,7162,7365,7312,7281,7189,7311,6979,7170,7379,6185,7394,6380,7094,7167,7268,7322,7225,7406,6995,7073,7206,6074,7354,7206,6642,7282,6999,7156,7167,7070,7195,7224
1614,7218,7353,7325,7335,6557,6679,7207,7198,7024,7300,7313,7445,7094,7269,7316,7358,7276,7218,7290,6897,6657,7118,7249,7219,7330,7236,7214,6852,7360,6347,7113,7285,7350,7259,7417,7304,6753,7308,7339,7299,6166,7246,7059,7387,7215,7265,7102,7021,6927,7339,7207,7424,7398,6507,7178,7106,7313,7296,7024,7332,7010,7286,7317,7059,7171,7373,7318,7293,7198,7312,6984,7179,7385,6199,7398,6386,7096,7175,7276,7325,7229,7410,7007,7082,7212,6084,7365,7217,6651,7291,7003,7161,7175,7073,7202,7232
1615,7224,7369,7332,7341,6574,6689,7213,7209,7035,7306,7324,7457,7103,7278,7322,7362,7281,7225,7296,6907,6667,7129,7257,7226,7333,7243,7224,6859,7364,6356,7119,7292,7356,7273,7424,7311,6760,7314,7346,7304,6177,7250,7068,7389,7217,7275,7110,7029,6935,7346,7215,7432,7401,6514,7182,7121,7318,7301,7032,7339,7019,7295,7324,7065,7183,7378,7323,7302,7208,7325,6992,7186,7391,6215,7406,6399,7104,7178,7284,7333,7232,7425,7016,7088,7218,6096,7371,7227,6657,7306,7011,7169,7184,7077,7205,7241
1616,7231,7377,7338,7342,6588,6698,7218,7217,7045,7313,7335,7462,7110,7285,7329,7374,7288,7239,7307,6914,6674,7135,7267,7233,7336,7251,7232,6862,7371,6365,7128,7298,7364,7280,7429,7318,6773,7321,7351,7312,6184,7256,7082,7395,7221,7282,7119,7039,6942,7349,7216,7439,7407,6527,7194,7127,7324,7306,7043,7343,7026,7301,7333,7081,7193,7384,7331,7311,7218,7334,7000,7192,7394,6225,7419,6405,7110,7187,7294,7338,7239,7433,7028,7100,7227,6109,7377,7240,6666,7313,7021,7175,7199,7080,7211,7254
1617,7239,7384,7347,7348,6593,6710,7224,7224,7054,7323,7346,7465,7115,7290,7335,7383,7298,7249,7313,6923,6685,7145,7276,7244,7344,7262,7237,6867,7377,6375,7136,7308,7368,7284,7433,7325,6783,7326,7356,7316,6193,7261,7091,7402,7228,7294,7126,7053,6951,7359,7220,7448,7413,6539,7198,7133,7332,7315,7054,7348,7030,7309,7340,7089,7197,7393,7337,7321,7225,7342,7006,7196,7402,6236,7420,6415,7121,7190,7298,7344,7245,7439,7036,7114,7232,6121,7381,7246,6672,7317,7029,7183,7206,7084,7218,7265
1618,7247,7391,7355,7358,6602,6716,7231,7231,7064,7331,7354,7472,7124,7302,7341,7390,7309,7256,7323,6935,6693,7156,7290,7253,7351,7274,7242,6879,7386,6385,7141,7317,7371,7290,7443,7333,6788,7334,7362,7325,6208,7273,7101,7409,7235,7305,7133,7067,6959,7367,7225,7454,7419,6553,7204,7141,7345,7323,7069,7355,7037,7315,7348,7095,7205,7400,7343,7330,7232,7348,7018,7201,7411,6249,7426,6427,7129,7198,7302,7350,7258,7447,7041,7117,7244,6136,7384,7254,6682,7326,7037,7189,7216,7088,7229,7275
1619,7257,7397,7361,7361,6617,6722,7239,7240,7073,7338,7359,7482,7130,7311,7345,7398,7313,7267,7329,6943,6704,7164,7295,7265,7364,7282,7251,6886,7393,6395,7144,7326,7380,7296,7448,7337,6797,7337,7369,7329,6223,7280,7113,7416,7245,7312,7139,7078,6969,7375,7234,7459,7425,6560,7207,7148,7354,7332,7077,7359,7044,7323,7354,7102,7218,7404,7351,7336,7241,7357,7031,7207,7416,6258,7437,6434,7135,7209,7311,7355,7263,7452,7048,7124,7248,6147,7391,7262,6694,7335,7049,7193,7230,7092,7237,7282
1620,7263,7400,7368,7363,6626,6731,7246,7248,7088,7344,7367,7486,7145,7318,7358,7408,7320,7273,7337,6955,6712,7171,7303,7271,7371,7289,7259,6901,7400,6404,7147,7336,7388,7308,7458,7344,6800,7345,7374,7333,6238,7290,7125,7420,7254,7317,7159,7084,6978,7380,7240,7465,7434,6570,7213,7156,7362,7338,7081,7365,7056,7334,7366,7110,7226,7409,7365,7341,7249,7365,7040,7211,7419,6269,7441,6443,7144,7220,7317,7358,7268,7454,7056,7131,7254,6163,7395,7275,6697,7343,7056,7205,7236,7095,7246,7292
1621,7271,7407,7378,7370,6638,6739,7253,7254,7096,7350,7376,7495,7152,7323,7367,7417,7328,7285,7343,6968,6722,7179,7311,7277,7376,7298,7269,6911,7405,6413,7155,7345,7397,7316,7467,7350,6806,7356,7382,7340,6247,7299,7130,7425,7263,7324,7163,7092,6988,7392,7245,7472,7438,6581,7228,7165,7369,7340,7090,7373,7066,7343,7374,7119,7236,7413,7373,7346,7255,7371,7048,7214,7422,6285,7448,6455,7154,7230,7324,7362,7280,7463,7061,7146,7261,6172,7401,7280,6705,7350,7063,7214,7241,7099,7257,7299
1622,7284,7416,7380,7372,6649,6751,7260,7268,7106,7354,7383,7502,7163,7330,7376,7422,7337,7289,7353,6988,6730,7187,7321,7287,7379,7304,7277,6922,7409,6430,7160,7354,7404,7322,7471,7361,6812,7363,7388,7349,6252,7303,7135,7428,7272,7327,7174,7101,6993,7396,7251,7476,7446,6587,7231,7173,7377,7350,7093,7381,7075,7351,7384,7124,7247,7417,7379,7359,7262,7376,7055,7223,7430,6301,7452,6463,7162,7241,7332,7367,7287,7474,7066,7150,7268,6188,7408,7289,6720,7358,7073,7218,7248,7104,7262,7310
1623,7299,7424,7384,7381,6661,6756,7263,7275,7114,7360,7386,7510,7174,7337,7387,7433,7346,7303,7358,6994,6739,7199,7324,7298,7389,7310,7285,6939,7417,6443,7169,7358,7409,7327,7477,7367,6816,7372,7395,7354,6264,7314,7145,7438,7279,7330,7183,7109,6999,7400,7254,7484,7452,6595,7236,7175,7388,7357,7105,7386,7089,7354,7390,7133,7258,7419,7382,7375,7270,7384,7068,7227,7435,6316,7458,6469,7173,7252,7339,7369,7294,7478,7077,7160,7277,6201,7416,7295,6732,7364,7085,7226,7253,7111,7274,7317
1624,7308,7432,7391,7385,6673,6765,7274,7281,7121,7371,7392,7519,7183,7343,7390,7445,7355,7314,7363,7002,6750,7210,7329,7302,7396,7320,7290,6956,7425,6454,7174,7367,7412,7334,7482,7374,6833,7377,7398,7361,6276,7322,7157,7445,7287,7336,7189,7123,7006,7405,7264,7489,7453,6608,7242,7188,7394,7364,7110,7389,7097,7361,7400,7140,7261,7429,7388,7387,7277,7393,7074,7233,7443,6325,7467,6483,7181,7256,7350,7372,7301,7483,7081,7166,7285,6218,7424,7307,6742,7373,7089,7235,7263,7114,7281,7324
1625,7314,7443,7399,7393,6685,6773,7284,7284,7133,7379,7396,7524,7189,7353,7398,7454,7363,7320,7371,7011,6760,7213,7334,7312,7402,7323,7298,6966,7431,6458,7187,7373,7420,7339,7495,7381,6843,7383,7401,7367,6285,7332,7167,7454,7298,7341,7201,7133,7018,7413,7268,7493,7458,6622,7245,7193,7404,7374,7118,7394,7108,7367,7406,7145,7264,7436,7392,7394,7283,7401,7081,7241,7453,6333,7477,6492,7189,7267,7360,7379,7307,7488,7091,7180,7296,6226,7430,7313,6749,7378,7097,7245,7270,7120,7294,7330
1626,7321,7452,7409,7400,6695,6782,7296,7292,7144,7384,7406,7529,7198,7361,7409,7456,7370,7328,7378,7018,6768,7222,7339,7319,7414,7330,7305,6975,7435,6473,7194,7383,7426,7352,7500,7384,6852,7388,7409,7372,6294,7341,7178,7460,7303,7352,7212,7141,7026,7418,7272,7496,7464,6631,7253,7200,7410,7384,7124,7396,7117,7377,7407,7151,7276,7439,7400,7405,7288,7409,7089,7246,7460,6348,7483,6501,7199,7276,7371,7385,7314,7491,7102,7189,7303,6238,7441,7319,6759,7384,7109,7259,7282,7123,7299,7332
1627,7331,7458,7421,7405,6699,6791,7306,7306,7156,7388,7415,7538,7208,7369,7418,7466,7376,7336,7382,7027,6780,7229,7348,7325,7420,7335,7311,6986,7441,6478,7202,7392,7433,7356,7506,7394,6856,7394,7415,7379,6304,7345,7186,7467,7307,7362,7221,7149,7043,7428,7276,7501,7471,6642,7259,7206,7415,7391,7132,7401,7126,7385,7419,7161,7282,7449,7403,7411,7302,7416,7099,7246,7467,6362,7489,6513,7207,7285,7376,7390,7319,7499,7108,7196,7312,6248,7447,7329,6772,7391,7117,7263,7287,7126,7307,7335
1628,7334,7467,7426,7412,6710,6799,7314,7313,7162,7393,7424,7540,7215,7374,7422,7470,7380,7342,7391,7040,6793,7237,7363,7332,7424,7341,7318,6996,7447,6483,7206,7398,7441,7368,7512,7399,6869,7400,7421,7390,6318,7350,7191,7471,7311,7371,7230,7159,7056,7437,7280,7509,7482,6655,7270,7210,7421,7396,7145,7409,7135,7395,7423,7172,7289,7457,7411,7414,7309,7429,7108,7258,7474,6368,7496,6525,7212,7294,7380,7397,7326,7508,7115,7201,7317,6258,7450,7345,6784,7395,7128,7269,7294,7130,7319,7342
1629,7339,7474,7437,7416,6719,6801,7324,7320,7167,7398,7431,7545,7223,7382,7431,7478,7386,7353,7401,7051,6806,7250,7366,7342,7426,7346,7324,7011,7449,6489,7207,7405,7447,7373,7517,7405,6876,7407,7429,7397,6328,7358,7198,7477,7320,7374,7238,7165,7067,7444,7282,7517,7485,6664,7275,7221,7428,7402,7151,7416,7147,7403,7430,7175,7303,7462,7420,7415,7314,7436,7115,7261,7481,6377,7501,6538,7218,7305,7387,7405,7338,7516,7128,7207,7327,6263,7454,7354,6792,7400,7139,7278,7303,7131,7325,7345
1630,7347,7479,7447,7421,6723,6805,7330,7325,7174,7405,7435,7549,7234,7390,7437,7483,7393,7359,7403,7062,6813,7257,7375,7348,7433,7353,7332,7020,7456,6500,7214,7413,7454,7382,7527,7409,6889,7413,7437,7403,6340,7366,7204,7481,7325,7379,7247,7176,7079,7450,7287,7524,7490,6677,7283,7228,7438,7409,7161,7418,7150,7412,7436,7181,7317,7471,7428,7422,7321,7444,7128,7267,7485,6386,7504,6551,7228,7313,7395,7407,7347,7522,7137,7211,7340,6275,7461,7359,6805,7408,7148,7282,7316,7139,7337,7351
1631,7354,7487,7454,7427,6739,6812,7340,7333,7183,7412,7443,7550,7247,7392,7442,7489,7401,7371,7416,7073,6823,7269,7381,7353,7444,7358,7338,7029,7462,6508,7220,7419,7458,7391,7537,7416,6895,7425,7448,7407,6348,7375,7211,7483,7332,7387,7258,7180,7090,7453,7290,7533,7498,6685,7295,7245,7445,7414,7171,7423,7158,7416,7442,7185,7327,7477,7431,7429,7330,7447,7138,7268,7486,6399,7508,6560,7236,7324,7398,7413,7356,7534,7148,7216,7346,6287,7468,7365,6814,7417,7160,7290,7325,7141,7350,7361
1632,7361,7495,7461,7432,6748,6819,7347,7340,7188,7422,7448,7556,7249,7398,7447,7503,7409,7381,7423,7085,6831,7276,7391,7358,7450,7363,7346,7042,7469,6516,7225,7431,7465,7399,7548,7424,6903,7432,7458,7414,6364,7379,7217,7489,7336,7392,7265,7187,7097,7462,7296,7540,7504,6693,7297,7252,7459,7419,7178,7433,7166,7428,7447,7193,7335,7485,7438,7438,7337,7454,7151,7275,7493,6406,7520,6573,7242,7333,7402,7418,7363,7538,7155,7230,7355,6298,7474,7370,6826,7424,7171,7297,7334,7146,7356,7367
1633,7369,7502,7465,7437,6754,6830,7357,7347,7198,7425,7462,7563,7258,7403,7452,7510,7414,7385,7429,7092,6834,7281,7400,7365,7463,7376,7349,7053,7474,6528,7233,7436,7469,7412,7560,7428,6908,7446,7462,7423,6378,7388,7224,7493,7349,7398,7273,7196,7106,7469,7300,7542,7511,6702,7302,7258,7466,7427,7186,7440,7176,7436,7456,7200,7344,7491,7447,7444,7347,7463,7160,7281,7499,6419,7526,6577,7253,7341,7408,7423,7371,7544,7161,7233,7361,6311,7478,7377,6837,7431,7178,7298,7341,7156,7365,7370
1634,7378,7505,7474,7444,6766,6837,7367,7352,7202,7431,7467,7571,7263,7411,7459,7514,7421,7392,7433,7100,6837,7294,7411,7376,7472,7381,7357,7067,7481,6535,7233,7443,7475,7422,7567,7433,6920,7456,7472,7431,6386,7394,7233,7507,7356,7405,7282,7210,7115,7477,7305,7546,7519,6713,7310,7263,7471,7436,7189,7450,7184,7445,7461,7213,7353,7493,7452,7449,7356,7474,7173,7288,7505,6428,7536,6583,7261,7347,7410,7430,7381,7553,7168,7242,7366,6322,7483,7384,6844,7438,7190,7309,7346,7157,7374,7378
1635,7390,7515,7483,7449,6776,6851,7378,7355,7212,7434,7477,7576,7266,7420,7470,7515,7429,7401,7442,7110,6843,7300,7415,7382,7478,7384,7360,7076,7486,6543,7237,7455,7482,7428,7575,7440,6925,7461,7479,7437,6396,7398,7238,7519,7361,7416,7288,7213,7122,7488,7311,7552,7522,6722,7321,7267,7483,7440,7199,7457,7193,7449,7469,7218,7360,7499,7456,7461,7365,7482,7183,7296,7517,6441,7543,6592,7271,7350,7418,7432,7391,7559,7178,7248,7371,6333,7487,7389,6853,7442,7198,7316,7352,7162,7382,7380
1636,7396,7517,7486,7453,6786,6860,7384,7367,7224,7445,7482,7581,7273,7430,7474,7520,7433,7407,7448,7116,6856,7311,7423,7386,7483,7391,7371,7086,7492,6554,7242,7463,7488,7434,7581,7441,6934,7471,7484,7446,6411,7403,7248,7525,7366,7422,7297,7217,7130,7494,7316,7560,7533,6730,7327,7278,7487,7446,7208,7461,7202,7460,7475,7221,7368,7506,7459,7466,7376,7490,7187,7306,7524,6451,7549,6598,7280,7360,7422,7440,7398,7562,7181,7255,7377,6342,7494,7397,6862,7448,7202,7327,7356,7164,7390,7386
1637,7401,7523,7493,7457,6791,6874,7392,7376,7231,7447,7488,7587,7284,7435,7484,7524,7438,7413,7461,7120,6862,7320,7433,7399,7488,7401,7382,7092,7499,6562,7248,7470,7499,7440,7587,7449,6940,7481,7490,7455,6419,7408,7259,7531,7374,7425,7305,7222,7136,7501,7319,7567,7538,6738,7335,7284,7493,7457,7216,7466,7207,7465,7486,7230,7377,7514,7468,7469,7379,7496,7193,7310,7531,6461,7559,6606,7289,7364,7432,7446,7405,7570,7189,7263,7387,6355,7497,7402,6868,7454,7215,7334,7367,7171,7396,7395
1638,7412,7525,7501,7463,6795,6887,7402,7378,7240,7457,7492,7594,7298,7438,7492,7527,7445,7419,7466,7132,6870,7326,7442,7407,7494,7411,7389,7102,7501,6576,7255,7479,7503,7448,7590,7453,6949,7488,7494,7462,6430,7418,7264,7538,7384,7430,7310,7231,7143,7505,7325,7571,7549,6748,7341,7295,7503,7460,7227,7472,7216,7470,7494,7242,7384,7518,7475,7472,7387,7504,7200,7314,7536,6471,7567,6612,7302,7372,7441,7453,7413,7574,7196,7274,7391,6372,7507,7408,6876,7462,7222,7339,7376,7181,7401,7402
1639,7418,7531,7506,7468,6809,6894,7409,7387,7247,7464,7500,7597,7308,7450,7498,7532,7462,7425,7471,7142,6883,7336,7447,7410,7506,7415,7400,7106,7508,6586,7264,7490,7509,7457,7597,7457,6959,7492,7502,7469,6441,7421,7275,7547,7393,7439,7312,7238,7156,7510,7329,7578,7554,6756,7350,7303,7508,7469,7237,7478,7219,7478,7500,7252,7388,7524,7483,7482,7392,7509,7209,7323,7541,6480,7575,6623,7309,7380,7445,7457,7425,7586,7203,7285,7400,6380,7515,7415,6883,7466,7231,7350,7384,7185,7408,7406
1640,7428,7538,7512,7474,6818,6898,7413,7393,7256,7471,7504,7603,7315,7460,7503,7538,7469,7433,7477,7152,6889,7345,7453,7416,7512,7424,7406,7116,7515,6594,7271,7505,7516,7466,7611,7463,6968,7497,7509,7477,6455,7429,7280,7549,7400,7451,7318,7248,7165,7516,7329,7588,7562,6772,7357,7309,7516,7474,7245,7486,7230,7484,7510,7261,7401,7531,7491,7490,7394,7517,7220,7325,7545,6488,7578,6631,7323,7386,7449,7464,7432,7591,7209,7295,7408,6390,7524,7420,6890,7477,7243,7353,7396,7189,7412,7412
1641,7433,7542,7519,7476,6828,6911,7418,7397,7263,7478,7512,7607,7320,7463,7508,7549,7475,7441,7481,7162,6900,7354,7462,7427,7517,7428,7413,7124,7525,6607,7275,7517,7524,7479,7619,7469,6977,7503,7519,7487,6465,7434,7287,7555,7408,7457,7323,7256,7171,7520,7335,7594,7569,6781,7365,7314,7524,7483,7258,7496,7237,7493,7518,7269,7413,7535,7502,7497,7402,7526,7230,7332,7549,6500,7582,6638,7332,7398,7455,7469,7438,7602,7216,7306,7411,6401,7530,7430,6894,7482,7253,7357,7405,7192,7417,7420
1642,7441,7550,7529,7481,6834,6920,7424,7401,7267,7484,7517,7613,7323,7468,7516,7556,7484,7444,7490,7173,6907,7365,7469,7434,7523,7432,7423,7134,7528,6619,7282,7523,7528,7488,7624,7473,6984,7512,7526,7492,6474,7444,7302,7560,7411,7464,7329,7263,7177,7523,7339,7600,7579,6791,7379,7322,7527,7487,7265,7503,7245,7498,7525,7276,7420,7541,7509,7505,7408,7531,7239,7341,7555,6516,7589,6644,7339,7401,7462,7470,7447,7609,7223,7316,7417,6413,7534,7434,6901,7488,7261,7367,7414,7193,7424,7426
1643,7448,7558,7532,7482,6846,6933,7434,7406,7275,7496,7525,7619,7332,7478,7520,7564,7492,7455,7494,7179,6922,7374,7477,7446,7530,7440,7434,7140,7536,6626,7292,7531,7539,7498,7632,7482,6993,7522,7533,7500,6484,7454,7311,7566,7423,7468,7334,7269,7182,7529,7348,7603,7590,6798,7386,7326,7535,7495,7273,7510,7255,7506,7530,7285,7429,7552,7510,7515,7416,7538,7249,7347,7560,6526,7592,6653,7343,7407,7474,7471,7455,7615,7227,7325,7425,6423,7544,7444,6906,7498,7267,7372,7422,7201,7426,7433
1644,7452,7565,7539,7487,6860,6945,7439,7412,7283,7500,7532,7624,7338,7489,7524,7573,7499,7460,7503,7190,6933,7385,7481,7453,7533,7447,7441,7149,7545,6636,7298,7543,7544,7505,7641,7487,6997,7529,7535,7505,6497,7457,7316,7571,7431,7473,7339,7278,7189,7535,7352,7610,7598,6806,7395,7334,7545,7504,7285,7515,7265,7511,7537,7294,7433,7560,7524,7525,7424,7549,7260,7350,7565,6537,7597,6662,7348,7412,7481,7479,7462,7622,7239,7335,7430,6433,7548,7448,6912,7506,7275,7381,7432,7209,7434,7439
1645,7458,7573,7544,7493,6869,6957,7446,7420,7286,7505,7537,7631,7346,7491,7528,7580,7506,7466,7509,7198,6945,7395,7488,7456,7537,7450,7457,7162,7547,6645,7303,7551,7546,7513,7647,7494,7006,7534,7540,7512,6502,7468,7328,7574,7438,7482,7344,7287,7197,7546,7357,7613,7603,6811,7401,7346,7554,7517,7290,7519,7273,7523,7542,7298,7439,7562,7530,7530,7431,7556,7267,7355,7570,6552,7603,6672,7352,7418,7487,7487,7469,7628,7244,7341,7441,6444,7553,7453,6929,7512,7280,7390,7433,7216,7441,7447
1646,7467,7585,7550,7501,6880,6974,7455,7427,7297,7512,7545,7641,7360,7493,7537,7585,7513,7470,7518,7204,6955,7400,7496,7464,7539,7457,7463,7168,7554,6658,7307,7558,7554,7516,7652,7501,7014,7541,7548,7518,6516,7473,7329,7579,7443,7488,7351,7294,7208,7551,7361,7619,7608,6819,7410,7352,7557,7527,7302,7526,7280,7532,7550,7302,7450,7565,7535,7544,7437,7561,7272,7358,7582,6564,7609,6677,7359,7419,7496,7491,7476,7636,7253,7346,7450,6455,7556,7461,6937,7520,7286,7397,7440,7218,7449,7456
1647,7473,7587,7553,7504,6890,6982,7463,7432,7304,7521,7551,7644,7372,7497,7550,7591,7517,7476,7524,7213,6965,7408,7502,7475,7545,7462,7468,7174,7560,6668,7318,7561,7562,7521,7658,7509,7020,7547,7556,7526,6526,7480,7338,7585,7448,7493,7360,7298,7222,7557,7367,7624,7618,6829,7416,7363,7566,7534,7306,7531,7286,7542,7562,7310,7458,7575,7538,7554,7445,7567,7282,7359,7585,6574,7616,6684,7370,7426,7501,7496,7478,7641,7262,7352,7456,6468,7561,7466,6950,7525,7293,7401,7446,7224,7458,7464
1648,7482,7594,7561,7509,6904,6992,7471,7436,7310,7527,7558,7649,7375,7499,7554,7595,7527,7482,7531,7217,6973,7415,7509,7486,7552,7467,7476,7183,7567,6682,7325,7574,7570,7536,7663,7516,7029,7556,7562,7533,6537,7487,7343,7590,7455,7500,7362,7304,7228,7561,7374,7629,7623,6846,7423,7369,7573,7539,7316,7539,7299,7547,7570,7317,7462,7580,7544,7564,7450,7571,7291,7362,7593,6584,7624,6694,7375,7429,7503,7505,7485,7645,7269,7357,7460,6481,7569,7476,6954,7531,7299,7405,7452,7229,7466,7471
1649,7486,7598,7568,7514,6910,7001,7483,7448,7326,7530,7567,7652,7382,7507,7558,7600,7534,7490,7539,7223,6982,7425,7515,7489,7556,7479,7482,7192,7570,6697,7327,7585,7575,7546,7672,7525,7036,7563,7570,7538,6551,7494,7353,7596,7462,7504,7369,7313,7236,7568,7381,7635,7628,6857,7429,7373,7580,7547,7325,7544,7306,7556,7577,7326,7466,7588,7549,7570,7457,7581,7297,7366,7597,6593,7629,6702,7385,7438,7510,7512,7491,7653,7280,7364,7469,6487,7576,7484,6963,7540,7302,7408,7457,7237,7478,7478
1650,7494,7604,7577,7521,6916,7006,7497,7454,7333,7539,7572,7654,7388,7512,7561,7607,7539,7499,7543,7232,6989,7431,7524,7502,7565,7485,7487,7198,7573,6708,7331,7595,7578,7549,7677,7531,7045,7568,7576,7546,6561,7504,7359,7601,7471,7509,7375,7324,7241,7569,7390,7640,7637,6875,7439,7382,7588,7555,7328,7547,7316,7567,7580,7332,7476,7589,7560,7573,7461,7588,7304,7373,7599,6606,7636,6709,7390,7444,7511,7518,7496,7656,7289,7372,7476,6498,7584,7487,6975,7547,7318,7410,7467,7240,7483,7483
1651,7499,7613,7581,7525,6931,7018,7505,7464,7344,7545,7577,7661,7397,7521,7568,7614,7545,7503,7554,7239,6996,7438,7537,7509,7569,7493,7498,7208,7580,6717,7336,7603,7583,7555,7683,7536,7059,7575,7577,7548,6569,7515,7365,7609,7479,7514,7382,7332,7249,7582,7394,7645,7640,6885,7448,7386,7603,7562,7333,7559,7322,7569,7586,7335,7481,7596,7569,7582,7469,7595,7310,7375,7604,6610,7638,6720,7402,7447,7519,7524,7502,7665,7294,7382,7483,6511,7589,7489,6985,7553,7326,7418,7474,7246,7489,7485
1652,7505,7619,7587,7529,6942,7027,7514,7466,7356,7556,7586,7668,7410,7527,7576,7624,7551,7505,7562,7247,7002,7447,7544,7518,7573,7499,7501,7217,7584,6727,7339,7611,7590,7565,7693,7541,7065,7579,7582,7558,6581,7525,7370,7613,7492,7519,7393,7340,7253,7590,7398,7647,7647,6892,7452,7391,7608,7569,7342,7563,7329,7576,7591,7343,7490,7600,7578,7589,7479,7605,7321,7380,7612,6619,7642,6727,7414,7450,7520,7532,7508,7673,7298,7391,7495,6524,7598,7494,6992,7558,7335,7424,7482,7250,7497,7495
1653,7511,7628,7593,7533,6959,7033,7521,7473,7362,7564,7593,7678,7421,7537,7579,7632,7558,7513,7566,7255,7012,7454,7551,7522,7583,7508,7505,7225,7591,6738,7345,7621,7600,7570,7697,7542,7082,7588,7587,7564,6592,7532,7376,7621,7501,7530,7396,7349,7260,7598,7401,7656,7651,6896,7458,7397,7612,7575,7353,7569,7334,7585,7595,7350,7496,7602,7583,7598,7484,7607,7330,7387,7613,6631,7645,6739,7417,7455,7523,7540,7518,7678,7303,7401,7503,6533,7607,7498,7004,7568,7344,7432,7487,7255,7499,7505
1654,7517,7634,7598,7537,6968,7041,7527,7481,7367,7573,7598,7682,7432,7541,7585,7634,7564,7516,7575,7265,7018,7465,7558,7529,7585,7512,7515,7231,7594,6747,7352,7627,7606,7582,7699,7552,7087,7593,7592,7576,6601,7536,7391,7628,7507,7531,7405,7353,7272,7602,7408,7663,7656,6907,7466,7407,7618,7579,7362,7573,7342,7595,7603,7357,7507,7607,7590,7608,7493,7613,7340,7393,7619,6636,7650,6750,7426,7465,7528,7550,7526,7682,7312,7409,7510,6545,7614,7505,7011,7575,7351,7438,7496,7258,7505,7512
1655,7523,7642,7607,7543,6978,7047,7536,7489,7375,7581,7604,7687,7439,7549,7593,7639,7569,7521,7580,7274,7028,7472,7562,7535,7589,7523,7521,7239,7601,6755,7360,7629,7611,7588,7703,7554,7094,7601,7594,7582,6610,7546,7399,7632,7514,7539,7413,7361,7277,7613,7413,7667,7660,6918,7470,7412,7622,7586,7376,7584,7348,7601,7606,7365,7515,7615,7596,7613,7500,7623,7346,7399,7625,6644,7656,6765,7434,7474,7534,7558,7536,7690,7325,7414,7517,6557,7619,7513,7019,7579,7356,7445,7500,7263,7512,7518
1656,7528,7650,7613,7549,6986,7064,7544,7497,7381,7590,7607,7690,7446,7554,7603,7648,7578,7530,7588,7280,7041,7475,7569,7542,7593,7530,7528,7253,7607,6764,7367,7633,7620,7595,7712,7560,7104,7614,7601,7589,6620,7552,7402,7636,7525,7547,7422,7366,7286,7617,7418,7669,7661,6930,7476,7419,7633,7591,7386,7591,7353,7609,7614,7378,7523,7616,7600,7619,7510,7631,7353,7405,7627,6652,7661,6774,7440,7481,7542,7566,7542,7699,7331,7420,7525,6568,7625,7519,7024,7584,7366,7459,7503,7268,7521,7526
1657,7533,7655,7621,7553,6997,7072,7549,7502,7391,7597,7615,7697,7453,7556,7608,7652,7588,7545,7594,7289,7048,7484,7575,7549,7599,7539,7533,7259,7611,6773,7376,7643,7624,7604,7719,7563,7115,7621,7606,7592,6632,7558,7409,7641,7531,7551,7429,7374,7294,7624,7427,7676,7666,6941,7485,7423,7638,7600,7392,7595,7362,7612,7618,7383,7529,7620,7614,7626,7516,7637,7362,7407,7634,6664,7668,6786,7444,7489,7552,7574,7546,7707,7341,7424,7529,6579,7631,7524,7031,7597,7374,7468,7512,7269,7526,7538
1658,7540,7662,7630,7556,7008,7083,7551,7509,7401,7600,7622,7703,7458,7561,7613,7662,7596,7548,7606,7300,7059,7490,7586,7553,7606,7548,7540,7268,7619,6785,7380,7650,7629,7612,7726,7565,7122,7628,7615,7597,6639,7565,7416,7648,7538,7559,7435,7380,7306,7630,7432,7680,7676,6947,7491,7433,7649,7607,7397,7603,7367,7615,7628,7391,7539,7625,7618,7627,7527,7645,7369,7414,7639,6679,7674,6797,7449,7497,7559,7576,7547,7717,7346,7433,7533,6584,7634,7533,7041,7602,7386,7477,7517,7272,7533,7546
1659,7544,7670,7636,7558,7017,7091,7556,7513,7407,7602,7627,7707,7467,7565,7620,7665,7603,7555,7613,7309,7069,7496,7594,7557,7608,7555,7544,7272,7628,6793,7386,7656,7635,7617,7731,7572,7131,7635,7624,7599,6646,7572,7425,7652,7547,7566,7439,7386,7315,7638,7438,7684,7679,6957,7495,7440,7659,7613,7405,7611,7373,7621,7632,7396,7547,7627,7625,7637,7533,7650,7374,7428,7646,6694,7678,6805,7460,7507,7565,7580,7553,7722,7353,7440,7541,6593,7639,7540,7053,7610,7397,7483,7527,7275,7546,7551
1660,7556,7677,7640,7560,7024,7097,7564,7523,7415,7608,7634,7713,7474,7571,7622,7672,7608,7563,7618,7320,7079,7501,7603,7562,7618,7563,7549,7280,7636,6800,7392,7659,7644,7628,7740,7574,7140,7646,7627,7603,6654,7580,7431,7655,7556,7573,7449,7395,7323,7641,7443,7688,7684,6974,7499,7449,7667,7620,7411,7615,7380,7631,7637,7404,7556,7632,7630,7647,7545,7658,7381,7432,7652,6706,7684,6811,7466,7517,7574,7585,7561,7731,7361,7450,7544,6598,7644,7546,7062,7621,7406,7490,7533,7279,7552,7556
1661,7570,7685,7646,7565,7034,7102,7571,7533,7424,7613,7639,7718,7477,7575,7626,7677,7614,7567,7622,7326,7087,7506,7607,7578,7628,7570,7558,7287,7649,6808,7402,7665,7646,7637,7745,7588,7154,7652,7637,7608,6666,7585,7436,7660,7566,7579,7458,7400,7334,7648,7451,7692,7693,6984,7502,7455,7675,7627,7417,7622,7386,7634,7643,7413,7565,7642,7638,7650,7551,7659,7391,7439,7659,6712,7688,6822,7473,7526,7578,7588,7566,7732,7366,7460,7553,6610,7650,7553,7072,7624,7414,7497,7537,7283,7558,7562
1662,7577,7692,7657,7575,7043,7111,7575,7544,7426,7619,7647,7724,7484,7582,7632,7688,7626,7572,7628,7337,7098,7512,7613,7584,7636,7570,7564,7295,7654,6817,7409,7668,7650,7644,7754,7596,7166,7659,7641,7614,6677,7594,7438,7665,7570,7585,7466,7408,7345,7652,7452,7694,7699,6990,7509,7458,7680,7630,7422,7626,7399,7640,7651,7421,7570,7645,7643,7657,7561,7661,7398,7446,7665,6724,7691,6832,7483,7539,7587,7593,7572,7741,7373,7467,7557,6618,7654,7560,7085,7632,7419,7507,7547,7285,7567,7570
1663,7584,7700,7663,7581,7058,7117,7580,7547,7432,7625,7652,7726,7491,7589,7636,7697,7632,7580,7634,7347,7105,7522,7616,7588,7644,7580,7569,7311,7660,6826,7412,7676,7656,7650,7762,7599,7171,7662,7645,7617,6688,7599,7448,7671,7577,7589,7469,7413,7350,7661,7458,7700,7705,7002,7514,7470,7686,7634,7431,7633,7408,7647,7660,7428,7579,7650,7647,7660,7568,7670,7406,7450,7671,6738,7699,6841,7491,7546,7589,7595,7580,7749,7381,7475,7566,6632,7659,7564,7091,7638,7427,7516,7551,7288,7578,7577
1664,7590,7702,7671,7585,7065,7129,7583,7559,7440,7630,7664,7729,7498,7597,7640,7704,7641,7591,7638,7352,7111,7531,7620,7592,7651,7583,7575,7320,7665,6841,7416,7682,7660,7656,7768,7605,7182,7664,7646,7618,6699,7606,7454,7673,7584,7597,7477,7424,7359,7667,7461,7703,7708,7016,7527,7474,7694,7640,7436,7639,7418,7651,7664,7437,7587,7657,7653,7666,7576,7677,7414,7454,7675,6753,7703,6850,7502,7550,7595,7601,7585,7753,7391,7480,7574,6647,7661,7573,7097,7647,7434,7523,7558,7291,7589,7585
1665,7594,7713,7678,7589,7070,7140,7590,7568,7451,7638,7671,7734,7503,7600,7644,7714,7648,7596,7641,7360,7120,7533,7627,7593,7657,7589,7579,7332,7672,6847,7420,7690,7666,7666,7778,7610,7192,7668,7650,7626,6709,7611,7461,7680,7588,7600,7483,7430,7373,7672,7464,7704,7712,7023,7534,7477,7702,7644,7440,7645,7421,7656,7673,7444,7595,7663,7657,7676,7585,7683,7425,7460,7687,6765,7704,6861,7508,7560,7600,7605,7590,7764,7402,7487,7579,6657,7667,7577,7106,7654,7445,7528,7569,7298,7599,7589
1666,7599,7719,7682,7594,7077,7149,7596,7576,7470,7645,7679,7738,7512,7606,7648,7722,7654,7601,7648,7368,7127,7537,7636,7597,7662,7596,7589,7336,7678,6862,7427,7692,7677,7677,7787,7616,7204,7675,7654,7632,6724,7618,7468,7684,7593,7605,7487,7438,7381,7678,7472,7709,7720,7036,7541,7484,7706,7651,7445,7650,7426,7663,7677,7454,7602,7666,7664,7678,7595,7691,7432,7469,7693,6780,7711,6870,7514,7568,7606,7612,7592,7768,7410,7492,7586,6663,7672,7584,7114,7662,7452,7537,7577,7303,7608,7591
1667,7604,7725,7688,7600,7081,7160,7606,7585,7477,7650,7683,7741,7518,7610,7658,7728,7663,7603,7655,7378,7133,7539,7640,7606,7670,7601,7596,7339,7688,6872,7437,7698,7680,7684,7793,7624,7210,7677,7666,7636,6743,7625,7478,7695,7600,7609,7491,7442,7385,7689,7478,7711,7726,7041,7548,7493,7717,7658,7449,7657,7431,7669,7684,7461,7610,7673,7666,7688,7602,7697,7440,7477,7696,6791,7715,6885,7521,7573,7613,7614,7604,7773,7414,7496,7597,6670,7679,7595,7127,7668,7457,7540,7587,7307,7611,7602
1668,7614,7727,7691,7610,7088,7166,7617,7589,7480,7659,7693,7750,7523,7616,7664,7732,7671,7611,7662,7388,7143,7546,7641,7611,7679,7615,7605,7346,7692,6884,7446,7705,7683,7686,7796,7627,7216,7685,7672,7644,6756,7633,7488,7699,7604,7617,7495,7449,7393,7694,7486,7716,7728,7054,7559,7505,7723,7671,7460,7659,7442,7674,7692,7468,7619,7680,7675,7693,7604,7701,7445,7481,7704,6801,7722,6894,7526,7580,7618,7620,7611,7781,7422,7506,7601,6680,7685,7601,7135,7673,7465,7552,7595,7310,7629,7614
1669,7621,7734,7696,7614,7101,7173,7629,7600,7487,7664,7699,7760,7533,7622,7671,7742,7679,7617,7669,7397,7151,7553,7649,7617,7686,7621,7611,7356,7698,6890,7453,7710,7690,7693,7807,7634,7224,7692,7679,7647,6767,7641,7493,7705,7611,7626,7502,7463,7401,7699,7490,7718,7742,7060,7564,7513,7728,7676,7465,7662,7446,7685,7697,7478,7628,7685,7679,7701,7610,7704,7460,7488,7710,6808,7725,6905,7537,7589,7624,7625,7615,7785,7432,7519,7605,6691,7688,7605,7144,7679,7473,7559,7602,7314,7636,7623
1670,7624,7741,7702,7623,7107,7180,7636,7609,7494,7669,7703,7764,7538,7628,7680,7754,7686,7621,7679,7403,7158,7564,7659,7624,7690,7631,7613,7364,7703,6901,7458,7716,7698,7699,7815,7639,7229,7703,7683,7654,6777,7646,7496,7710,7618,7634,7507,7471,7409,7704,7492,7724,7747,7073,7572,7519,7732,7681,7474,7669,7455,7692,7703,7485,7632,7696,7682,7706,7616,7706,7466,7492,7718,6814,7733,6909,7544,7595,7629,7630,7621,7789,7439,7527,7617,6701,7691,7617,7151,7684,7478,7568,7613,7317,7648,7628
1671,7631,7749,7710,7625,7116,7189,7640,7613,7502,7676,7710,7766,7543,7634,7685,7756,7690,7627,7691,7411,7170,7573,7664,7631,7699,7637,7615,7368,7715,6909,7459,7722,7703,7707,7819,7646,7240,7710,7688,7655,6786,7652,7503,7717,7629,7642,7517,7485,7416,7711,7493,7730,7751,7083,7577,7528,7741,7685,7479,7672,7463,7697,7709,7490,7642,7700,7689,7712,7620,7712,7474,7495,7722,6825,7738,6922,7551,7602,7633,7636,7625,7794,7447,7536,7621,6706,7695,7627,7166,7693,7489,7573,7623,7323,7660,7638
1672,7641,7759,7713,7632,7124,7199,7646,7617,7507,7686,7714,7770,7548,7637,7698,7758,7698,7633,7695,7417,7181,7579,7669,7636,7709,7642,7624,7384,7725,6915,7463,7730,7711,7716,7826,7650,7246,7718,7690,7664,6791,7663,7513,7720,7631,7650,7522,7496,7422,7717,7495,7735,7756,7088,7587,7535,7749,7693,7489,7678,7468,7699,7717,7499,7649,7706,7694,7718,7629,7719,7481,7499,7727,6839,7746,6931,7559,7604,7640,7645,7627,7802,7459,7539,7626,6716,7699,7634,7168,7698,7503,7582,7630,7325,7665,7647
1673,7648,7761,7718,7636,7131,7213,7656,7628,7516,7694,7720,7775,7556,7643,7706,7765,7702,7640,7700,7426,7192,7588,7675,7643,7714,7649,7630,7395,7729,6922,7471,7737,7714,7723,7833,7653,7259,7721,7693,7667,6803,7668,7525,7724,7640,7655,7527,7500,7436,7725,7498,7737,7760,7096,7589,7543,7758,7700,7497,7682,7478,7707,7723,7504,7654,7709,7698,7722,7636,7723,7490,7504,7730,6851,7752,6933,7567,7608,7643,7653,7632,7806,7468,7545,7635,6729,7702,7640,7177,7700,7508,7586,7637,7330,7672,7657
1674,7652,7771,7726,7640,7141,7217,7665,7633,7524,7700,7723,7785,7565,7649,7711,7771,7708,7642,7711,7431,7198,7591,7684,7649,7714,7653,7636,7406,7734,6932,7475,7744,7719,7731,7835,7663,7268,7727,7700,7675,6813,7672,7526,7727,7649,7662,7533,7506,7442,7730,7506,7745,7765,7108,7592,7549,7770,7706,7502,7689,7482,7714,7728,7512,7658,7717,7707,7728,7649,7731,7492,7508,7733,6861,7758,6945,7576,7614,7647,7659,7641,7817,7473,7550,7644,6743,7705,7650,7184,7704,7515,7590,7644,7333,7677,7665
1675,7658,7775,7731,7645,7152,7230,7670,7636,7532,7712,7734,7787,7573,7655,7716,7775,7713,7650,7715,7435,7211,7596,7689,7661,7721,7661,7642,7415,7738,6938,7480,7751,7725,7736,7843,7668,7273,7734,7705,7681,6820,7682,7538,7737,7655,7673,7541,7521,7448,7736,7508,7746,7766,7122,7602,7560,7778,7712,7510,7697,7489,7720,7737,7520,7661,7721,7713,7740,7655,7737,7499,7514,7742,6869,7768,6953,7587,7619,7653,7664,7650,7822,7485,7556,7649,6752,7711,7653,7191,7708,7519,7596,7651,7337,7681,7674
1676,7664,7783,7738,7653,7166,7236,7674,7645,7541,7715,7741,7791,7579,7662,7722,7779,7719,7663,7723,7445,7226,7606,7691,7664,7728,7669,7648,7424,7743,6947,7485,7761,7732,7740,7846,7674,7282,7739,7708,7685,6830,7691,7545,7744,7662,7678,7549,7528,7453,7740,7510,7752,7770,7134,7608,7566,7782,7716,7517,7706,7495,7722,7740,7526,7666,7727,7715,7749,7664,7742,7505,7523,7744,6874,7778,6959,7601,7623,7655,7668,7657,7826,7492,7562,7657,6764,7718,7661,7204,7710,7526,7601,7658,7343,7687,7681
1677,7669,7787,7743,7655,7177,7250,7678,7647,7547,7724,7748,7793,7590,7666,7724,7785,7724,7675,7730,7453,7237,7616,7697,7672,7734,7680,7654,7428,7747,6957,7487,7770,7742,7744,7852,7680,7283,7741,7712,7692,6841,7696,7549,7753,7668,7685,7557,7536,7462,7744,7514,7755,7774,7146,7616,7572,7787,7721,7527,7714,7506,7729,7749,7537,7679,7732,7722,7759,7667,7746,7509,7527,7752,6881,7784,6971,7607,7631,7660,7677,7665,7835,7499,7573,7661,6775,7719,7669,7213,7719,7533,7610,7665,7344,7692,7688
1678,7678,7790,7750,7661,7187,7260,7682,7651,7552,7730,7750,7801,7594,7670,7734,7792,7724,7684,7733,7463,7244,7624,7701,7677,7741,7683,7662,7437,7753,6968,7492,7775,7748,7753,7859,7685,7292,7747,7714,7699,6851,7704,7555,7760,7679,7688,7565,7540,7469,7748,7518,7759,7777,7152,7619,7579,7791,7728,7533,7721,7521,7735,7757,7542,7686,7740,7730,7767,7675,7748,7523,7533,7760,6890,7790,6977,7615,7640,7665,7683,7671,7842,7509,7579,7670,6792,7720,7678,7229,7722,7540,7614,7669,7348,7699,7693
1679,7690,7798,7758,7666,7190,7268,7688,7657,7561,7734,7757,7805,7601,7676,7740,7798,7727,7690,7739,7474,7253,7628,7705,7682,7744,7689,7666,7443,7762,6975,7499,7776,7755,7760,7871,7691,7299,7758,7715,7707,6859,7711,7565,7766,7684,7697,7570,7546,7476,7758,7520,7766,7782,7159,7624,7583,7801,7737,7541,7731,7526,7740,7766,7550,7691,7748,7735,7779,7682,7750,7535,7538,7767,6903,7799,6981,7624,7645,7672,7690,7683,7845,7515,7583,7674,6801,7725,7680,7243,7726,7549,7622,7677,7353,7702,7697
1680,7699,7800,7760,7675,7201,7279,7695,7661,7566,7738,7763,7813,7608,7684,7745,7804,7734,7693,7743,7480,7259,7634,7707,7693,7748,7696,7677,7450,7767,6984,7504,7779,7759,7765,7877,7700,7305,7764,7716,7717,6868,7720,7573,7771,7685,7699,7573,7555,7483,7763,7526,7769,7784,7171,7626,7590,7807,7744,7549,7737,7530,7747,7772,7559,7703,7756,7740,7789,7687,7757,7544,7545,7770,6915,7804,6990,7628,7651,7675,7697,7691,7855,7526,7596,7677,6804,7726,7689,7250,7731,7563,7627,7683,7358,7711,7703
1681,7708,7803,7767,7679,7207,7289,7702,7669,7578,7742,7768,7820,7618,7688,7749,7810,7735,7704,7747,7489,7268,7642,7712,7699,7755,7700,7682,7455,7768,6996,7511,7783,7767,7769,7881,7705,7314,7770,7721,7723,6876,7726,7577,7780,7692,7706,7582,7562,7489,7767,7531,7773,7792,7178,7635,7597,7813,7751,7558,7749,7537,7753,7778,7565,7711,7760,7746,7793,7697,7761,7558,7549,7777,6920,7811,6999,7636,7654,7684,7702,7697,7857,7531,7603,7680,6813,7730,7697,7258,7736,7567,7634,7688,7364,7714,7711
1682,7719,7808,7771,7683,7222,7298,7706,7677,7582,7751,7773,7825,7625,7693,7754,7818,7742,7709,7753,7497,7278,7649,7717,7705,7758,7704,7689,7461,7772,7006,7517,7789,7774,7771,7885,7710,7320,7775,7728,7727,6886,7727,7583,7782,7700,7710,7594,7568,7499,7774,7535,7779,7798,7183,7641,7606,7822,7759,7565,7754,7542,7756,7781,7572,7713,7766,7755,7795,7701,7766,7569,7556,7783,6927,7820,7005,7641,7658,7690,7704,7702,7867,7535,7607,7689,6822,7738,7704,7269,7743,7581,7640,7693,7365,7720,7717
1683,7730,7813,7774,7685,7231,7307,7708,7684,7591,7755,7780,7825,7629,7702,7763,7822,7751,7712,7760,7502,7286,7654,7725,7714,7765,7710,7701,7466,7777,7018,7523,7795,7779,7781,7892,7715,7330,7783,7731,7734,6893,7732,7592,7787,7707,7721,7603,7572,7505,7780,7539,7786,7801,7191,7645,7611,7831,7764,7576,7759,7547,7760,7787,7578,7717,7775,7760,7799,7706,7772,7578,7562,7785,6930,7825,7013,7649,7669,7696,7711,7708,7875,7550,7616,7693,6831,7741,7710,7278,7748,7588,7647,7696,7370,7725,7725
1684,7739,7820,7777,7690,7240,7316,7708,7691,7598,7761,7788,7830,7635,7705,7771,7827,7756,7717,7764,7511,7289,7659,7738,7721,7772,7715,7706,7471,7780,7029,7525,7798,7787,7784,7899,7722,7344,7789,7733,7745,6902,7744,7602,7791,7717,7734,7607,7576,7508,7788,7549,7792,7808,7205,7649,7615,7840,7770,7589,7761,7559,7766,7793,7585,7722,7779,7765,7807,7710,7775,7586,7570,7789,6940,7833,7022,7654,7673,7697,7716,7716,7883,7553,7623,7696,6845,7745,7719,7289,7752,7598,7655,7702,7372,7732,7732
1685,7745,7826,7782,7694,7251,7324,7713,7701,7607,7771,7792,7839,7639,7711,7778,7833,7763,7721,7772,7519,7300,7666,7743,7732,7778,7723,7713,7477,7785,7036,7527,7807,7797,7795,7903,7728,7357,7796,7740,7754,6909,7748,7607,7796,7723,7739,7612,7583,7519,7792,7560,7801,7812,7212,7658,7619,7850,7776,7594,7769,7569,7770,7798,7590,7730,7787,7775,7820,7714,7787,7591,7573,7795,6953,7842,7030,7664,7679,7703,7718,7722,7886,7558,7629,7706,6855,7750,7725,7299,7756,7607,7659,7704,7375,7740,7740
1686,7752,7829,7788,7697,7263,7330,7718,7709,7611,7774,7799,7841,7647,7716,7785,7836,7770,7730,7777,7528,7310,7672,7746,7739,7783,7728,7719,7484,7790,7046,7535,7820,7802,7800,7911,7734,7360,7805,7743,7760,6922,7754,7609,7801,7731,7747,7618,7591,7523,7800,7561,7807,7814,7223,7665,7627,7858,7783,7601,7774,7573,7774,7802,7598,7738,7794,7779,7824,7722,7791,7598,7581,7798,6963,7843,7034,7668,7684,7706,7722,7731,7897,7567,7633,7711,6860,7759,7739,7311,7765,7615,7662,7715,7377,7750,7746
1687,7757,7836,7796,7703,7269,7340,7723,7716,7616,7780,7810,7842,7651,7721,7787,7839,7773,7733,7779,7536,7319,7682,7753,7745,7787,7743,7726,7493,7793,7057,7540,7824,7810,7806,7923,7742,7368,7809,7746,7767,6931,7764,7616,7809,7739,7753,7623,7602,7530,7807,7561,7813,7816,7228,7676,7636,7865,7792,7609,7781,7580,7779,7809,7604,7749,7803,7783,7829,7731,7797,7608,7582,7801,6980,7847,7044,7674,7693,7711,7726,7736,7901,7573,7637,7719,6868,7766,7747,7319,7769,7622,7667,7724,7381,7759,7755
1688,7762,7842,7802,7707,7277,7350,7733,7723,7624,7792,7818,7850,7658,7728,7791,7851,7782,7738,7787,7544,7331,7686,7759,7751,7793,7754,7734,7502,7798,7063,7548,7830,7812,7811,7928,7748,7380,7814,7752,7775,6940,7771,7623,7815,7747,7764,7628,7609,7542,7812,7565,7816,7821,7233,7687,7641,7871,7793,7614,7784,7584,7782,7815,7609,7759,7811,7785,7836,7739,7803,7612,7588,7807,6991,7853,7059,7683,7698,7717,7729,7738,7904,7588,7647,7725,6876,7770,7753,7329,7778,7629,7672,7728,7382,7761,7757
1689,7768,7847,7806,7711,7281,7359,7743,7730,7631,7796,7822,7858,7666,7736,7799,7855,7786,7743,7791,7550,7338,7691,7767,7760,7798,7758,7740,7511,7803,7074,7552,7837,7818,7816,7931,7750,7386,7816,7756,7780,6946,7782,7632,7819,7752,7770,7637,7612,7549,7816,7570,7822,7829,7245,7690,7645,7877,7800,7620,7791,7594,7787,7824,7618,7765,7812,7790,7841,7745,7809,7624,7594,7813,6997,7857,7073,7687,7702,7719,7734,7741,7913,7596,7656,7731,6885,7775,7758,7337,7786,7636,7679,7736,7386,7765,7763
1690,7773,7853,7811,7715,7292,7368,7749,7737,7639,7800,7828,7863,7672,7739,7806,7861,7790,7755,7797,7563,7347,7699,7773,7765,7804,7762,7745,7514,7809,7083,7558,7843,7821,7827,7939,7758,7392,7821,7764,7790,6956,7788,7636,7828,7762,7779,7645,7620,7560,7819,7572,7832,7834,7257,7696,7653,7881,7802,7628,7795,7602,7795,7824,7624,7773,7820,7797,7847,7751,7817,7630,7597,7816,7003,7862,7081,7691,7707,7725,7738,7744,7917,7607,7664,7739,6898,7781,7763,7345,7788,7641,7687,7742,7388,7773,7772
1691,7780,7861,7821,7721,7300,7373,7753,7745,7643,7805,7835,7868,7680,7746,7812,7866,7793,7759,7806,7569,7354,7705,7779,7774,7813,7766,7746,7521,7813,7093,7562,7853,7825,7832,7943,7763,7401,7829,7772,7793,6963,7794,7649,7833,7767,7784,7651,7632,7568,7825,7574,7836,7839,7267,7700,7657,7884,7806,7636,7799,7606,7804,7827,7633,7784,7825,7798,7855,7759,7821,7637,7603,7819,7015,7865,7087,7697,7710,7729,7740,7749,7922,7611,7667,7745,6907,7789,7771,7358,7793,7650,7691,7746,7390,7779,7776
1692,7784,7865,7828,7729,7307,7381,7756,7753,7652,7812,7840,7876,7681,7751,7818,7867,7801,7765,7812,7577,7364,7709,7784,7785,7820,7774,7751,7525,7819,7101,7565,7855,7833,7837,7950,7772,7413,7836,7775,7794,6972,7798,7658,7837,7774,7791,7659,7644,7573,7831,7580,7843,7841,7275,7709,7663,7888,7810,7642,7803,7615,7813,7827,7640,7794,7831,7801,7864,7767,7831,7646,7608,7822,7022,7867,7092,7704,7712,7736,7747,7757,7925,7617,7670,7751,6914,7792,7778,7365,7798,7660,7696,7749,7393,7786,7788
1693,7788,7870,7833,7732,7312,7388,7763,7762,7655,7815,7849,7881,7691,7757,7825,7870,7805,7770,7820,7580,7372,7717,7790,7793,7825,7783,7759,7528,7824,7111,7571,7862,7838,7841,7957,7780,7427,7845,7780,7798,6983,7803,7664,7842,7785,7798,7667,7652,7578,7839,7582,7846,7845,7281,7717,7673,7895,7813,7647,7806,7621,7816,7834,7643,7800,7837,7807,7869,7779,7835,7653,7613,7824,7027,7874,7103,7713,7714,7738,7756,7767,7926,7620,7678,7758,6923,7797,7786,7370,7806,7667,7705,7753,7398,7797,7791
1694,7793,7876,7841,7739,7318,7393,7767,7768,7660,7822,7855,7886,7698,7766,7831,7876,7808,7779,7832,7590,7378,7722,7797,7801,7826,7790,7765,7542,7834,7124,7574,7865,7840,7844,7961,7790,7437,7850,7788,7810,6991,7808,7671,7845,7789,7805,7671,7661,7585,7844,7588,7853,7854,7291,7719,7676,7901,7817,7655,7812,7629,7823,7835,7653,7803,7840,7815,7876,7787,7841,7660,7618,7829,7039,7880,7108,7717,7720,7745,7762,7772,7929,7625,7683,7765,6934,7799,7795,7374,7809,7674,7712,7758,7400,7804,7796
1695,7800,7883,7848,7745,7323,7401,7773,7776,7673,7824,7860,7886,7704,7768,7838,7886,7815,7782,7838,7597,7385,7726,7800,7808,7831,7795,7774,7547,7837,7137,7579,7870,7844,7849,7964,7796,7448,7859,7792,7818,6996,7814,7677,7851,7794,7812,7677,7669,7591,7847,7591,7859,7860,7299,7726,7677,7910,7824,7665,7815,7634,7830,7840,7657,7811,7846,7820,7882,7792,7842,7669,7625,7835,7050,7885,7114,7724,7732,7749,7765,7780,7932,7629,7689,7768,6943,7803,7805,7381,7818,7686,7717,7768,7403,7809,7800
1696,7804,7888,7853,7752,7332,7414,7782,7787,7679,7826,7867,7889,7711,7772,7840,7890,7818,7790,7843,7603,7394,7732,7815,7814,7835,7800,7782,7554,7839,7148,7581,7872,7852,7856,7968,7803,7457,7871,7796,7823,7007,7818,7682,7858,7803,7820,7680,7674,7598,7849,7594,7864,7866,7305,7732,7680,7916,7825,7671,7819,7643,7836,7846,7659,7814,7851,7828,7885,7799,7848,7674,7629,7840,7056,7890,7120,7733,7737,7755,7770,7790,7936,7638,7695,7780,6954,7806,7811,7388,7821,7689,7724,7774,7407,7814,7805
1697,7812,7894,7861,7757,7340,7425,7786,7796,7689,7832,7870,7895,7715,7776,7845,7894,7824,7800,7845,7612,7404,7742,7818,7820,7839,7805,7787,7564,7850,7157,7584,7877,7860,7866,7971,7807,7460,7876,7805,7829,7017,7825,7693,7863,7816,7829,7683,7685,7608,7855,7598,7866,7870,7314,7734,7686,7919,7833,7676,7825,7649,7840,7851,7668,7824,7856,7833,7889,7806,7854,7680,7635,7849,7074,7895,7130,7738,7740,7759,7772,7794,7942,7643,7708,7783,6961,7806,7813,7395,7829,7693,7730,7780,7410,7821,7809
1698,7817,7902,7865,7761,7349,7434,7792,7801,7698,7836,7881,7903,7724,7782,7847,7898,7831,7807,7847,7619,7410,7750,7825,7827,7840,7809,7791,7572,7857,7164,7590,7885,7867,7873,7977,7813,7468,7881,7808,7832,7025,7831,7699,7871,7822,7836,7688,7695,7612,7864,7601,7872,7876,7327,7740,7691,7927,7838,7682,7831,7655,7846,7862,7673,7834,7861,7838,7893,7815,7859,7684,7643,7851,7087,7901,7143,7746,7747,7763,7778,7800,7949,7650,7718,7791,6969,7809,7822,7401,7830,7699,7737,7785,7416,7829,7818
1699,7824,7909,7868,7766,7359,7442,7793,7806,7703,7849,7884,7905,7731,7788,7849,7903,7837,7810,7855,7629,7419,7753,7832,7832,7847,7816,7801,7578,7866,7171,7597,7891,7872,7880,7983,7823,7477,7890,7811,7834,7031,7837,7706,7878,7829,7839,7692,7702,7623,7868,7606,7878,7882,7334,7742,7699,7932,7842,7689,7836,7660,7850,7866,7681,7839,7866,7843,7904,7817,7861,7692,7647,7852,7095,7910,7148,7750,7755,7774,7779,7807,7954,7657,7722,7802,6983,7814,7830,7408,7837,7708,7748,7790,7420,7837,7823
1700,7834,7917,7872,7768,7366,7453,7800,7812,7710,7850,7890,7908,7737,7797,7856,7908,7841,7820,7858,7636,7428,7761,7838,7841,7855,7820,7805,7580,7869,7181,7607,7897,7878,7883,7985,7826,7484,7895,7818,7845,7037,7839,7713,7881,7834,7844,7695,7711,7630,7875,7611,7885,7889,7345,7750,7706,7941,7846,7697,7843,7667,7855,7878,7687,7846,7871,7847,7909,7821,7866,7696,7653,7861,7104,7917,7163,7752,7760,7780,7784,7810,7959,7665,7729,7807,6987,7817,7837,7414,7841,7717,7754,7796,7423,7846,7830
1701,7842,7922,7875,7770,7373,7462,7806,7819,7719,7855,7897,7910,7744,7801,7862,7913,7850,7826,7863,7641,7440,7767,7842,7849,7859,7828,7812,7599,7872,7189,7608,7901,7881,7889,7990,7833,7491,7902,7821,7846,7047,7849,7718,7886,7839,7850,7701,7720,7634,7878,7612,7887,7894,7353,7760,7715,7946,7849,7703,7850,7670,7861,7882,7693,7850,7875,7849,7911,7828,7871,7706,7655,7865,7109,7925,7175,7760,7767,7786,7791,7815,7966,7671,7732,7821,6996,7819,7847,7425,7849,7725,7761,7808,7426,7854,7838
1702,7846,7928,7879,7775,7380,7471,7813,7828,7725,7859,7905,7911,7755,7808,7869,7918,7851,7829,7868,7646,7450,7776,7849,7851,7862,7833,7821,7607,7875,7196,7612,7906,7884,7894,7993,7839,7500,7905,7827,7858,7052,7856,7722,7889,7846,7857,7705,7728,7639,7885,7616,7894,7903,7363,7765,7725,7946,7852,7712,7853,7675,7865,7889,7697,7855,7878,7851,7916,7835,7877,7714,7660,7869,7117,7931,7182,7766,7770,7793,7797,7824,7973,7673,7738,7826,7007,7822,7855,7431,7854,7732,7768,7819,7429,7862,7845
1703,7852,7932,7885,7778,7386,7475,7821,7837,7734,7863,7908,7915,7762,7814,7871,7923,7854,7835,7875,7653,7459,7782,7852,7856,7865,7842,7826,7616,7879,7200,7618,7909,7887,7904,8001,7842,7504,7911,7829,7865,7059,7861,7730,7894,7855,7864,7712,7732,7647,7891,7620,7897,7908,7372,7768,7732,7950,7859,7715,7859,7677,7870,7892,7701,7862,7882,7855,7922,7840,7880,7723,7665,7872,7130,7935,7188,7772,7785,7800,7801,7835,7978,7681,7743,7834,7013,7826,7863,7438,7859,7740,7771,7831,7433,7867,7848
1704,7855,7940,7890,7783,7391,7484,7830,7842,7741,7870,7912,7921,7769,7817,7874,7929,7862,7844,7887,7662,7470,7788,7861,7863,7868,7845,7830,7620,7883,7205,7623,7913,7888,7912,8006,7849,7512,7919,7829,7870,7067,7867,7735,7902,7862,7870,7720,7734,7654,7892,7624,7902,7912,7378,7771,7739,7958,7868,7724,7864,7684,7879,7898,7702,7863,7885,7859,7926,7845,7883,7731,7668,7882,7139,7937,7195,7781,7794,7806,7803,7844,7983,7681,7753,7840,7018,7831,7868,7446,7864,7751,7776,7837,7435,7872,7853
1705,7859,7948,7900,7785,7404,7494,7836,7850,7744,7874,7915,7925,7773,7824,7880,7935,7874,7850,7894,7665,7478,7797,7866,7870,7872,7850,7836,7624,7887,7210,7628,7918,7896,7921,8011,7854,7519,7925,7834,7874,7075,7872,7738,7908,7868,7881,7727,7740,7664,7899,7627,7904,7920,7386,7781,7745,7961,7873,7731,7870,7687,7888,7902,7710,7868,7893,7868,7931,7854,7891,7740,7673,7888,7146,7941,7197,7786,7798,7815,7810,7853,7988,7688,7762,7844,7027,7834,7875,7454,7870,7758,7780,7845,7438,7877,7858
1706,7868,7950,7910,7790,7411,7502,7842,7857,7748,7877,7922,7929,7782,7830,7882,7944,7879,7856,7899,7671,7488,7802,7871,7878,7876,7860,7839,7629,7894,7221,7633,7924,7899,7928,8013,7858,7524,7929,7839,7882,7087,7875,7742,7915,7876,7892,7733,7745,7669,7903,7633,7908,7925,7394,7782,7752,7967,7878,7748,7879,7693,7896,7912,7715,7872,7900,7871,7936,7857,7896,7749,7677,7893,7157,7945,7207,7791,7807,7822,7818,7861,7998,7692,7768,7852,7035,7834,7880,7461,7874,7763,7784,7856,7441,7883,7865
1707,7873,7956,7921,7794,7417,7511,7848,7868,7758,7882,7928,7932,7787,7834,7890,7949,7880,7865,7903,7681,7497,7815,7881,7890,7881,7864,7841,7638,7901,7230,7637,7932,7902,7935,8015,7866,7532,7938,7845,7884,7097,7878,7751,7924,7882,7894,7738,7751,7677,7908,7638,7912,7928,7410,7786,7754,7971,7881,7754,7885,7702,7901,7916,7723,7875,7901,7876,7942,7865,7900,7756,7682,7896,7164,7954,7216,7793,7815,7823,7823,7863,8005,7702,7776,7860,7040,7838,7886,7463,7882,7770,7792,7863,7443,7895,7873
1708,7880,7966,7926,7799,7420,7518,7860,7869,7764,7886,7936,7937,7793,7841,7896,7956,7885,7870,7907,7689,7505,7819,7889,7896,7886,7872,7848,7647,7906,7237,7640,7942,7905,7941,8023,7871,7541,7944,7848,7892,7105,7880,7753,7937,7888,7902,7752,7756,7685,7910,7639,7919,7931,7423,7794,7761,7977,7888,7760,7887,7710,7905,7923,7728,7882,7904,7878,7949,7871,7904,7766,7688,7908,7174,7957,7223,7797,7818,7833,7827,7868,8007,7715,7783,7867,7049,7845,7888,7471,7887,7781,7801,7869,7448,7898,7881
1709,7885,7969,7932,7803,7426,7527,7865,7877,7768,7895,7939,7937,7793,7847,7902,7963,7888,7875,7912,7696,7516,7827,7894,7901,7892,7878,7855,7652,7914,7241,7647,7949,7912,7946,8028,7877,7549,7952,7850,7897,7115,7888,7759,7945,7893,7908,7760,7767,7694,7915,7645,7925,7939,7429,7800,7765,7980,7892,7770,7898,7716,7915,7932,7738,7894,7911,7882,7961,7877,7909,7774,7693,7911,7179,7965,7235,7804,7825,7836,7829,7873,8011,7722,7786,7867,7057,7849,7895,7478,7894,7791,7808,7875,7451,7903,7885
1710,7892,7975,7937,7807,7436,7538,7872,7882,7773,7901,7946,7940,7796,7854,7906,7968,7892,7880,7922,7701,7524,7831,7899,7906,7897,7881,7858,7661,7918,7247,7649,7954,7917,7950,8036,7882,7557,7963,7856,7899,7130,7892,7764,7947,7899,7913,7764,7776,7703,7921,7652,7929,7945,7441,7816,7771,7987,7896,7776,7904,7718,7922,7940,7746,7898,7914,7885,7967,7880,7915,7781,7696,7915,7187,7969,7244,7807,7828,7837,7835,7880,8018,7728,7793,7873,7063,7857,7899,7487,7900,7796,7812,7882,7452,7911,7893
1711,7900,7983,7943,7810,7440,7544,7881,7892,7779,7908,7956,7944,7805,7864,7908,7971,7898,7885,7927,7707,7535,7837,7905,7910,7901,7888,7864,7666,7925,7256,7661,7958,7921,7953,8039,7887,7563,7971,7860,7901,7139,7901,7773,7956,7904,7916,7766,7781,7708,7925,7658,7934,7949,7446,7821,7782,7995,7901,7783,7910,7728,7925,7948,7751,7905,7920,7887,7974,7886,7922,7786,7699,7921,7194,7970,7255,7813,7838,7850,7842,7886,8026,7734,7802,7881,7072,7864,7909,7492,7906,7801,7816,7885,7457,7917,7895
1712,7901,7989,7947,7814,7443,7552,7885,7896,7783,7911,7961,7946,7811,7870,7912,7974,7903,7896,7931,7710,7540,7841,7907,7916,7906,7892,7868,7671,7931,7261,7664,7964,7929,7955,8043,7893,7567,7978,7867,7907,7154,7906,7785,7964,7908,7918,7771,7783,7715,7932,7665,7943,7953,7458,7827,7791,8004,7908,7790,7915,7734,7932,7952,7761,7907,7927,7891,7975,7894,7926,7790,7706,7927,7203,7975,7269,7818,7843,7853,7844,7890,8029,7738,7811,7886,7090,7868,7914,7499,7909,7806,7824,7894,7461,7924,7902
1713,7905,7992,7953,7818,7449,7556,7890,7905,7786,7916,7966,7952,7819,7874,7915,7979,7906,7898,7937,7720,7545,7848,7911,7923,7910,7901,7872,7682,7935,7276,7666,7968,7935,7964,8048,7897,7576,7983,7873,7913,7164,7914,7793,7968,7918,7923,7777,7788,7721,7936,7670,7944,7959,7465,7831,7799,8013,7916,7799,7921,7741,7940,7957,7773,7915,7932,7898,7984,7897,7929,7796,7709,7930,7211,7978,7276,7819,7855,7858,7850,7899,8032,7750,7815,7894,7095,7872,7918,7506,7910,7816,7828,7899,7465,7929,7908
1714,7910,7996,7958,7824,7455,7562,7895,7919,7790,7927,7968,7954,7825,7882,7926,7982,7909,7905,7942,7722,7559,7853,7922,7926,7916,7908,7880,7691,7942,7280,7673,7973,7940,7967,8054,7904,7588,7986,7877,7916,7175,7921,7801,7971,7926,7932,7791,7797,7722,7939,7675,7947,7962,7477,7836,7804,8015,7919,7807,7926,7746,7947,7963,7781,7924,7938,7905,7995,7904,7931,7805,7714,7934,7215,7983,7282,7822,7863,7864,7854,7907,8038,7751,7818,7898,7102,7874,7930,7512,7921,7830,7834,7904,7470,7936,7916
1715,7912,7999,7964,7828,7464,7572,7899,7929,7796,7931,7973,7958,7830,7890,7928,7985,7918,7914,7945,7724,7561,7863,7928,7931,7920,7910,7887,7697,7945,7288,7678,7975,7948,7978,8057,7907,7598,7993,7880,7924,7188,7924,7804,7976,7936,7937,7795,7802,7729,7945,7679,7954,7966,7489,7844,7811,8021,7924,7812,7934,7750,7951,7969,7787,7930,7943,7912,8001,7906,7937,7810,7719,7941,7222,7988,7292,7830,7869,7866,7858,7914,8045,7758,7823,7903,7107,7882,7935,7519,7925,7841,7843,7911,7474,7944,7929
1716,7918,8002,7970,7833,7474,7575,7909,7931,7801,7941,7978,7963,7838,7891,7934,7991,7925,7923,7948,7732,7574,7868,7935,7935,7927,7913,7890,7704,7948,7297,7681,7977,7952,7980,8058,7914,7603,7996,7883,7929,7203,7928,7810,7979,7941,7943,7802,7806,7738,7951,7684,7956,7973,7495,7851,7820,8029,7932,7817,7941,7754,7961,7972,7793,7933,7947,7918,8008,7916,7942,7817,7724,7946,7232,7993,7297,7837,7877,7870,7865,7918,8049,7766,7829,7904,7116,7886,7943,7527,7928,7848,7850,7917,7480,7953,7937
1717,7926,8008,7978,7837,7484,7584,7923,7937,7807,7946,7981,7966,7842,7895,7940,7996,7928,7927,7952,7738,7577,7879,7939,7938,7932,7919,7897,7708,7956,7307,7685,7983,7958,7983,8063,7920,7613,7998,7887,7936,7216,7932,7817,7986,7942,7957,7810,7809,7743,7956,7687,7963,7978,7501,7856,7824,8031,7936,7822,7948,7760,7965,7982,7798,7936,7952,7925,8014,7919,7943,7826,7725,7949,7244,7994,7305,7844,7880,7873,7868,7925,8053,7774,7837,7914,7120,7890,7949,7534,7933,7853,7857,7922,7484,7960,7942
1718,7929,8012,7981,7840,7490,7592,7927,7947,7816,7950,7987,7973,7852,7905,7944,8003,7932,7934,7957,7744,7585,7888,7943,7946,7937,7921,7910,7714,7963,7317,7690,7997,7962,7986,8070,7923,7616,8001,7895,7944,7226,7936,7825,7987,7948,7961,7816,7816,7749,7959,7688,7967,7985,7509,7861,7827,8036,7944,7828,7955,7764,7971,7987,7804,7941,7958,7928,8020,7926,7945,7830,7730,7960,7247,7998,7310,7851,7887,7876,7875,7934,8058,7779,7841,7924,7132,7893,7954,7543,7939,7863,7861,7927,7486,7966,7944
1719,7932,8017,7988,7845,7505,7598,7934,7952,7820,7954,7990,7977,7855,7912,7948,8011,7937,7939,7960,7749,7594,7893,7952,7951,7944,7927,7919,7725,7968,7324,7697,8008,7968,7990,8077,7929,7622,8005,7898,7952,7240,7943,7830,7993,7954,7966,7823,7825,7753,7963,7696,7973,7986,7514,7865,7828,8045,7948,7834,7960,7769,7975,7990,7809,7949,7964,7933,8029,7931,7954,7838,7739,7964,7253,8003,7319,7856,7890,7883,7878,7939,8063,7789,7849,7931,7139,7898,7966,7548,7948,7868,7866,7931,7490,7973,7946
1720,7940,8019,7993,7848,7513,7604,7938,7957,7827,7962,7995,7982,7860,7921,7953,8012,7941,7945,7966,7757,7600,7900,7959,7959,7952,7932,7926,7733,7972,7329,7702,8012,7973,7995,8082,7935,7632,8009,7905,7957,7245,7952,7838,7999,7960,7968,7827,7829,7758,7967,7700,7977,7993,7524,7877,7829,8052,7953,7838,7965,7774,7982,7996,7820,7954,7968,7937,8036,7933,7958,7843,7740,7968,7259,8007,7334,7863,7895,7887,7888,7945,8066,7791,7850,7934,7146,7903,7972,7551,7955,7875,7872,7936,7492,7980,7955
1721,7949,8024,7998,7852,7519,7614,7943,7960,7837,7966,8003,7987,7867,7925,7959,8020,7941,7950,7969,7761,7607,7904,7965,7965,7956,7940,7933,7741,7977,7337,7708,8019,7976,8002,8086,7939,7637,8013,7911,7964,7256,7959,7842,8008,7964,7974,7836,7837,7765,7971,7703,7984,8001,7532,7887,7837,8059,7965,7841,7970,7781,7988,8001,7831,7961,7974,7939,8043,7935,7965,7850,7743,7976,7266,8013,7345,7868,7898,7893,7890,7952,8074,7795,7856,7939,7153,7908,7982,7561,7957,7884,7883,7946,7498,7988,7958
1722,7959,8026,8001,7856,7527,7618,7949,7961,7842,7971,8007,7989,7870,7928,7966,8025,7950,7953,7976,7772,7616,7911,7969,7974,7963,7948,7936,7746,7988,7344,7713,8021,7980,8010,8093,7942,7645,8018,7917,7968,7263,7964,7849,8011,7967,7984,7839,7844,7771,7977,7706,7985,8009,7537,7893,7848,8064,7970,7847,7975,7787,7994,8003,7842,7967,7979,7946,8051,7941,7970,7855,7752,7982,7276,8022,7353,7874,7903,7896,7894,7955,8075,7804,7859,7943,7166,7911,7992,7569,7964,7896,7894,7954,7505,7992,7962
1723,7961,8030,8010,7860,7536,7625,7955,7965,7848,7976,8010,7995,7875,7932,7972,8028,7957,7959,7983,7779,7622,7916,7977,7978,7970,7951,7942,7753,7993,7348,7716,8023,7985,8015,8099,7945,7650,8019,7921,7970,7271,7971,7853,8016,7973,7988,7845,7854,7772,7979,7709,7986,8017,7547,7900,7851,8068,7974,7850,7984,7795,8002,8009,7847,7971,7987,7950,8058,7948,7977,7860,7757,7991,7285,8026,7363,7882,7914,7899,7897,7962,8080,7805,7863,7945,7176,7912,7999,7579,7967,7898,7901,7960,7510,8000,7967
1724,7968,8033,8018,7863,7543,7632,7962,7967,7851,7980,8017,8003,7882,7937,7976,8034,7961,7966,7987,7786,7629,7922,7981,7988,7975,7961,7948,7759,7997,7355,7722,8030,7989,8023,8105,7948,7659,8024,7926,7976,7274,7977,7862,8023,7978,7992,7851,7860,7783,7982,7715,7989,8023,7554,7909,7857,8073,7977,7857,7985,7798,8008,8014,7852,7980,7991,7958,8064,7958,7984,7862,7762,7992,7292,8028,7370,7885,7925,7902,7901,7964,8086,7810,7870,7950,7184,7915,8005,7581,7977,7904,7904,7965,7514,8011,7974
1725,7978,8039,8023,7869,7550,7641,7965,7975,7853,7983,8021,8005,7888,7941,7984,8039,7970,7970,7994,7791,7640,7925,7991,7994,7980,7968,7953,7764,8004,7366,7725,8034,7994,8028,8113,7953,7662,8029,7928,7979,7290,7983,7866,8030,7983,8003,7856,7871,7788,7985,7725,7991,8034,7564,7913,7865,8077,7982,7864,7988,7808,8016,8016,7856,7983,7998,7963,8069,7964,7988,7866,7767,7996,7300,8030,7376,7891,7932,7905,7906,7966,8091,7814,7880,7955,7189,7920,8016,7589,7982,7910,7910,7972,7520,8013,7979
1726,7983,8044,8024,7875,7560,7649,7972,7984,7854,7984,8024,8009,7893,7945,7987,8045,7984,7975,8000,7797,7650,7934,7995,7999,7987,7971,7962,7775,8009,7375,7729,8036,7999,8032,8115,7954,7671,8034,7930,7983,7300,7990,7873,8032,7992,8009,7864,7877,7793,7990,7729,7994,8040,7570,7918,7873,8078,7986,7868,7994,7816,8023,8020,7862,7986,7999,7966,8072,7975,7996,7868,7768,8001,7311,8033,7378,7896,7939,7909,7916,7969,8100,7819,7891,7960,7202,7929,8023,7600,7989,7922,7918,7979,7525,8017,7982
1727,7985,8046,8030,7882,7567,7655,7979,7990,7855,7991,8025,8013,7900,7948,7992,8050,7987,7980,8006,7807,7658,7940,8000,8004,7990,7975,7967,7780,8015,7385,7735,8040,8007,8036,8120,7959,7677,8039,7934,7990,7312,7999,7878,8035,7995,8018,7874,7883,7796,7995,7735,7996,8045,7578,7922,7880,8085,7991,7869,7999,7826,8028,8032,7870,7991,8004,7967,8076,7981,8001,7871,7777,8004,7318,8038,7386,7898,7947,7914,7918,7972,8107,7825,7900,7968,7210,7938,8027,7603,7995,7928,7925,7986,7532,8024,7985
1728,7989,8052,8035,7888,7575,7665,7985,7994,7862,7996,8033,8015,7909,7956,8001,8053,7990,7985,8012,7817,7667,7944,8004,8008,7991,7980,7974,7787,8021,7388,7739,8046,8009,8046,8126,7961,7685,8043,7936,7997,7325,8005,7888,8038,7998,8025,7877,7890,7799,8001,7741,8001,8048,7587,7927,7884,8090,7997,7874,8003,7832,8034,8036,7874,7995,8009,7970,8079,7983,8007,7880,7781,8010,7328,8043,7395,7907,7956,7922,7922,7979,8113,7828,7904,7974,7215,7941,8040,7610,7999,7936,7933,7992,7534,8029,7986
1729,7998,8060,8042,7890,7590,7676,7991,7997,7870,8002,8036,8021,7914,7964,8008,8058,7998,7997,8015,7826,7671,7950,8006,8010,7997,7986,7984,7792,8026,7399,7746,8055,8011,8054,8129,7964,7692,8046,7940,8004,7329,8011,7894,8041,8003,8030,7883,7893,7805,8004,7742,8004,8054,7595,7933,7893,8100,7999,7880,8004,7835,8036,8038,7878,8000,8013,7976,8085,7988,8013,7886,7785,8013,7334,8047,7404,7914,7963,7926,7925,7981,8118,7831,7909,7981,7223,7945,8045,7617,8006,7942,7943,7997,7540,8039,7992
1730,8006,8067,8046,7892,7600,7681,8000,8000,7875,8007,8042,8024,7919,7968,8014,8060,8001,8002,8019,7836,7675,7958,8008,8024,8005,7996,7990,7800,8031,7403,7753,8060,8014,8059,8134,7967,7700,8049,7946,8010,7341,8018,7905,8046,8011,8036,7889,7901,7807,8009,7745,8008,8058,7600,7942,7898,8102,8002,7886,8009,7842,8038,8042,7883,8004,8016,7981,8091,7995,8017,7895,7790,8016,7344,8050,7416,7919,7967,7933,7929,7988,8122,7833,7919,7991,7233,7953,8051,7622,8011,7948,7947,8002,7540,8042,7998
1731,8010,8072,8049,7896,7615,7695,8005,8005,7882,8016,8045,8024,7931,7968,8018,8067,8005,8010,8025,7844,7682,7961,8019,8028,8011,8000,8005,7807,8037,7408,7757,8068,8019,8062,8139,7974,7709,8051,7947,8016,7344,8021,7918,8049,8013,8041,7896,7905,7813,8018,7748,8012,8060,7605,7946,7908,8108,8010,7892,8013,7850,8046,8043,7888,8013,8019,7989,8097,7999,8019,7903,7793,8018,7356,8060,7427,7922,7973,7943,7934,7995,8127,7839,7924,7995,7242,7956,8064,7632,8018,7950,7955,8008,7541,8048,8003
1732,8014,8074,8058,7901,7630,7698,8010,8015,7886,8021,8049,8030,7937,7974,8032,8077,8009,8014,8033,7849,7690,7968,8026,8034,8014,8007,8011,7813,8045,7411,7762,8074,8024,8065,8145,7978,7711,8059,7950,8024,7349,8024,7923,8056,8021,8046,7903,7917,7821,8019,7752,8012,8064,7613,7952,7912,8110,8020,7900,8018,7855,8049,8048,7896,8019,8024,7994,8102,8002,8022,7908,7796,8022,7360,8065,7438,7927,7982,7948,7939,7997,8132,7845,7930,8000,7255,7959,8076,7640,8024,7954,7959,8013,7547,8053,8009
1733,8024,8078,8064,7904,7641,7710,8017,8019,7889,8024,8052,8033,7948,7980,8042,8084,8014,8021,8043,7857,7700,7973,8031,8045,8019,8010,8017,7820,8056,7419,7769,8082,8026,8071,8154,7985,7718,8066,7954,8028,7361,8026,7929,8057,8027,8053,7906,7923,7828,8022,7755,8017,8068,7621,7960,7920,8115,8023,7908,8021,7859,8054,8052,7903,8022,8028,7998,8108,8008,8026,7916,7798,8029,7368,8069,7447,7931,7982,7949,7943,8000,8134,7854,7933,8004,7262,7963,8081,7648,8031,7960,7962,8017,7550,8060,8016
1734,8029,8084,8070,7906,7651,7712,8019,8022,7897,8029,8055,8034,7955,7986,8047,8087,8017,8028,8050,7862,7708,7978,8032,8050,8022,8012,8018,7829,8062,7423,7773,8089,8032,8076,8155,7989,7723,8068,7959,8035,7368,8030,7940,8058,8034,8065,7912,7932,7833,8028,7758,8018,8076,7626,7968,7924,8120,8028,7916,8029,7867,8062,8056,7908,8033,8035,8000,8116,8010,8031,7920,7802,8031,7378,8073,7456,7942,7991,7955,7946,8008,8141,7866,7935,8010,7266,7969,8087,7661,8034,7966,7969,8023,7554,8066,8022
1735,8031,8089,8078,7908,7663,7719,8021,8030,7903,8034,8059,8036,7963,7988,8051,8090,8022,8030,8054,7868,7713,7982,8036,8052,8024,8019,8022,7835,8065,7434,7780,8097,8037,8082,8158,7992,7730,8073,7967,8037,7379,8037,7946,8063,8042,8067,7916,7940,7838,8037,7765,8021,8080,7632,7973,7928,8123,8033,7921,8032,7873,8066,8062,7912,8039,8037,8006,8119,8014,8033,7929,7805,8033,7385,8076,7464,7946,7994,7960,7947,8012,8144,7875,7941,8013,7281,7973,8094,7666,8037,7968,7975,8028,7559,8071,8028
1736,8037,8094,8080,7912,7672,7726,8028,8037,7912,8039,8064,8039,7972,7996,8061,8096,8028,8040,8059,7878,7722,7988,8037,8058,8025,8025,8024,7838,8066,7452,7784,8102,8041,8086,8163,7995,7737,8080,7969,8046,7382,8044,7952,8065,8045,8072,7923,7947,7845,8042,7768,8026,8087,7642,7979,7930,8129,8036,7924,8039,7879,8072,8065,7919,8041,8044,8008,8124,8023,8036,7934,7808,8039,7392,8078,7471,7950,8000,7963,7951,8020,8148,7876,7947,8015,7292,7979,8098,7675,8045,7971,7978,8033,7564,8075,8033
1737,8042,8101,8086,7913,7676,7735,8034,8043,7921,8046,8071,8041,7977,7998,8067,8103,8031,8044,8067,7888,7729,7994,8042,8062,8030,8033,8025,7843,8071,7463,7787,8106,8050,8090,8166,8003,7748,8088,7973,8053,7391,8045,7958,8069,8048,8077,7928,7957,7850,8043,7773,8028,8089,7649,7986,7934,8135,8042,7925,8043,7884,8076,8069,7924,8048,8049,8013,8127,8030,8043,7942,7814,8042,7402,8085,7476,7956,8010,7967,7953,8026,8156,7886,7954,8021,7302,7986,8100,7681,8049,7979,7980,8039,7567,8081,8036
1738,8051,8103,8092,7918,7686,7745,8040,8047,7925,8055,8078,8047,7986,8003,8070,8107,8037,8051,8073,7894,7734,8002,8049,8071,8037,8038,8030,7848,8079,7468,7796,8113,8057,8092,8168,8009,7751,8092,7977,8058,7396,8054,7962,8072,8052,8080,7937,7959,7857,8046,7779,8033,8092,7655,7992,7941,8138,8047,7934,8047,7891,8077,8076,7931,8051,8053,8015,8129,8034,8049,7948,7818,8046,7411,8093,7482,7960,8018,7970,7956,8032,8162,7894,7960,8027,7308,7988,8109,7684,8054,7990,7988,8044,7569,8089,8041
1739,8061,8105,8102,7922,7697,7753,8045,8051,7935,8057,8085,8052,7990,8007,8073,8113,8040,8059,8081,7901,7743,8010,8050,8077,8043,8040,8033,7852,8083,7473,7799,8116,8060,8097,8171,8010,7756,8094,7979,8060,7407,8056,7966,8074,8054,8087,7942,7963,7862,8053,7783,8036,8096,7662,8000,7944,8141,8052,7939,8054,7896,8082,8081,7934,8052,8059,8021,8135,8037,8053,7954,7827,8051,7418,8097,7486,7963,8028,7972,7958,8037,8167,7901,7967,8030,7319,7993,8119,7693,8055,7998,7997,8046,7574,8093,8046
1740,8068,8110,8109,7926,7706,7760,8052,8054,7942,8063,8089,8055,7996,8013,8079,8119,8041,8062,8084,7907,7748,8012,8054,8082,8047,8046,8037,7860,8086,7482,7801,8118,8065,8100,8176,8014,7761,8100,7980,8064,7417,8059,7968,8076,8059,8093,7945,7974,7873,8057,7785,8040,8106,7667,8004,7952,8143,8056,7944,8058,7900,8090,8083,7939,8054,8061,8026,8142,8041,8057,7960,7830,8055,7421,8103,7496,7966,8031,7978,7963,8045,8170,7910,7972,8034,7335,8001,8122,7703,8060,8004,8003,8052,7575,8094,8052
1741,8077,8114,8113,7932,7714,7769,8057,8056,7951,8064,8094,8057,8003,8017,8081,8125,8047,8071,8088,7913,7757,8018,8060,8090,8053,8050,8044,7872,8091,7491,7807,8121,8075,8107,8181,8016,7767,8103,7985,8069,7426,8062,7969,8079,8061,8096,7948,7979,7875,8064,7788,8042,8109,7675,8008,7956,8149,8064,7949,8059,7910,8093,8088,7947,8060,8065,8027,8150,8048,8062,7964,7833,8057,7432,8112,7500,7966,8034,7987,7966,8056,8170,7915,7977,8042,7344,8007,8129,7714,8072,8009,8012,8055,7580,8101,8054
1742,8081,8122,8120,7935,7720,7773,8065,8066,7958,8073,8099,8061,8006,8017,8086,8129,8051,8078,8092,7916,7763,8024,8061,8098,8055,8055,8050,7883,8092,7504,7811,8123,8080,8112,8187,8019,7774,8107,7987,8079,7435,8072,7981,8083,8069,8107,7953,7988,7880,8070,7789,8045,8113,7682,8010,7961,8154,8067,7952,8066,7918,8096,8092,7952,8068,8070,8034,8156,8058,8067,7968,7839,8059,7439,8116,7507,7973,8036,7994,7970,8059,8173,7923,7983,8045,7351,8011,8137,7724,8074,8014,8019,8059,7582,8108,8059
1743,8084,8124,8128,7941,7725,7784,8068,8069,7962,8083,8102,8066,8012,8024,8092,8130,8054,8082,8094,7925,7772,8029,8063,8102,8060,8060,8057,7888,8096,7518,7815,8129,8082,8119,8198,8027,7784,8111,7991,8086,7446,8075,7984,8086,8078,8108,7954,7998,7884,8074,7792,8049,8120,7689,8015,7964,8160,8071,7957,8069,7920,8103,8097,7957,8075,8073,8040,8165,8064,8078,7971,7843,8061,7446,8118,7512,7978,8047,7998,7973,8064,8178,7925,7991,8049,7365,8013,8146,7731,8080,8020,8027,8062,7585,8113,8063
1744,8086,8125,8132,7948,7731,7794,8076,8079,7967,8090,8108,8071,8018,8026,8098,8133,8059,8085,8095,7933,7775,8035,8067,8108,8065,8065,8062,7898,8098,7533,7816,8133,8083,8127,8201,8030,7790,8117,7994,8091,7453,8082,7987,8092,8083,8114,7961,8005,7891,8077,7794,8051,8122,7697,8017,7964,8163,8074,7962,8076,7926,8105,8102,7965,8082,8076,8043,8168,8069,8081,7976,7847,8069,7456,8123,7517,7986,8053,8004,7974,8068,8187,7931,7998,8051,7374,8019,8151,7738,8083,8023,8029,8069,7591,8116,8068
1745,8092,8129,8143,7949,7740,7797,8082,8085,7976,8098,8112,8073,8023,8029,8104,8138,8063,8091,8101,7942,7786,8037,8073,8113,8067,8071,8066,7901,8101,7537,7821,8137,8090,8128,8204,8034,7800,8120,8000,8094,7461,8086,7994,8099,8090,8122,7965,8008,7894,8079,7796,8053,8123,7709,8021,7968,8168,8080,7969,8078,7930,8107,8106,7967,8089,8083,8048,8173,8073,8084,7981,7850,8072,7466,8128,7527,7988,8057,8005,7980,8074,8191,7938,8003,8058,7382,8025,8154,7742,8088,8033,8034,8072,7594,8120,8073
1746,8095,8132,8146,7952,7748,7803,8089,8089,7983,8103,8115,8077,8029,8036,8108,8139,8071,8095,8107,7947,7790,8044,8074,8119,8070,8079,8070,7903,8110,7545,7826,8141,8095,8131,8209,8039,7806,8123,8007,8099,7465,8091,8001,8105,8095,8129,7973,8015,7899,8085,7800,8056,8124,7718,8026,7974,8173,8085,7972,8081,7936,8108,8109,7972,8093,8088,8052,8175,8077,8087,7985,7855,8077,7473,8133,7537,7988,8063,8009,7984,8075,8194,7942,8010,8064,7389,8030,8161,7752,8097,8040,8035,8076,7595,8125,8081
1747,8099,8136,8154,7959,7753,7806,8094,8100,7991,8109,8117,8082,8033,8042,8112,8140,8079,8100,8111,7951,7799,8047,8079,8124,8073,8086,8073,7911,8116,7551,7833,8143,8100,8133,8214,8047,7813,8132,8010,8107,7473,8093,8005,8107,8098,8136,7977,8020,7904,8092,7802,8058,8127,7729,8026,7977,8181,8088,7978,8084,7944,8111,8114,7979,8095,8093,8054,8184,8082,8093,7987,7861,8082,7480,8135,7543,7998,8066,8012,7985,8079,8197,7952,8019,8070,7392,8033,8167,7760,8101,8045,8036,8083,7599,8128,8081
1748,8103,8141,8160,7966,7761,7816,8100,8104,7998,8113,8123,8083,8040,8049,8116,8146,8085,8103,8117,7959,7814,8053,8088,8128,8079,8088,8077,7916,8122,7560,7839,8148,8103,8139,8214,8053,7820,8135,8017,8111,7478,8096,8011,8109,8105,8142,7984,8024,7909,8098,7804,8059,8130,7738,8031,7979,8185,8094,7988,8089,7952,8115,8122,7986,8099,8097,8057,8190,8088,8097,7994,7866,8086,7484,8140,7545,8008,8070,8017,7986,8082,8202,7957,8024,8075,7397,8039,8172,7766,8109,8050,8042,8088,7606,8134,8085
1749,8109,8145,8165,7967,7770,7831,8103,8106,8008,8117,8127,8085,8044,8055,8119,8146,8088,8109,8122,7965,7822,8057,8091,8131,8084,8091,8082,7921,8128,7566,7843,8151,8109,8143,8219,8065,7826,8139,8025,8115,7485,8098,8018,8113,8107,8145,7989,8030,7913,8103,7810,8060,8132,7747,8036,7990,8189,8098,7990,8089,7959,8120,8128,7997,8108,8098,8060,8196,8094,8102,8001,7869,8089,7490,8143,7555,8011,8073,8018,7989,8088,8204,7964,8030,8080,7404,8045,8178,7772,8115,8055,8048,8094,7607,8139,8095
1750,8115,8154,8171,7970,7775,7837,8108,8107,8018,8121,8134,8092,8050,8061,8123,8151,8094,8114,8125,7972,7831,8063,8096,8139,8086,8096,8086,7934,8134,7574,7847,8153,8114,8148,8222,8067,7838,8145,8028,8121,7491,8105,8020,8118,8113,8150,7993,8032,7918,8110,7812,8064,8136,7754,8044,7994,8192,8100,7998,8092,7962,8128,8131,8003,8112,8101,8063,8198,8099,8108,8006,7873,8096,7499,8151,7564,8018,8079,8022,7995,8092,8206,7971,8039,8081,7412,8048,8185,7774,8120,8061,8054,8100,7608,8145,8098
1751,8122,8159,8177,7971,7783,7844,8112,8112,8023,8124,8135,8095,8055,8066,8129,8155,8106,8117,8129,7980,7839,8066,8101,8147,8090,8099,8088,7940,8138,7581,7852,8158,8118,8153,8226,8072,7843,8149,8032,8127,7503,8113,8027,8119,8120,8159,7997,8037,7924,8111,7816,8070,8145,7759,8049,8002,8198,8108,8006,8097,7973,8134,8141,8006,8113,8108,8070,8203,8107,8110,8014,7875,8097,7509,8153,7572,8021,8086,8027,8002,8098,8210,7979,8045,8085,7419,8054,8191,7781,8126,8065,8062,8102,7611,8150,8101
1752,8124,8166,8182,7975,7792,7848,8115,8114,8033,8124,8140,8099,8059,8067,8134,8162,8111,8124,8136,7985,7849,8070,8103,8152,8094,8101,8091,7945,8143,7589,7854,8164,8121,8161,8235,8079,7855,8152,8038,8130,7505,8121,8030,8126,8127,8160,8002,8043,7933,8115,7819,8078,8149,7768,8056,8006,8200,8111,8009,8106,7982,8144,8149,8013,8121,8114,8075,8211,8112,8112,8021,7879,8097,7517,8154,7577,8024,8090,8033,8003,8100,8214,7989,8047,8092,7425,8060,8196,7788,8130,8069,8063,8106,7612,8160,8105
1753,8129,8171,8188,7980,7803,7852,8122,8116,8037,8132,8143,8106,8069,8076,8136,8170,8114,8128,8141,7992,7855,8071,8107,8155,8099,8108,8096,7946,8150,7596,7858,8168,8125,8167,8237,8088,7862,8154,8041,8136,7512,8123,8032,8131,8136,8165,8002,8049,7938,8119,7825,8084,8151,7772,8061,8012,8204,8116,8014,8109,7989,8150,8153,8015,8129,8119,8077,8217,8115,8114,8027,7882,8102,7524,8156,7587,8026,8091,8036,8006,8103,8219,7995,8050,8096,7429,8062,8199,7800,8136,8075,8065,8111,7612,8164,8107
1754,8131,8177,8193,7990,7815,7860,8125,8124,8046,8135,8150,8110,8078,8084,8147,8174,8121,8131,8142,7994,7859,8076,8109,8163,8099,8111,8099,7954,8152,7601,7862,8175,8131,8173,8242,8092,7876,8155,8049,8143,7517,8129,8033,8135,8144,8169,8010,8052,7947,8128,7825,8085,8159,7777,8065,8018,8209,8119,8019,8112,7993,8155,8159,8023,8133,8124,8080,8222,8121,8115,8032,7887,8106,7534,8158,7593,8031,8101,8043,8009,8103,8222,7997,8054,8100,7435,8064,8203,7809,8142,8077,8071,8116,7617,8167,8117
1755,8134,8181,8195,7994,7822,7865,8129,8133,8050,8141,8155,8117,8085,8090,8154,8179,8128,8135,8144,8001,7866,8079,8110,8168,8104,8115,8103,7959,8154,7609,7867,8185,8136,8179,8247,8097,7881,8163,8053,8146,7526,8135,8036,8138,8146,8172,8013,8055,7951,8132,7826,8091,8161,7785,8071,8026,8216,8122,8029,8114,8000,8164,8164,8026,8139,8126,8085,8229,8123,8119,8037,7891,8110,7546,8162,7602,8038,8103,8046,8011,8105,8228,8001,8059,8105,7447,8068,8208,7812,8147,8082,8074,8122,7617,8172,8118
1756,8140,8185,8203,8000,7828,7870,8136,8137,8051,8154,8160,8121,8088,8092,8157,8182,8131,8142,8149,8010,7868,8084,8115,8179,8110,8120,8106,7965,8156,7617,7870,8195,8140,8183,8252,8099,7886,8172,8056,8149,7533,8137,8044,8143,8153,8181,8019,8063,7954,8134,7829,8093,8163,7798,8074,8031,8219,8128,8038,8116,8008,8166,8166,8033,8145,8130,8087,8235,8127,8125,8042,7894,8113,7553,8166,7610,8043,8107,8052,8015,8109,8234,8004,8065,8113,7459,8071,8211,7821,8151,8089,8078,8128,7621,8176,8124
1757,8148,8188,8209,8003,7842,7877,8139,8147,8055,8158,8163,8125,8093,8094,8158,8190,8132,8147,8151,8013,7874,8094,8118,8180,8115,8126,8112,7972,8159,7626,7877,8198,8143,8187,8257,8109,7895,8178,8057,8157,7542,8144,8046,8147,8159,8187,8021,8070,7959,8139,7831,8097,8168,7800,8082,8035,8222,8133,8041,8123,8011,8169,8169,8036,8150,8135,8091,8243,8131,8129,8046,7895,8116,7559,8170,7618,8048,8110,8060,8018,8113,8238,8010,8072,8123,7466,8075,8214,7829,8156,8101,8084,8134,7626,8182,8129
1758,8154,8192,8214,8007,7848,7884,8142,8149,8061,8162,8170,8128,8098,8101,8169,8191,8133,8157,8155,8017,7881,8098,8125,8183,8118,8132,8116,7979,8164,7630,7882,8201,8147,8191,8264,8113,7901,8183,8060,8161,7547,8146,8050,8149,8164,8191,8021,8074,7963,8142,7834,8100,8172,7807,8088,8040,8228,8137,8044,8126,8012,8172,8175,8041,8154,8138,8096,8246,8139,8135,8057,7902,8121,7566,8173,7631,8054,8116,8061,8022,8116,8245,8015,8079,8126,7479,8082,8219,7834,8165,8107,8090,8136,7628,8187,8134
1759,8160,8196,8218,8008,7861,7886,8146,8154,8066,8165,8177,8132,8103,8105,8175,8196,8139,8166,8159,8024,7888,8106,8130,8187,8124,8133,8123,7982,8171,7636,7884,8204,8155,8199,8265,8118,7913,8184,8064,8170,7550,8150,8052,8154,8168,8200,8026,8081,7968,8143,7841,8101,8174,7810,8092,8044,8233,8141,8054,8136,8025,8177,8180,8046,8160,8143,8097,8252,8140,8140,8064,7910,8124,7572,8177,7637,8060,8127,8067,8026,8118,8251,8019,8082,8132,7487,8083,8223,7847,8171,8114,8092,8138,7631,8191,8143
1760,8162,8205,8221,8013,7867,7894,8148,8160,8070,8172,8185,8138,8107,8107,8179,8202,8144,8172,8163,8031,7894,8113,8138,8192,8127,8136,8128,7987,8178,7647,7893,8210,8157,8202,8268,8121,7918,8189,8073,8172,7557,8155,8065,8160,8171,8203,8031,8086,7972,8143,7842,8106,8178,7822,8095,8051,8236,8145,8061,8138,8033,8179,8188,8054,8165,8149,8100,8258,8144,8151,8068,7914,8126,7582,8185,7645,8070,8129,8073,8029,8120,8254,8023,8086,8137,7496,8087,8229,7854,8176,8123,8096,8141,7634,8193,8147
1761,8167,8213,8229,8019,7874,7903,8154,8164,8077,8177,8187,8143,8113,8109,8182,8211,8153,8178,8171,8039,7903,8114,8142,8196,8133,8138,8138,7994,8184,7653,7895,8211,8160,8210,8274,8124,7925,8195,8075,8178,7566,8159,8068,8170,8174,8206,8036,8095,7979,8147,7844,8108,8182,7830,8098,8056,8243,8149,8068,8144,8037,8184,8196,8059,8168,8154,8102,8261,8151,8155,8070,7916,8134,7591,8188,7650,8074,8135,8076,8033,8123,8262,8027,8097,8142,7503,8093,8233,7860,8180,8129,8104,8148,7636,8198,8150
1762,8172,8217,8231,8021,7884,7910,8162,8175,8083,8183,8194,8148,8118,8119,8189,8214,8160,8187,8175,8044,7908,8123,8149,8197,8138,8143,8142,7999,8185,7660,7901,8213,8163,8217,8276,8126,7929,8200,8078,8184,7572,8168,8073,8174,8175,8213,8042,8100,7987,8150,7846,8112,8184,7838,8102,8062,8245,8150,8077,8148,8041,8188,8201,8066,8174,8162,8105,8266,8158,8159,8073,7918,8138,7597,8195,7656,8079,8143,8080,8037,8128,8267,8033,8102,8144,7511,8097,8238,7866,8185,8135,8109,8154,7637,8203,8156
1763,8176,8225,8238,8025,7893,7915,8166,8178,8086,8190,8199,8152,8125,8125,8193,8217,8165,8195,8178,8048,7914,8129,8152,8207,8141,8146,8147,8002,8195,7665,7907,8216,8172,8222,8277,8133,7936,8203,8081,8191,7579,8171,8078,8181,8181,8218,8048,8104,7991,8152,7847,8113,8188,7840,8107,8068,8249,8155,8081,8154,8050,8192,8203,8072,8181,8163,8106,8271,8163,8161,8078,7921,8142,7604,8198,7663,8084,8145,8083,8037,8133,8268,8038,8107,8148,7520,8104,8240,7870,8188,8139,8118,8159,7640,8211,8160
1764,8181,8228,8246,8028,7905,7921,8169,8184,8092,8194,8204,8158,8132,8134,8198,8222,8171,8198,8180,8052,7921,8136,8158,8210,8145,8151,8149,8005,8201,7671,7911,8221,8176,8225,8279,8138,7948,8208,8084,8195,7587,8175,8080,8186,8185,8222,8053,8111,7995,8154,7853,8120,8190,7847,8115,8075,8252,8156,8086,8160,8056,8197,8212,8076,8185,8169,8109,8276,8169,8166,8084,7926,8146,7610,8205,7673,8087,8149,8087,8043,8136,8268,8043,8114,8152,7525,8110,8248,7882,8193,8150,8122,8163,7642,8215,8163
1765,8183,8233,8249,8033,7907,7929,8173,8187,8096,8196,8206,8162,8135,8143,8201,8227,8181,8202,8183,8055,7927,8137,8166,8216,8150,8161,8153,8007,8208,7681,7918,8223,8177,8231,8281,8144,7954,8213,8089,8199,7599,8177,8086,8193,8190,8224,8059,8117,7999,8159,7857,8123,8198,7849,8118,8083,8258,8161,8091,8163,8059,8201,8217,8084,8189,8171,8114,8282,8173,8170,8087,7927,8151,7614,8209,7680,8094,8151,8094,8050,8140,8268,8050,8120,8157,7534,8113,8253,7886,8201,8156,8133,8172,7646,8223,8165
1766,8190,8240,8250,8035,7913,7935,8177,8192,8101,8201,8210,8167,8137,8144,8206,8230,8189,8208,8189,8062,7931,8144,8170,8221,8158,8167,8155,8020,8216,7695,7921,8228,8182,8235,8287,8147,7958,8217,8096,8203,7607,8183,8095,8194,8194,8230,8064,8121,8009,8163,7859,8128,8202,7859,8122,8087,8266,8162,8096,8167,8061,8202,8224,8088,8193,8177,8121,8289,8177,8178,8093,7933,8156,7620,8216,7687,8100,8155,8103,8057,8148,8272,8057,8124,8160,7542,8119,8258,7891,8203,8160,8134,8177,7651,8229,8166
1767,8198,8245,8251,8040,7918,7941,8182,8197,8103,8204,8216,8169,8144,8151,8209,8235,8195,8214,8192,8064,7935,8149,8177,8228,8163,8176,8156,8027,8224,7698,7925,8230,8183,8239,8295,8153,7963,8224,8099,8207,7615,8192,8100,8195,8199,8234,8066,8125,8019,8166,7863,8132,8207,7867,8129,8094,8271,8169,8102,8172,8062,8212,8231,8096,8198,8180,8128,8293,8181,8179,8098,7937,8158,7625,8220,7691,8104,8163,8107,8058,8154,8278,8062,8130,8168,7552,8126,8266,7897,8209,8160,8137,8185,7653,8237,8173
1768,8200,8251,8256,8043,7928,7950,8185,8201,8109,8209,8220,8172,8146,8154,8214,8241,8200,8221,8197,8072,7942,8156,8183,8233,8165,8183,8156,8031,8226,7702,7930,8236,8187,8244,8297,8158,7972,8228,8102,8212,7621,8195,8109,8205,8203,8236,8072,8129,8024,8169,7871,8135,8210,7869,8136,8101,8277,8174,8106,8176,8066,8214,8233,8103,8205,8187,8131,8297,8187,8182,8104,7938,8162,7633,8224,7700,8109,8166,8113,8060,8161,8280,8067,8133,8171,7558,8130,8269,7901,8215,8163,8141,8188,7654,8239,8182
1769,8204,8256,8262,8050,7939,7953,8192,8210,8115,8215,8228,8174,8154,8157,8218,8244,8204,8225,8198,8076,7950,8164,8188,8242,8173,8188,8160,8032,8230,7707,7936,8239,8190,8245,8303,8159,7981,8233,8108,8217,7628,8197,8112,8211,8207,8239,8078,8134,8030,8175,7873,8139,8216,7870,8142,8105,8284,8178,8109,8179,8074,8220,8235,8109,8212,8190,8137,8300,8190,8188,8107,7939,8167,7638,8228,7706,8112,8174,8120,8062,8165,8286,8073,8134,8176,7563,8133,8271,7903,8220,8170,8145,8190,7654,8242,8186
1770,8211,8259,8264,8054,7945,7958,8196,8217,8124,8222,8234,8177,8159,8158,8220,8248,8210,8230,8209,8081,7960,8170,8191,8248,8176,8190,8162,8034,8234,7718,7938,8245,8194,8249,8306,8164,7984,8239,8111,8220,7635,8202,8115,8221,8218,8241,8086,8141,8035,8179,7880,8141,8219,7881,8144,8107,8286,8184,8113,8181,8081,8224,8240,8113,8217,8194,8140,8304,8194,8191,8111,7942,8172,7652,8234,7711,8118,8178,8122,8064,8174,8292,8076,8140,8180,7569,8138,8277,7907,8226,8173,8152,8194,7655,8243,8191
1771,8217,8263,8266,8057,7954,7968,8205,8221,8130,8227,8240,8181,8166,8167,8224,8251,8214,8234,8215,8086,7966,8176,8193,8250,8179,8195,8169,8040,8240,7724,7941,8253,8195,8255,8307,8167,7987,8240,8114,8225,7644,8202,8118,8227,8226,8251,8089,8145,8043,8182,7883,8145,8221,7884,8148,8115,8291,8188,8118,8188,8089,8228,8243,8117,8221,8206,8144,8308,8199,8192,8113,7944,8173,7658,8238,7720,8122,8183,8128,8066,8180,8297,8081,8146,8186,7579,8141,8285,7916,8229,8175,8157,8199,7657,8247,8192
1772,8222,8268,8270,8057,7959,7975,8208,8225,8136,8230,8244,8184,8169,8172,8229,8257,8220,8239,8219,8089,7971,8180,8197,8257,8182,8201,8174,8041,8246,7731,7945,8256,8197,8262,8314,8174,7995,8243,8116,8228,7650,8204,8124,8229,8230,8253,8094,8152,8045,8183,7884,8151,8222,7893,8154,8121,8294,8191,8120,8192,8096,8231,8252,8124,8228,8213,8145,8315,8207,8195,8119,7950,8174,7666,8242,7726,8128,8189,8134,8068,8189,8299,8086,8150,8190,7587,8145,8292,7926,8234,8179,8161,8203,7662,8252,8202
1773,8229,8272,8273,8059,7967,7982,8213,8229,8138,8234,8248,8188,8174,8177,8230,8259,8226,8245,8228,8095,7978,8187,8199,8265,8185,8207,8179,8048,8254,7738,7952,8261,8200,8264,8316,8180,7999,8247,8121,8233,7656,8207,8127,8233,8237,8258,8101,8158,8051,8186,7890,8154,8224,7899,8159,8124,8299,8196,8123,8199,8097,8237,8257,8126,8233,8217,8152,8320,8214,8198,8124,7953,8176,7675,8245,7733,8135,8199,8135,8071,8192,8304,8092,8154,8192,7594,8149,8298,7932,8236,8182,8163,8208,7664,8253,8206
1774,8232,8278,8276,8061,7973,7989,8215,8234,8143,8238,8250,8192,8181,8182,8237,8266,8228,8254,8232,8102,7984,8195,8206,8270,8189,8212,8185,8052,8264,7745,7957,8264,8203,8271,8323,8183,8006,8253,8127,8239,7662,8211,8132,8239,8242,8265,8106,8162,8055,8192,7890,8156,8228,7907,8162,8128,8306,8199,8127,8202,8099,8240,8258,8130,8239,8221,8155,8325,8216,8204,8129,7955,8180,7685,8247,7739,8140,8203,8138,8072,8199,8308,8093,8158,8194,7602,8152,8302,7939,8239,8195,8167,8210,7670,8258,8212
1775,8236,8279,8280,8063,7984,7998,8220,8238,8150,8240,8252,8195,8185,8184,8243,8272,8230,8263,8237,8108,7991,8199,8211,8280,8194,8219,8187,8059,8267,7748,7962,8265,8205,8274,8326,8189,8015,8258,8132,8246,7667,8214,8139,8241,8251,8270,8110,8173,8061,8194,7892,8160,8234,7911,8169,8132,8315,8208,8132,8206,8109,8244,8260,8136,8243,8227,8159,8330,8220,8209,8131,7961,8181,7695,8253,7745,8142,8207,8143,8076,8205,8317,8103,8165,8198,7608,8156,8306,7946,8243,8198,8171,8216,7676,8262,8216
1776,8240,8282,8286,8065,7992,8004,8227,8240,8153,8243,8256,8198,8189,8185,8245,8276,8234,8268,8245,8116,7995,8202,8216,8284,8196,8223,8193,8065,8268,7760,7967,8270,8213,8278,8330,8196,8022,8266,8140,8248,7676,8220,8145,8244,8254,8273,8117,8178,8064,8198,7894,8162,8237,7917,8171,8136,8324,8211,8137,8212,8113,8247,8266,8140,8245,8230,8166,8334,8224,8212,8136,7966,8185,7698,8260,7750,8147,8210,8146,8079,8209,8322,8111,8167,8200,7616,8160,8308,7950,8251,8201,8176,8219,7679,8264,8218
1777,8247,8288,8288,8069,7999,8009,8231,8250,8161,8246,8260,8202,8194,8188,8247,8280,8237,8273,8251,8125,7999,8208,8219,8289,8200,8232,8198,8068,8274,7773,7978,8270,8219,8284,8333,8202,8028,8269,8141,8254,7686,8224,8150,8248,8262,8279,8120,8184,8072,8204,7896,8166,8239,7924,8174,8140,8330,8213,8142,8217,8120,8247,8272,8146,8250,8234,8168,8337,8227,8221,8142,7975,8187,7704,8264,7755,8152,8216,8150,8082,8216,8327,8117,8173,8205,7620,8166,8313,7955,8257,8206,8179,8223,7683,8268,8223
1778,8251,8294,8289,8073,8008,8016,8235,8254,8164,8253,8266,8207,8199,8193,8249,8288,8242,8279,8258,8132,8004,8213,8221,8292,8203,8236,8202,8070,8278,7778,7980,8275,8221,8287,8336,8206,8032,8275,8145,8257,7692,8228,8157,8257,8268,8284,8123,8188,8075,8207,7899,8172,8244,7927,8176,8145,8337,8218,8146,8224,8127,8254,8277,8155,8251,8237,8172,8343,8230,8223,8147,7978,8192,7714,8270,7761,8156,8218,8156,8086,8224,8334,8123,8180,8214,7626,8171,8314,7963,8265,8209,8180,8230,7688,8274,8225
1779,8256,8298,8290,8078,8014,8021,8238,8258,8172,8255,8270,8208,8202,8198,8251,8289,8247,8289,8266,8137,8010,8216,8224,8295,8208,8241,8205,8078,8283,7782,7983,8279,8222,8295,8337,8214,8037,8280,8148,8260,7702,8233,8167,8259,8277,8291,8126,8196,8078,8212,7903,8175,8246,7932,8179,8148,8343,8223,8152,8230,8139,8264,8283,8158,8255,8238,8177,8348,8232,8225,8151,7979,8195,7722,8272,7769,8165,8223,8158,8087,8225,8338,8126,8185,8217,7637,8173,8322,7970,8273,8212,8185,8235,7692,8279,8230
1780,8260,8306,8296,8086,8019,8023,8242,8262,8179,8260,8276,8210,8203,8202,8253,8292,8251,8293,8268,8144,8019,8221,8230,8299,8210,8243,8214,8083,8284,7787,7989,8281,8226,8301,8340,8220,8047,8285,8153,8262,7708,8237,8175,8262,8281,8296,8127,8205,8084,8213,7906,8180,8254,7939,8184,8151,8350,8230,8158,8234,8146,8267,8287,8162,8259,8242,8179,8353,8236,8231,8157,7982,8199,7726,8274,7777,8169,8225,8164,8089,8228,8340,8131,8194,8222,7645,8176,8326,7975,8275,8214,8187,8240,7697,8281,8234
1781,8262,8308,8301,8091,8026,8030,8244,8266,8181,8265,8281,8212,8206,8205,8256,8297,8256,8300,8273,8151,8025,8223,8233,8304,8217,8250,8217,8091,8291,7791,7990,8286,8231,8303,8344,8223,8049,8290,8157,8266,7714,8242,8179,8267,8283,8298,8131,8211,8087,8219,7911,8187,8258,7944,8186,8159,8357,8232,8159,8238,8149,8270,8291,8166,8271,8249,8184,8357,8238,8236,8161,7984,8203,7734,8278,7781,8176,8228,8167,8092,8230,8345,8137,8196,8226,7653,8182,8328,7984,8277,8220,8192,8243,7702,8287,8235
1782,8271,8312,8304,8097,8029,8038,8248,8269,8185,8269,8286,8215,8210,8206,8265,8300,8258,8305,8276,8153,8029,8231,8239,8306,8220,8256,8219,8095,8294,7801,7993,8288,8233,8306,8346,8227,8052,8292,8159,8271,7720,8249,8183,8269,8290,8300,8133,8213,8095,8221,7916,8192,8264,7951,8191,8164,8361,8237,8165,8245,8151,8274,8296,8168,8276,8252,8188,8358,8242,8241,8164,7987,8206,7741,8280,7789,8180,8230,8171,8095,8239,8350,8142,8204,8231,7659,8183,8332,7994,8277,8223,8198,8247,7704,8292,8240
1783,8274,8314,8310,8102,8036,8042,8251,8271,8189,8275,8291,8216,8213,8208,8273,8303,8263,8309,8280,8164,8034,8237,8244,8312,8222,8262,8220,8100,8295,7808,7995,8293,8235,8310,8348,8232,8057,8298,8161,8276,7726,8252,8191,8274,8299,8307,8136,8219,8100,8224,7917,8195,8265,7956,8199,8170,8365,8241,8171,8248,8155,8277,8298,8175,8284,8255,8190,8361,8244,8245,8167,7989,8209,7749,8282,7794,8188,8237,8173,8100,8241,8354,8148,8215,8235,7668,8187,8338,8001,8279,8229,8204,8251,7708,8296,8244
1784,8276,8318,8313,8106,8047,8048,8260,8273,8195,8277,8295,8220,8220,8216,8279,8306,8267,8313,8282,8172,8037,8240,8249,8318,8230,8265,8224,8104,8297,7812,7996,8300,8239,8314,8352,8234,8066,8306,8164,8285,7734,8258,8195,8280,8304,8311,8141,8228,8106,8225,7917,8197,8269,7961,8202,8173,8370,8245,8175,8250,8158,8277,8302,8176,8287,8256,8195,8364,8252,8248,8174,7992,8214,7756,8283,7801,8191,8240,8179,8102,8244,8360,8148,8220,8239,7675,8189,8339,8007,8283,8232,8208,8255,7711,8300,8250
1785,8282,8322,8317,8111,8057,8055,8261,8279,8199,8278,8297,8221,8225,8218,8284,8312,8270,8318,8284,8180,8042,8247,8251,8323,8234,8272,8229,8106,8301,7817,8000,8303,8241,8314,8353,8239,8073,8311,8168,8289,7742,8262,8199,8283,8313,8312,8147,8233,8113,8227,7921,8200,8275,7964,8206,8177,8373,8247,8183,8254,8162,8283,8306,8179,8292,8264,8198,8368,8253,8252,8178,7994,8215,7765,8286,7806,8196,8244,8183,8105,8248,8363,8152,8228,8242,7684,8195,8344,8010,8287,8238,8215,8263,7714,8308,8257
1786,8284,8329,8318,8115,8065,8061,8271,8289,8206,8282,8300,8226,8229,8222,8292,8314,8275,8321,8292,8182,8049,8254,8251,8326,8238,8275,8232,8109,8305,7822,8005,8309,8243,8318,8359,8242,8079,8317,8168,8291,7751,8268,8203,8286,8313,8314,8151,8238,8117,8231,7925,8202,8278,7971,8213,8181,8379,8251,8185,8261,8168,8289,8307,8180,8296,8268,8200,8371,8258,8258,8181,7998,8215,7771,8291,7813,8199,8251,8189,8111,8252,8367,8158,8232,8245,7691,8200,8348,8013,8295,8243,8222,8272,7718,8311,8264
1787,8288,8332,8319,8116,8070,8064,8273,8295,8211,8285,8305,8229,8231,8224,8296,8317,8279,8323,8295,8186,8053,8258,8256,8332,8241,8281,8236,8114,8307,7829,8012,8310,8247,8321,8362,8249,8087,8319,8172,8295,7759,8271,8208,8291,8319,8319,8157,8246,8122,8233,7928,8202,8280,7982,8222,8185,8382,8256,8192,8264,8173,8293,8311,8184,8303,8277,8203,8378,8259,8261,8188,8001,8218,7780,8298,7819,8202,8255,8194,8114,8256,8375,8164,8237,8252,7703,8204,8351,8017,8297,8247,8226,8282,7724,8318,8268
1788,8291,8334,8320,8117,8075,8069,8278,8295,8214,8291,8312,8229,8236,8231,8303,8318,8285,8329,8298,8188,8061,8262,8263,8336,8243,8289,8238,8122,8310,7837,8017,8317,8249,8325,8363,8254,8093,8323,8177,8298,7769,8277,8211,8300,8322,8324,8167,8249,8127,8233,7931,8205,8284,7987,8225,8190,8384,8259,8193,8271,8176,8295,8315,8187,8310,8281,8207,8379,8262,8264,8189,8004,8222,7789,8299,7826,8205,8258,8197,8117,8262,8378,8171,8240,8256,7710,8209,8356,8025,8304,8251,8229,8288,7729,8323,8271
1789,8294,8341,8326,8118,8082,8076,8285,8304,8219,8292,8314,8234,8242,8236,8310,8323,8290,8330,8307,8194,8065,8264,8265,8340,8243,8292,8242,8128,8315,7847,8020,8320,8252,8331,8366,8260,8100,8328,8182,8304,7776,8282,8215,8304,8325,8325,8168,8254,8130,8235,7934,8207,8286,7988,8226,8194,8386,8262,8196,8276,8178,8299,8320,8195,8319,8284,8211,8385,8267,8268,8195,8008,8224,7797,8305,7829,8209,8259,8198,8121,8267,8382,8181,8248,8257,7714,8214,8358,8030,8309,8257,8234,8290,7731,8326,8276
1790,8299,8344,8328,8120,8092,8081,8286,8309,8221,8295,8319,8237,8251,8244,8310,8326,8293,8335,8309,8203,8068,8268,8269,8344,8249,8298,8246,8133,8316,7852,8023,8323,8259,8337,8372,8262,8109,8335,8184,8309,7784,8288,8219,8307,8329,8332,8174,8260,8133,8238,7937,8210,8289,7995,8227,8202,8392,8264,8198,8280,8184,8308,8322,8201,8323,8287,8214,8388,8275,8272,8202,8011,8229,7809,8309,7835,8215,8261,8202,8127,8269,8387,8186,8254,8266,7727,8218,8359,8033,8315,8261,8239,8294,7732,8332,8281
1791,8301,8344,8332,8125,8097,8086,8288,8314,8231,8300,8323,8243,8255,8248,8313,8329,8294,8337,8315,8208,8073,8271,8275,8350,8254,8306,8253,8143,8318,7859,8024,8332,8262,8340,8375,8262,8116,8340,8185,8313,7790,8293,8221,8307,8330,8336,8177,8269,8137,8246,7939,8211,8290,7998,8233,8204,8398,8266,8203,8282,8190,8312,8326,8204,8326,8293,8216,8392,8282,8277,8205,8012,8235,7817,8312,7843,8221,8265,8207,8129,8276,8393,8191,8260,8271,7732,8224,8366,8044,8318,8266,8245,8299,7735,8332,8284
1792,8307,8346,8338,8127,8100,8090,8292,8319,8240,8302,8325,8243,8261,8250,8318,8333,8295,8341,8319,8216,8080,8274,8278,8353,8258,8310,8259,8147,8321,7864,8029,8337,8263,8345,8380,8264,8119,8343,8189,8317,7798,8293,8227,8313,8336,8343,8180,8272,8146,8246,7939,8215,8293,8005,8236,8214,8399,8269,8211,8289,8194,8315,8331,8210,8330,8297,8222,8397,8286,8282,8209,8012,8238,7823,8314,7851,8224,8272,8210,8132,8280,8400,8199,8262,8274,7742,8226,8370,8048,8323,8268,8251,8302,7738,8335,8286
1793,8311,8353,8343,8131,8108,8095,8295,8325,8244,8304,8329,8247,8265,8252,8323,8335,8296,8345,8321,8221,8087,8279,8283,8355,8259,8313,8265,8153,8329,7872,8033,8341,8267,8352,8383,8268,8124,8347,8190,8318,7805,8298,8229,8320,8342,8350,8185,8276,8152,8248,7944,8224,8297,8014,8241,8219,8406,8274,8216,8293,8197,8318,8332,8217,8333,8301,8227,8401,8292,8287,8213,8015,8240,7829,8316,7856,8228,8274,8213,8133,8285,8402,8202,8268,8279,7751,8234,8374,8056,8326,8274,8257,8309,7742,8337,8292
1794,8317,8362,8344,8134,8115,8101,8298,8334,8248,8309,8335,8250,8266,8262,8327,8341,8299,8347,8325,8225,8088,8285,8286,8361,8266,8317,8274,8154,8332,7877,8037,8342,8271,8360,8388,8272,8127,8354,8193,8322,7812,8300,8233,8324,8342,8355,8188,8278,8155,8252,7945,8228,8300,8018,8244,8227,8409,8277,8221,8296,8206,8325,8338,8220,8338,8308,8231,8409,8296,8289,8217,8021,8241,7837,8318,7860,8232,8284,8216,8134,8289,8406,8203,8274,8286,7758,8236,8376,8062,8330,8278,8260,8311,7743,8341,8295
1795,8323,8367,8348,8137,8119,8105,8302,8339,8254,8313,8337,8254,8270,8265,8328,8345,8306,8356,8328,8228,8095,8285,8290,8364,8269,8318,8279,8158,8334,7880,8041,8344,8275,8366,8391,8278,8130,8360,8200,8327,7816,8305,8237,8330,8348,8358,8192,8283,8158,8255,7952,8229,8306,8025,8250,8233,8412,8280,8227,8299,8209,8328,8346,8226,8342,8313,8233,8410,8299,8299,8219,8022,8244,7847,8324,7865,8235,8287,8220,8136,8294,8408,8206,8279,8291,7769,8244,8382,8067,8335,8284,8262,8315,7746,8343,8299
1796,8324,8370,8352,8139,8125,8108,8304,8344,8260,8316,8339,8257,8274,8269,8330,8349,8309,8357,8331,8237,8104,8290,8291,8369,8273,8323,8284,8166,8341,7887,8042,8346,8277,8369,8392,8282,8134,8363,8203,8334,7824,8309,8247,8337,8353,8361,8195,8285,8164,8257,7956,8233,8307,8031,8253,8239,8417,8284,8232,8301,8214,8330,8351,8229,8343,8317,8235,8415,8303,8305,8223,8024,8245,7848,8327,7872,8242,8293,8226,8138,8298,8413,8212,8284,8295,7777,8250,8383,8077,8336,8286,8268,8318,7752,8348,8302
1797,8330,8373,8353,8142,8125,8113,8306,8350,8262,8321,8342,8263,8278,8277,8332,8349,8310,8361,8336,8243,8110,8295,8297,8374,8277,8329,8286,8172,8348,7891,8048,8351,8280,8369,8393,8287,8140,8368,8205,8338,7830,8310,8248,8340,8353,8366,8196,8293,8169,8262,7958,8234,8312,8039,8259,8243,8420,8288,8238,8304,8219,8332,8361,8237,8346,8321,8237,8418,8310,8308,8228,8029,8246,7852,8330,7883,8244,8296,8233,8140,8306,8416,8217,8290,8301,7788,8252,8388,8081,8340,8291,8270,8323,7755,8351,8308
1798,8337,8381,8355,8145,8129,8121,8308,8354,8270,8322,8347,8268,8284,8281,8339,8350,8315,8362,8339,8245,8112,8299,8300,8377,8281,8335,8289,8177,8352,7899,8052,8354,8283,8371,8395,8293,8146,8374,8205,8343,7837,8319,8253,8345,8360,8370,8203,8297,8174,8266,7959,8237,8318,8047,8266,8249,8423,8293,8240,8307,8224,8335,8366,8244,8351,8325,8239,8422,8311,8313,8236,8030,8251,7859,8334,7887,8249,8302,8238,8145,8310,8420,8221,8298,8303,7793,8255,8395,8086,8344,8296,8271,8323,7760,8352,8311
1799,8338,8384,8362,8147,8134,8130,8314,8358,8274,8328,8352,8271,8288,8282,8341,8353,8320,8370,8344,8251,8115,8302,8303,8382,8288,8342,8296,8185,8360,7910,8056,8359,8288,8375,8398,8294,8152,8379,8211,8346,7845,8325,8254,8346,8363,8374,8205,8301,8178,8269,7962,8241,8321,8052,8270,8252,8430,8297,8244,8310,8227,8339,8371,8249,8359,8327,8243,8429,8315,8318,8240,8032,8253,7866,8335,7895,8256,8306,8243,8148,8314,8424,8225,8300,8305,7803,8255,8401,8093,8352,8300,8273,8327,7762,8360,8314
1800,8341,8392,8367,8149,8140,8144,8322,8362,8281,8331,8356,8275,8293,8287,8345,8356,8320,8372,8346,8252,8125,8308,8308,8385,8296,8350,8303,8188,8363,7918,8059,8363,8289,8380,8400,8298,8156,8385,8217,8352,7851,8329,8254,8347,8367,8379,8208,8306,8181,8271,7965,8244,8325,8056,8278,8255,8432,8304,8247,8315,8233,8343,8378,8252,8362,8331,8247,8434,8318,8322,8245,8033,8256,7873,8336,7904,8264,8314,8251,8150,8320,8428,8230,8302,8308,7811,8259,8406,8097,8356,8304,8277,8329,7764,8362,8318
1801,8345,8394,8369,8154,8144,8149,8324,8368,8285,8334,8360,8279,8301,8292,8349,8358,8323,8378,8350,8257,8129,8311,8314,8387,8300,8353,8307,8192,8364,7924,8063,8365,8291,8383,8407,8302,8159,8391,8222,8356,7853,8330,8258,8349,8372,8387,8215,8309,8185,8275,7970,8246,8328,8060,8282,8256,8432,8310,8251,8316,8238,8345,8384,8260,8367,8337,8251,8439,8319,8327,8247,8035,8262,7879,8339,7914,8269,8321,8254,8151,8323,8431,8233,8308,8314,7816,8262,8408,8104,8359,8307,8277,8333,7767,8369,8321
1802,8352,8396,8371,8160,8156,8154,8330,8372,8289,8341,8363,8283,8303,8292,8355,8367,8329,8382,8354,8265,8132,8314,8316,8389,8304,8361,8311,8197,8370,7930,8066,8367,8292,8385,8413,8310,8170,8397,8225,8360,7856,8332,8263,8353,8379,8390,8217,8312,8188,8277,7972,8251,8331,8060,8283,8263,8438,8322,8256,8318,8242,8347,8389,8261,8373,8338,8253,8441,8326,8331,8253,8037,8266,7883,8341,7917,8276,8324,8261,8155,8327,8433,8235,8313,8318,7819,8264,8411,8105,8359,8311,8284,8336,7768,8375,8327
1803,8358,8399,8374,8162,8170,8163,8332,8377,8291,8347,8367,8289,8308,8295,8358,8372,8331,8387,8359,8272,8141,8319,8316,8395,8307,8364,8312,8200,8374,7939,8073,8371,8301,8391,8414,8314,8173,8399,8230,8360,7867,8335,8266,8357,8381,8394,8224,8317,8192,8285,7973,8256,8331,8074,8290,8267,8441,8323,8261,8321,8247,8350,8394,8263,8376,8340,8256,8445,8330,8335,8264,8043,8271,7892,8343,7923,8282,8330,8266,8156,8331,8442,8238,8318,8321,7826,8269,8413,8108,8361,8316,8288,8343,7769,8376,8331
1804,8363,8401,8377,8162,8177,8166,8339,8380,8296,8351,8373,8289,8314,8297,8366,8372,8332,8389,8361,8273,8146,8325,8317,8402,8308,8371,8316,8206,8377,7944,8077,8377,8301,8397,8419,8316,8176,8402,8233,8361,7875,8339,8272,8363,8383,8396,8227,8319,8198,8286,7977,8258,8335,8083,8297,8272,8448,8328,8265,8323,8251,8353,8400,8270,8380,8344,8256,8452,8337,8338,8271,8049,8271,7893,8344,7933,8286,8338,8273,8158,8339,8443,8244,8320,8325,7828,8272,8419,8110,8366,8320,8292,8348,7770,8379,8334
1805,8367,8402,8378,8164,8180,8172,8342,8383,8303,8354,8377,8291,8316,8300,8369,8372,8335,8394,8365,8277,8153,8331,8322,8405,8311,8372,8318,8211,8383,7957,8079,8382,8302,8402,8422,8319,8180,8407,8237,8363,7884,8344,8276,8368,8388,8398,8232,8328,8201,8289,7978,8262,8338,8088,8305,8273,8449,8331,8266,8327,8257,8356,8407,8272,8384,8347,8262,8458,8340,8342,8275,8053,8274,7897,8346,7941,8288,8341,8278,8162,8343,8445,8249,8322,8331,7835,8276,8423,8118,8371,8328,8293,8349,7775,8381,8340
1806,8371,8404,8380,8166,8187,8179,8348,8384,8306,8358,8380,8296,8320,8300,8374,8379,8341,8396,8368,8283,8161,8337,8325,8411,8315,8373,8321,8215,8389,7966,8081,8385,8305,8407,8427,8321,8186,8409,8241,8366,7893,8347,8281,8370,8393,8406,8240,8333,8207,8291,7982,8266,8345,8092,8312,8276,8452,8334,8267,8331,8261,8358,8413,8272,8387,8350,8264,8467,8345,8346,8281,8056,8276,7905,8347,7953,8298,8347,8286,8164,8349,8453,8251,8326,8332,7840,8279,8430,8122,8374,8332,8297,8355,7778,8386,8344
1807,8372,8407,8382,8169,8191,8187,8351,8388,8309,8362,8385,8301,8324,8307,8383,8382,8344,8402,8370,8287,8165,8345,8329,8415,8317,8375,8324,8219,8393,7970,8082,8389,8309,8413,8430,8325,8192,8413,8244,8369,7903,8348,8288,8373,8399,8408,8244,8336,8213,8296,7984,8271,8348,8098,8316,8279,8457,8335,8270,8338,8265,8364,8418,8274,8392,8355,8268,8471,8351,8351,8285,8058,8279,7912,8349,7960,8305,8355,8289,8167,8358,8456,8261,8331,8335,7842,8283,8432,8127,8380,8334,8305,8362,7779,8389,8345
1808,8379,8407,8385,8173,8195,8199,8354,8397,8312,8373,8393,8304,8331,8311,8387,8386,8347,8405,8374,8289,8175,8355,8337,8417,8319,8380,8327,8220,8395,7975,8089,8390,8313,8419,8438,8329,8201,8415,8249,8374,7912,8355,8292,8375,8403,8415,8247,8342,8218,8300,7986,8277,8350,8104,8321,8284,8458,8339,8275,8342,8268,8370,8418,8283,8394,8359,8271,8475,8354,8353,8290,8061,8282,7916,8352,7968,8312,8358,8291,8171,8363,8460,8266,8332,8339,7848,8287,8436,8137,8381,8337,8310,8364,7780,8394,8351
1809,8385,8412,8385,8176,8202,8203,8358,8399,8317,8377,8399,8308,8334,8318,8389,8391,8350,8412,8380,8297,8180,8356,8341,8421,8320,8384,8330,8226,8395,7984,8094,8392,8316,8422,8443,8333,8208,8416,8252,8377,7917,8358,8296,8378,8406,8417,8255,8346,8220,8304,7991,8282,8352,8110,8322,8285,8461,8341,8278,8347,8273,8371,8420,8288,8396,8362,8277,8479,8361,8357,8292,8061,8287,7928,8356,7970,8315,8361,8291,8174,8367,8463,8271,8334,8341,7854,8290,8439,8143,8385,8342,8311,8368,7783,8400,8355
1810,8388,8414,8386,8176,8206,8212,8362,8402,8321,8382,8404,8312,8340,8320,8395,8392,8355,8416,8385,8301,8186,8362,8344,8424,8325,8386,8334,8234,8398,7991,8098,8399,8321,8429,8445,8339,8212,8417,8257,8378,7928,8363,8300,8383,8414,8425,8257,8349,8224,8307,7993,8284,8358,8116,8323,8290,8467,8343,8281,8348,8276,8375,8425,8292,8398,8368,8278,8483,8362,8359,8295,8063,8288,7930,8364,7977,8321,8365,8298,8177,8370,8469,8277,8336,8344,7862,8293,8444,8148,8391,8344,8318,8370,7786,8405,8358
1811,8391,8420,8388,8182,8211,8216,8365,8405,8324,8388,8405,8315,8346,8322,8402,8397,8357,8425,8389,8309,8192,8370,8345,8427,8325,8389,8334,8242,8403,7996,8101,8403,8324,8431,8448,8342,8216,8424,8261,8380,7933,8366,8303,8389,8422,8427,8263,8357,8228,8310,7996,8288,8364,8122,8326,8295,8472,8346,8284,8351,8282,8376,8429,8295,8402,8373,8280,8485,8368,8361,8299,8063,8293,7942,8364,7985,8324,8370,8303,8182,8373,8473,8284,8340,8350,7869,8298,8449,8155,8396,8347,8326,8372,7789,8411,8359
1812,8393,8423,8392,8184,8218,8222,8367,8411,8332,8392,8411,8318,8349,8326,8406,8401,8360,8427,8393,8314,8200,8375,8348,8430,8327,8398,8339,8245,8406,8001,8106,8408,8330,8436,8448,8344,8221,8430,8266,8383,7942,8367,8310,8391,8426,8433,8266,8361,8230,8316,7998,8289,8366,8125,8330,8301,8476,8351,8285,8357,8287,8379,8433,8299,8409,8380,8281,8488,8370,8364,8303,8066,8296,7946,8366,7987,8329,8374,8304,8185,8375,8478,8290,8345,8354,7876,8301,8454,8158,8402,8351,8328,8376,7792,8416,8364
1813,8400,8426,8397,8188,8227,8229,8371,8412,8339,8395,8417,8321,8355,8329,8408,8405,8367,8430,8396,8316,8206,8381,8354,8435,8330,8402,8341,8250,8410,8007,8110,8413,8336,8439,8452,8345,8233,8432,8272,8390,7946,8371,8318,8397,8430,8435,8272,8368,8239,8317,8000,8292,8370,8130,8333,8308,8481,8353,8287,8361,8293,8382,8436,8303,8415,8383,8290,8488,8372,8369,8307,8067,8299,7953,8368,7994,8333,8380,8306,8187,8379,8481,8295,8349,8358,7882,8309,8459,8165,8404,8351,8329,8380,7795,8423,8366
1814,8407,8433,8400,8190,8235,8235,8375,8416,8345,8398,8418,8324,8359,8332,8410,8408,8371,8433,8399,8319,8210,8388,8357,8437,8330,8408,8347,8259,8413,8014,8114,8416,8339,8442,8453,8349,8237,8435,8273,8395,7951,8373,8323,8401,8438,8438,8276,8376,8244,8322,8003,8297,8372,8136,8339,8315,8485,8357,8288,8367,8295,8388,8440,8310,8424,8391,8295,8491,8376,8372,8311,8070,8300,7963,8371,8001,8338,8384,8308,8190,8382,8486,8300,8352,8362,7889,8312,8462,8171,8410,8357,8332,8383,7801,8425,8369
1815,8409,8434,8402,8192,8240,8242,8380,8418,8352,8399,8421,8326,8365,8335,8417,8409,8374,8437,8403,8324,8216,8391,8360,8444,8335,8413,8351,8266,8417,8022,8120,8419,8339,8445,8457,8352,8246,8438,8275,8399,7960,8375,8324,8403,8444,8442,8281,8381,8249,8325,8006,8301,8375,8146,8345,8317,8489,8358,8294,8368,8298,8394,8443,8314,8428,8393,8300,8501,8376,8377,8313,8073,8303,7970,8373,8008,8343,8386,8312,8190,8388,8488,8302,8356,8366,7901,8314,8468,8176,8414,8363,8334,8388,7805,8430,8370
1816,8421,8438,8408,8197,8245,8249,8383,8420,8358,8399,8424,8331,8370,8340,8420,8410,8377,8440,8405,8325,8222,8393,8361,8447,8342,8415,8354,8269,8420,8023,8125,8423,8343,8448,8460,8356,8252,8441,8279,8409,7973,8378,8331,8406,8445,8448,8285,8390,8251,8331,8009,8305,8377,8152,8350,8321,8492,8359,8297,8371,8300,8399,8447,8320,8436,8398,8303,8503,8384,8380,8316,8073,8307,7974,8378,8017,8349,8389,8314,8194,8391,8492,8309,8357,8370,7906,8316,8473,8187,8418,8369,8337,8395,7806,8438,8375
1817,8426,8441,8412,8200,8246,8256,8389,8425,8364,8404,8428,8333,8379,8346,8421,8416,8380,8445,8410,8332,8227,8397,8362,8456,8345,8422,8359,8276,8426,8030,8126,8426,8346,8452,8460,8361,8258,8443,8283,8413,7977,8380,8337,8412,8449,8452,8288,8393,8254,8335,8014,8308,8379,8162,8354,8325,8495,8365,8305,8371,8302,8406,8447,8323,8440,8399,8307,8508,8388,8383,8323,8075,8308,7981,8380,8025,8353,8399,8319,8196,8397,8497,8312,8364,8375,7910,8320,8477,8192,8423,8373,8339,8400,7807,8441,8381
1818,8429,8444,8414,8202,8251,8258,8395,8430,8368,8407,8431,8337,8383,8353,8426,8419,8382,8447,8417,8334,8233,8399,8364,8458,8350,8424,8360,8280,8429,8040,8129,8430,8352,8455,8462,8366,8259,8451,8291,8416,7986,8384,8344,8415,8451,8455,8296,8398,8259,8340,8018,8308,8380,8166,8359,8328,8501,8368,8309,8373,8307,8408,8452,8327,8444,8401,8310,8511,8393,8384,8331,8078,8312,7987,8381,8031,8360,8403,8319,8200,8400,8501,8315,8369,8379,7922,8320,8484,8194,8428,8377,8341,8405,7810,8444,8384
1819,8430,8447,8419,8205,8255,8262,8401,8434,8371,8412,8435,8339,8386,8356,8428,8422,8387,8453,8418,8338,8237,8400,8372,8461,8350,8428,8364,8288,8430,8048,8131,8432,8354,8459,8465,8367,8265,8454,8293,8418,7992,8385,8350,8417,8454,8457,8299,8405,8267,8344,8020,8311,8382,8168,8364,8336,8504,8372,8315,8376,8312,8410,8456,8329,8449,8402,8313,8518,8399,8386,8336,8079,8314,7994,8386,8040,8361,8405,8320,8204,8404,8503,8318,8373,8381,7929,8323,8491,8207,8429,8382,8345,8408,7814,8447,8386
1820,8434,8453,8420,8209,8260,8268,8405,8437,8375,8416,8437,8340,8392,8358,8431,8428,8390,8455,8422,8340,8240,8407,8379,8468,8353,8432,8371,8291,8434,8054,8133,8435,8358,8464,8468,8372,8271,8456,8302,8423,7996,8391,8354,8422,8462,8463,8304,8407,8271,8349,8022,8314,8385,8170,8369,8341,8507,8375,8319,8377,8317,8417,8463,8332,8457,8405,8316,8526,8401,8392,8340,8080,8314,7999,8388,8047,8366,8409,8322,8206,8411,8504,8325,8381,8384,7931,8326,8496,8215,8435,8388,8347,8414,7816,8452,8387
1821,8439,8458,8421,8211,8266,8271,8409,8440,8386,8420,8440,8344,8394,8362,8435,8435,8392,8458,8423,8346,8244,8411,8379,8474,8358,8439,8375,8293,8435,8059,8133,8439,8362,8466,8471,8375,8271,8460,8306,8426,8004,8396,8359,8423,8469,8467,8310,8410,8274,8352,8027,8320,8391,8174,8373,8343,8515,8376,8323,8381,8321,8419,8464,8335,8460,8409,8317,8531,8406,8397,8349,8081,8320,8009,8389,8050,8370,8414,8325,8210,8415,8507,8328,8388,8387,7935,8331,8502,8222,8437,8390,8350,8418,7817,8458,8392
1822,8443,8459,8423,8211,8272,8276,8415,8443,8391,8421,8441,8344,8396,8365,8437,8438,8397,8463,8428,8353,8248,8416,8381,8480,8359,8443,8380,8295,8440,8067,8135,8443,8366,8468,8472,8382,8278,8464,8311,8431,8014,8400,8362,8428,8472,8471,8313,8417,8278,8358,8029,8322,8396,8178,8378,8346,8517,8382,8326,8387,8325,8423,8469,8338,8464,8413,8322,8533,8412,8401,8351,8083,8321,8015,8396,8054,8374,8419,8329,8215,8420,8510,8334,8396,8390,7944,8334,8507,8229,8443,8394,8354,8423,7817,8462,8395
1823,8448,8463,8427,8216,8279,8280,8419,8447,8395,8422,8450,8346,8402,8371,8441,8439,8399,8467,8430,8361,8252,8422,8384,8483,8364,8445,8384,8297,8446,8071,8137,8445,8373,8474,8476,8384,8286,8470,8311,8437,8022,8403,8369,8429,8480,8474,8314,8424,8286,8359,8031,8323,8396,8180,8381,8353,8520,8388,8333,8387,8329,8428,8475,8341,8467,8414,8326,8538,8412,8406,8354,8085,8323,8024,8397,8057,8377,8425,8333,8218,8424,8513,8335,8402,8395,7951,8338,8508,8234,8444,8400,8356,8427,7818,8469,8402
1824,8455,8464,8429,8217,8285,8290,8425,8450,8398,8425,8453,8348,8407,8374,8443,8440,8403,8471,8434,8363,8256,8426,8389,8484,8368,8445,8388,8302,8448,8082,8142,8448,8375,8479,8481,8386,8288,8473,8313,8440,8026,8407,8375,8433,8486,8480,8318,8432,8293,8360,8038,8324,8402,8188,8381,8359,8526,8396,8336,8389,8333,8433,8479,8347,8471,8415,8331,8545,8417,8411,8357,8093,8326,8031,8401,8062,8379,8430,8335,8221,8430,8514,8338,8405,8398,7955,8341,8511,8242,8448,8405,8359,8428,7823,8472,8406
1825,8459,8469,8435,8221,8288,8295,8430,8457,8401,8430,8459,8350,8410,8377,8447,8444,8406,8475,8439,8367,8267,8428,8394,8487,8370,8449,8390,8308,8449,8087,8143,8450,8377,8479,8485,8386,8291,8478,8316,8443,8031,8411,8377,8436,8489,8483,8321,8437,8297,8363,8039,8327,8407,8196,8386,8365,8528,8398,8342,8393,8339,8440,8481,8349,8475,8420,8333,8548,8420,8415,8361,8093,8328,8035,8403,8064,8384,8437,8338,8225,8434,8516,8340,8409,8402,7963,8342,8517,8245,8452,8407,8361,8432,7827,8475,8407
1826,8462,8471,8439,8225,8299,8299,8436,8461,8406,8435,8464,8355,8415,8379,8448,8448,8408,8480,8442,8371,8272,8433,8396,8488,8376,8451,8394,8313,8454,8096,8147,8455,8381,8481,8488,8389,8295,8481,8318,8447,8039,8414,8380,8438,8496,8487,8325,8441,8300,8364,8041,8332,8410,8203,8392,8372,8531,8401,8348,8395,8344,8444,8485,8350,8478,8424,8336,8552,8425,8415,8366,8099,8330,8040,8406,8074,8387,8443,8340,8228,8437,8522,8345,8413,8409,7968,8344,8524,8249,8454,8409,8363,8433,7834,8484,8412
1827,8464,8472,8444,8227,8304,8303,8438,8467,8416,8441,8468,8360,8421,8385,8451,8452,8415,8485,8446,8378,8281,8436,8400,8494,8377,8455,8399,8316,8457,8099,8152,8460,8383,8484,8490,8391,8299,8483,8322,8448,8046,8415,8384,8440,8497,8488,8330,8446,8303,8367,8045,8333,8413,8210,8394,8376,8539,8401,8352,8397,8351,8445,8488,8354,8487,8428,8337,8557,8430,8421,8370,8102,8332,8047,8408,8083,8392,8450,8346,8231,8442,8523,8346,8419,8415,7976,8347,8525,8252,8455,8413,8367,8436,7836,8488,8416
1828,8467,8479,8446,8232,8314,8308,8441,8471,8419,8442,8472,8361,8423,8391,8458,8459,8419,8487,8449,8381,8287,8444,8403,8497,8379,8455,8402,8321,8457,8105,8154,8467,8388,8491,8492,8395,8302,8486,8328,8455,8055,8419,8389,8443,8498,8490,8333,8448,8308,8370,8047,8335,8421,8217,8396,8379,8541,8402,8355,8404,8355,8448,8488,8360,8494,8433,8339,8557,8431,8425,8375,8106,8337,8053,8412,8089,8400,8456,8349,8235,8447,8527,8349,8421,8420,7981,8351,8527,8258,8460,8416,8373,8442,7838,8492,8421
1829,8470,8485,8451,8235,8321,8309,8446,8475,8422,8445,8476,8367,8429,8394,8463,8459,8422,8491,8454,8385,8290,8447,8410,8501,8381,8457,8408,8327,8458,8110,8156,8472,8390,8494,8497,8398,8307,8494,8331,8456,8064,8421,8393,8444,8503,8494,8339,8453,8314,8371,8048,8336,8427,8221,8401,8386,8544,8406,8358,8407,8357,8449,8491,8363,8496,8437,8339,8560,8435,8427,8377,8107,8340,8059,8413,8095,8405,8460,8349,8239,8449,8531,8351,8424,8423,7988,8353,8532,8263,8465,8419,8377,8445,7838,8493,8422
1830,8474,8487,8457,8236,8323,8316,8451,8478,8429,8449,8477,8369,8433,8398,8466,8465,8425,8492,8463,8387,8294,8451,8413,8504,8384,8460,8410,8329,8461,8117,8161,8475,8392,8499,8500,8401,8314,8497,8332,8462,8072,8422,8399,8445,8512,8497,8341,8461,8316,8376,8050,8339,8430,8232,8405,8392,8546,8410,8361,8412,8359,8452,8496,8369,8503,8440,8344,8564,8438,8432,8381,8112,8342,8065,8416,8102,8408,8461,8356,8242,8453,8535,8355,8426,8431,7998,8354,8537,8266,8466,8422,8380,8448,7842,8496,8425
1831,8479,8493,8462,8239,8327,8321,8455,8479,8435,8453,8480,8372,8436,8400,8472,8468,8427,8495,8465,8389,8298,8455,8417,8507,8385,8463,8413,8339,8464,8122,8165,8478,8398,8503,8505,8406,8318,8501,8334,8467,8082,8423,8402,8450,8520,8504,8344,8468,8320,8378,8053,8342,8431,8237,8409,8393,8551,8416,8365,8414,8360,8453,8498,8372,8505,8443,8346,8566,8445,8434,8386,8116,8346,8071,8419,8110,8410,8463,8362,8247,8459,8540,8360,8430,8436,8003,8359,8542,8275,8467,8426,8382,8451,7847,8501,8430
1832,8484,8501,8467,8240,8332,8324,8459,8480,8442,8456,8483,8376,8437,8406,8477,8470,8429,8499,8466,8391,8299,8460,8424,8511,8387,8467,8419,8346,8468,8124,8166,8481,8399,8508,8507,8410,8322,8504,8335,8470,8092,8427,8408,8456,8524,8505,8348,8473,8327,8379,8054,8343,8434,8242,8411,8403,8555,8418,8368,8416,8361,8456,8501,8378,8514,8448,8349,8569,8452,8438,8391,8118,8348,8076,8423,8118,8413,8469,8366,8249,8466,8545,8364,8433,8440,8011,8361,8546,8280,8468,8434,8386,8455,7849,8504,8430
1833,8496,8505,8468,8244,8338,8328,8461,8483,8448,8459,8487,8377,8444,8409,8481,8475,8430,8502,8468,8397,8303,8463,8425,8515,8388,8473,8421,8349,8473,8130,8171,8484,8400,8513,8513,8411,8325,8506,8343,8474,8100,8430,8410,8460,8528,8510,8351,8476,8328,8384,8055,8347,8436,8248,8415,8408,8563,8421,8371,8420,8365,8458,8507,8380,8520,8449,8353,8574,8454,8440,8397,8120,8349,8085,8426,8123,8419,8471,8366,8251,8468,8548,8369,8437,8443,8020,8364,8551,8284,8471,8436,8389,8456,7852,8508,8432
1834,8500,8511,8472,8245,8342,8330,8462,8488,8451,8465,8489,8378,8449,8415,8487,8478,8435,8506,8470,8403,8313,8466,8429,8517,8391,8474,8423,8354,8474,8133,8172,8486,8405,8516,8515,8417,8336,8511,8344,8478,8112,8433,8412,8465,8530,8515,8356,8480,8334,8385,8058,8349,8439,8256,8417,8413,8567,8428,8375,8423,8370,8462,8509,8384,8525,8454,8355,8576,8457,8444,8407,8125,8352,8094,8432,8127,8422,8472,8367,8252,8470,8551,8375,8443,8445,8023,8366,8556,8288,8472,8440,8392,8462,7857,8510,8434
1835,8505,8516,8473,8245,8345,8337,8464,8490,8459,8471,8491,8379,8452,8419,8487,8484,8441,8510,8477,8412,8317,8470,8436,8519,8392,8479,8431,8361,8476,8139,8174,8488,8410,8520,8518,8422,8341,8515,8350,8480,8122,8435,8416,8468,8534,8520,8360,8490,8337,8390,8061,8353,8441,8259,8423,8414,8568,8430,8383,8427,8375,8466,8513,8391,8530,8454,8357,8578,8459,8444,8409,8125,8354,8100,8432,8131,8422,8475,8371,8254,8473,8556,8378,8446,8448,8027,8371,8560,8295,8475,8444,8396,8464,7859,8513,8438
1836,8506,8518,8475,8247,8351,8340,8466,8495,8463,8473,8493,8383,8460,8421,8489,8488,8442,8514,8485,8415,8317,8472,8437,8522,8396,8481,8436,8364,8478,8146,8174,8496,8412,8523,8520,8427,8347,8517,8351,8483,8131,8439,8416,8469,8538,8521,8364,8497,8339,8391,8064,8358,8445,8263,8430,8417,8571,8435,8386,8430,8381,8468,8520,8394,8532,8455,8360,8582,8464,8448,8415,8128,8361,8105,8435,8136,8426,8478,8377,8257,8473,8558,8382,8450,8452,8034,8376,8560,8300,8477,8451,8402,8466,7861,8516,8442
1837,8508,8522,8478,8248,8354,8344,8470,8497,8464,8476,8494,8387,8464,8426,8492,8489,8442,8520,8488,8418,8321,8476,8439,8526,8399,8484,8439,8372,8483,8154,8180,8501,8416,8528,8522,8431,8350,8518,8353,8490,8137,8440,8417,8470,8543,8526,8369,8502,8342,8394,8066,8361,8448,8266,8435,8419,8571,8438,8401,8430,8384,8471,8526,8398,8534,8456,8367,8586,8467,8450,8421,8130,8363,8118,8439,8140,8430,8480,8378,8260,8477,8559,8385,8454,8452,8045,8381,8568,8305,8484,8456,8406,8467,7867,8519,8445
1838,8511,8525,8483,8248,8362,8349,8474,8503,8468,8482,8497,8390,8466,8431,8494,8493,8446,8525,8493,8424,8325,8481,8442,8533,8400,8488,8445,8379,8484,8161,8184,8507,8422,8532,8529,8434,8355,8523,8360,8496,8144,8443,8418,8472,8544,8528,8374,8503,8345,8396,8069,8362,8453,8272,8438,8421,8574,8441,8405,8432,8389,8473,8527,8400,8539,8457,8370,8587,8472,8455,8423,8131,8367,8122,8443,8146,8435,8485,8382,8264,8481,8560,8389,8460,8457,8049,8384,8576,8311,8487,8461,8408,8475,7869,8524,8449
1839,8513,8529,8485,8252,8364,8354,8476,8506,8471,8484,8499,8392,8471,8440,8495,8494,8453,8531,8497,8429,8330,8492,8443,8536,8404,8496,8449,8381,8488,8165,8187,8509,8425,8534,8532,8441,8357,8524,8363,8498,8149,8445,8426,8479,8549,8533,8380,8507,8355,8397,8072,8367,8457,8279,8442,8424,8576,8446,8407,8434,8392,8475,8532,8409,8543,8460,8372,8590,8474,8458,8426,8132,8371,8130,8452,8154,8442,8488,8383,8264,8481,8567,8395,8466,8459,8052,8388,8579,8314,8490,8467,8412,8478,7869,8525,8453
1840,8521,8531,8489,8256,8368,8360,8477,8509,8471,8485,8503,8395,8473,8441,8496,8495,8456,8536,8499,8435,8334,8497,8447,8539,8406,8501,8453,8383,8491,8167,8189,8511,8427,8535,8534,8443,8362,8529,8366,8499,8157,8447,8428,8485,8554,8533,8386,8510,8359,8399,8077,8369,8460,8284,8446,8427,8577,8450,8408,8436,8399,8478,8537,8415,8546,8462,8375,8596,8478,8464,8428,8136,8375,8143,8459,8161,8446,8490,8387,8269,8484,8572,8398,8469,8461,8058,8390,8583,8321,8494,8471,8416,8478,7871,8535,8455
1841,8526,8536,8490,8259,8372,8365,8478,8512,8476,8488,8506,8399,8479,8445,8498,8498,8457,8542,8505,8442,8339,8500,8450,8543,8408,8506,8460,8388,8493,8174,8190,8515,8427,8542,8537,8448,8368,8533,8369,8502,8163,8451,8430,8489,8556,8536,8388,8513,8365,8403,8080,8376,8465,8285,8449,8429,8578,8453,8409,8438,8403,8480,8540,8416,8551,8467,8380,8602,8480,8467,8430,8138,8378,8149,8463,8164,8446,8492,8390,8270,8488,8574,8398,8474,8467,8065,8390,8585,8325,8496,8473,8417,8483,7872,8536,8457
1842,8528,8543,8493,8263,8380,8373,8483,8517,8478,8492,8509,8400,8483,8448,8502,8502,8459,8545,8506,8446,8342,8504,8454,8545,8413,8511,8463,8392,8496,8178,8193,8519,8430,8544,8541,8450,8377,8536,8373,8503,8170,8456,8431,8494,8557,8540,8390,8514,8369,8404,8081,8378,8469,8290,8452,8432,8582,8458,8411,8440,8406,8485,8545,8420,8554,8468,8381,8606,8483,8467,8436,8141,8382,8156,8464,8166,8447,8494,8392,8275,8492,8577,8404,8480,8471,8070,8393,8589,8333,8502,8480,8422,8486,7873,8539,8464
1843,8534,8546,8495,8267,8384,8377,8484,8519,8482,8495,8511,8405,8486,8452,8507,8507,8462,8546,8509,8448,8345,8508,8456,8548,8417,8516,8468,8399,8498,8181,8195,8521,8432,8546,8543,8454,8378,8536,8376,8506,8174,8458,8435,8499,8560,8541,8393,8517,8372,8408,8081,8383,8469,8296,8459,8437,8583,8462,8414,8442,8411,8487,8548,8427,8562,8470,8383,8609,8486,8471,8437,8143,8383,8165,8466,8169,8451,8498,8397,8278,8492,8577,8407,8483,8476,8074,8395,8597,8341,8506,8485,8424,8487,7875,8540,8467
1844,8536,8548,8496,8274,8390,8383,8485,8521,8490,8498,8512,8406,8488,8454,8509,8512,8464,8550,8514,8452,8351,8510,8462,8553,8419,8520,8470,8402,8500,8184,8200,8524,8433,8550,8543,8456,8382,8541,8379,8508,8183,8459,8439,8502,8565,8545,8393,8522,8374,8413,8082,8385,8471,8304,8460,8441,8585,8466,8420,8446,8413,8489,8551,8431,8565,8473,8387,8613,8492,8474,8444,8145,8386,8171,8469,8177,8456,8500,8400,8283,8497,8578,8413,8486,8478,8081,8396,8600,8344,8509,8488,8427,8492,7880,8546,8471
1845,8542,8549,8498,8278,8394,8387,8487,8528,8496,8502,8515,8410,8490,8459,8514,8512,8466,8551,8516,8455,8354,8516,8467,8556,8423,8523,8477,8404,8500,8188,8204,8528,8435,8557,8545,8461,8384,8545,8382,8512,8188,8462,8441,8504,8569,8546,8397,8524,8382,8414,8087,8389,8478,8306,8463,8445,8587,8469,8421,8448,8416,8493,8558,8433,8569,8479,8394,8615,8496,8478,8446,8148,8391,8177,8473,8185,8466,8504,8405,8284,8501,8580,8416,8490,8483,8085,8398,8604,8349,8512,8492,8430,8497,7884,8551,8476
1846,8547,8550,8501,8282,8396,8393,8488,8532,8502,8504,8517,8412,8493,8463,8517,8516,8466,8553,8518,8462,8360,8523,8471,8561,8425,8526,8480,8408,8502,8193,8205,8531,8438,8560,8547,8464,8388,8546,8385,8514,8196,8463,8442,8507,8572,8553,8401,8528,8388,8417,8090,8392,8480,8310,8465,8448,8590,8472,8423,8453,8422,8499,8563,8437,8572,8481,8398,8621,8501,8480,8456,8152,8396,8182,8477,8189,8471,8509,8406,8287,8503,8587,8423,8495,8487,8089,8399,8607,8349,8519,8497,8437,8498,7884,8557,8482
1847,8548,8552,8504,8282,8399,8395,8489,8535,8509,8506,8518,8412,8497,8466,8520,8519,8469,8555,8523,8466,8366,8526,8474,8566,8425,8528,8484,8412,8505,8197,8207,8537,8442,8565,8555,8467,8392,8552,8390,8516,8201,8468,8445,8511,8579,8559,8406,8531,8393,8421,8090,8394,8481,8316,8469,8453,8592,8474,8427,8455,8425,8499,8567,8441,8575,8482,8400,8623,8505,8483,8459,8155,8397,8189,8479,8193,8474,8514,8408,8290,8508,8592,8426,8499,8490,8099,8404,8610,8354,8521,8503,8439,8502,7889,8562,8485
1848,8551,8555,8506,8284,8408,8397,8492,8537,8513,8509,8523,8413,8499,8469,8522,8521,8472,8560,8526,8470,8370,8530,8477,8569,8428,8532,8486,8417,8508,8201,8210,8541,8446,8567,8557,8468,8397,8556,8391,8520,8204,8469,8447,8512,8581,8564,8411,8537,8397,8423,8090,8395,8484,8320,8471,8456,8592,8476,8431,8460,8428,8502,8569,8443,8576,8485,8401,8626,8506,8485,8462,8158,8400,8191,8479,8199,8479,8520,8412,8292,8512,8594,8431,8503,8494,8103,8406,8613,8357,8523,8504,8440,8508,7892,8565,8489
1849,8552,8557,8509,8285,8416,8402,8500,8539,8516,8513,8525,8417,8500,8474,8525,8525,8478,8565,8529,8477,8371,8534,8481,8573,8430,8532,8489,8419,8510,8207,8213,8544,8449,8569,8560,8468,8400,8558,8393,8524,8211,8472,8448,8514,8585,8567,8415,8539,8401,8426,8090,8397,8488,8324,8475,8458,8593,8478,8433,8461,8429,8503,8571,8445,8580,8487,8403,8628,8508,8487,8463,8163,8403,8193,8481,8203,8485,8521,8416,8294,8514,8596,8435,8504,8496,8112,8408,8616,8367,8528,8508,8443,8508,7893,8569,8491
1850,8557,8561,8512,8288,8418,8407,8501,8542,8521,8516,8526,8422,8506,8477,8530,8526,8482,8566,8533,8482,8377,8538,8481,8575,8433,8535,8492,8421,8514,8209,8216,8547,8449,8572,8565,8470,8403,8562,8398,8527,8215,8476,8449,8519,8586,8572,8419,8545,8402,8429,8091,8398,8490,8326,8477,8463,8595,8481,8435,8465,8433,8505,8574,8451,8583,8491,8410,8631,8509,8491,8465,8165,8406,8200,8483,8209,8491,8524,8421,8294,8517,8599,8439,8508,8500,8116,8412,8620,8369,8530,8510,8449,8509,7895,8574,8495
1851,8560,8566,8514,8289,8427,8409,8506,8544,8528,8517,8527,8425,8509,8480,8531,8527,8485,8568,8535,8487,8382,8541,8489,8580,8437,8538,8494,8430,8515,8218,8220,8548,8451,8572,8566,8470,8408,8565,8403,8530,8221,8479,8453,8520,8592,8575,8424,8546,8408,8436,8092,8399,8494,8329,8482,8463,8599,8483,8438,8466,8442,8506,8574,8458,8590,8498,8411,8632,8510,8493,8469,8166,8410,8204,8489,8214,8491,8525,8423,8294,8519,8602,8440,8511,8503,8120,8413,8623,8372,8534,8513,8452,8511,7896,8576,8498
1852,8564,8569,8519,8293,8430,8416,8510,8546,8528,8523,8527,8428,8510,8486,8539,8531,8487,8570,8540,8493,8387,8544,8493,8584,8439,8543,8497,8433,8517,8227,8220,8551,8453,8573,8566,8473,8414,8568,8406,8538,8229,8479,8456,8522,8595,8578,8429,8551,8417,8436,8094,8400,8497,8331,8484,8464,8601,8490,8440,8470,8445,8508,8577,8459,8594,8505,8414,8635,8511,8495,8472,8172,8415,8207,8495,8222,8493,8527,8430,8297,8522,8605,8446,8514,8505,8126,8415,8629,8376,8541,8516,8453,8513,7897,8579,8502
1853,8568,8572,8521,8299,8433,8417,8517,8552,8533,8527,8532,8430,8512,8491,8541,8537,8490,8574,8540,8498,8397,8547,8494,8587,8441,8547,8501,8436,8518,8238,8222,8555,8458,8573,8570,8474,8417,8573,8409,8540,8234,8483,8459,8524,8603,8579,8433,8552,8423,8440,8095,8405,8499,8336,8490,8467,8603,8494,8445,8471,8448,8510,8580,8461,8600,8510,8417,8641,8515,8499,8474,8174,8416,8215,8496,8230,8499,8533,8432,8298,8527,8605,8447,8517,8508,8132,8416,8631,8382,8547,8517,8457,8517,7898,8584,8505
1854,8573,8578,8523,8302,8434,8418,8521,8556,8538,8531,8535,8432,8520,8492,8543,8537,8495,8577,8543,8501,8399,8549,8497,8592,8443,8549,8508,8442,8521,8241,8225,8559,8460,8580,8573,8476,8421,8575,8411,8543,8242,8485,8463,8526,8607,8580,8436,8555,8426,8442,8098,8408,8500,8345,8492,8471,8608,8495,8453,8475,8451,8513,8584,8463,8602,8511,8425,8646,8518,8500,8482,8180,8416,8219,8502,8236,8502,8538,8438,8301,8531,8609,8451,8518,8512,8137,8420,8633,8389,8550,8519,8465,8518,7899,8587,8507
1855,8576,8582,8526,8303,8437,8421,8521,8557,8542,8534,8540,8433,8525,8495,8547,8537,8499,8577,8545,8508,8404,8555,8503,8596,8445,8553,8513,8447,8521,8248,8227,8563,8464,8581,8576,8480,8426,8577,8412,8549,8246,8490,8465,8530,8611,8583,8444,8561,8436,8448,8100,8413,8501,8348,8493,8476,8609,8498,8455,8476,8454,8513,8586,8466,8607,8511,8427,8650,8523,8505,8487,8182,8420,8227,8505,8243,8506,8540,8441,8304,8534,8613,8457,8527,8516,8145,8423,8633,8391,8552,8520,8468,8524,7902,8589,8508
1856,8580,8584,8529,8304,8443,8423,8525,8559,8547,8539,8543,8437,8528,8498,8549,8538,8500,8580,8550,8514,8406,8560,8507,8600,8450,8557,8518,8451,8524,8255,8230,8568,8467,8584,8579,8482,8430,8581,8412,8554,8250,8496,8469,8533,8614,8583,8447,8566,8438,8452,8103,8415,8502,8351,8495,8479,8611,8500,8459,8479,8457,8515,8591,8470,8612,8515,8430,8655,8526,8508,8493,8186,8421,8230,8507,8252,8509,8542,8442,8306,8535,8615,8462,8533,8519,8156,8427,8636,8398,8562,8522,8471,8529,7905,8595,8510
1857,8582,8587,8530,8308,8444,8429,8529,8564,8549,8544,8544,8442,8536,8501,8552,8546,8508,8584,8551,8520,8408,8566,8510,8602,8453,8560,8523,8456,8524,8259,8232,8572,8470,8584,8579,8485,8437,8585,8417,8557,8254,8499,8473,8535,8616,8588,8450,8577,8443,8452,8105,8420,8504,8359,8502,8485,8613,8502,8465,8479,8461,8517,8592,8473,8614,8519,8433,8657,8527,8511,8500,8186,8423,8235,8511,8262,8513,8543,8443,8310,8540,8617,8465,8537,8524,8163,8433,8639,8404,8567,8524,8475,8532,7906,8596,8513
1858,8586,8591,8536,8310,8449,8431,8536,8567,8552,8545,8549,8445,8538,8504,8556,8550,8510,8594,8556,8524,8414,8572,8512,8606,8455,8564,8529,8459,8526,8265,8232,8573,8471,8591,8581,8486,8441,8592,8422,8561,8258,8504,8474,8537,8619,8595,8455,8580,8447,8454,8107,8421,8509,8364,8507,8487,8615,8508,8467,8481,8465,8518,8596,8476,8622,8520,8433,8659,8528,8512,8506,8186,8426,8240,8511,8270,8515,8545,8447,8312,8547,8620,8466,8542,8524,8168,8434,8645,8408,8569,8527,8480,8538,7909,8603,8518
1859,8587,8595,8538,8313,8456,8438,8545,8570,8555,8547,8554,8446,8543,8505,8559,8552,8515,8597,8559,8527,8418,8578,8517,8610,8458,8566,8534,8462,8531,8267,8237,8574,8471,8594,8582,8487,8445,8599,8427,8565,8261,8504,8478,8538,8620,8598,8459,8582,8452,8456,8110,8423,8513,8369,8511,8494,8618,8511,8473,8487,8470,8521,8597,8479,8626,8526,8440,8662,8533,8516,8512,8190,8430,8248,8512,8272,8517,8547,8449,8314,8549,8622,8471,8549,8528,8173,8435,8648,8410,8573,8532,8481,8541,7911,8608,8524
1860,8590,8595,8541,8317,8460,8440,8549,8570,8556,8551,8560,8448,8549,8506,8561,8556,8523,8603,8563,8533,8420,8578,8517,8610,8462,8567,8538,8470,8531,8270,8241,8575,8473,8599,8585,8489,8450,8602,8427,8567,8266,8508,8481,8541,8627,8599,8461,8586,8461,8464,8110,8425,8515,8375,8515,8498,8621,8515,8478,8490,8475,8526,8598,8484,8629,8529,8444,8667,8537,8523,8515,8191,8434,8255,8516,8276,8522,8549,8451,8318,8551,8630,8473,8552,8530,8179,8438,8650,8416,8578,8535,8481,8545,7915,8611,8528
1861,8590,8597,8544,8318,8461,8443,8550,8573,8561,8554,8564,8451,8554,8511,8562,8564,8528,8606,8567,8536,8425,8582,8518,8613,8465,8567,8540,8474,8534,8273,8245,8579,8477,8604,8588,8494,8451,8605,8432,8577,8273,8510,8485,8541,8628,8601,8462,8589,8467,8465,8114,8428,8516,8378,8520,8501,8621,8516,8482,8492,8481,8530,8602,8485,8631,8531,8445,8671,8543,8527,8523,8191,8437,8262,8518,8281,8525,8555,8454,8318,8552,8632,8475,8553,8530,8185,8438,8656,8420,8582,8538,8483,8551,7917,8616,8530
1862,8593,8601,8548,8320,8469,8447,8554,8577,8562,8557,8567,8453,8557,8517,8564,8566,8531,8608,8571,8538,8427,8588,8522,8616,8467,8570,8545,8476,8535,8277,8247,8581,8479,8605,8589,8497,8457,8612,8437,8580,8285,8512,8489,8542,8628,8603,8465,8593,8470,8466,8117,8433,8516,8384,8522,8502,8623,8518,8482,8493,8487,8531,8605,8491,8633,8534,8451,8672,8546,8529,8529,8192,8438,8267,8519,8284,8528,8557,8457,8320,8556,8635,8481,8557,8539,8193,8438,8657,8422,8584,8541,8488,8554,7920,8619,8533
1863,8594,8605,8549,8323,8473,8452,8557,8580,8565,8557,8568,8455,8559,8519,8569,8569,8534,8611,8574,8539,8435,8591,8525,8618,8470,8572,8548,8479,8536,8282,8250,8586,8480,8608,8592,8497,8459,8616,8438,8580,8290,8515,8495,8547,8630,8604,8470,8599,8471,8470,8121,8437,8517,8388,8525,8506,8626,8520,8488,8496,8493,8534,8607,8495,8638,8537,8454,8679,8548,8532,8534,8194,8443,8274,8521,8292,8532,8560,8458,8322,8564,8639,8485,8557,8544,8200,8442,8659,8425,8587,8544,8491,8555,7923,8621,8536
1864,8597,8611,8551,8327,8476,8457,8561,8588,8569,8558,8569,8458,8561,8521,8575,8572,8534,8614,8576,8542,8438,8594,8529,8624,8474,8576,8551,8482,8538,8287,8254,8589,8483,8610,8594,8499,8463,8618,8438,8584,8296,8516,8499,8548,8637,8609,8473,8602,8476,8473,8124,8440,8521,8394,8526,8508,8628,8524,8495,8503,8496,8536,8614,8499,8643,8539,8458,8680,8553,8533,8537,8194,8444,8277,8521,8298,8535,8564,8460,8327,8571,8641,8488,8558,8549,8205,8445,8663,8429,8590,8547,8497,8558,7923,8626,8539
1865,8601,8614,8553,8329,8481,8461,8563,8592,8575,8558,8572,8459,8564,8523,8581,8574,8537,8618,8580,8544,8443,8597,8537,8626,8477,8578,8556,8488,8543,8293,8255,8594,8484,8614,8598,8504,8465,8625,8441,8586,8299,8519,8504,8551,8638,8614,8476,8608,8478,8474,8125,8444,8526,8397,8528,8510,8628,8528,8498,8506,8500,8538,8617,8504,8644,8542,8463,8682,8554,8535,8541,8199,8445,8286,8523,8304,8539,8568,8461,8330,8572,8644,8491,8562,8551,8210,8448,8664,8432,8591,8551,8501,8562,7923,8628,8542
1866,8605,8616,8555,8331,8485,8464,8568,8594,8579,8560,8576,8461,8566,8528,8582,8581,8540,8620,8580,8546,8451,8601,8543,8631,8479,8581,8558,8491,8546,8297,8260,8596,8489,8620,8604,8506,8475,8629,8444,8592,8299,8519,8509,8563,8643,8617,8484,8616,8480,8475,8128,8444,8526,8402,8533,8512,8632,8532,8499,8507,8503,8544,8622,8510,8649,8545,8465,8687,8558,8539,8542,8200,8447,8289,8525,8306,8544,8573,8462,8336,8576,8646,8494,8568,8555,8214,8450,8667,8437,8593,8556,8503,8566,7926,8632,8545
1867,8607,8618,8559,8336,8489,8466,8570,8600,8584,8563,8579,8462,8567,8530,8583,8582,8543,8625,8585,8546,8454,8603,8544,8635,8483,8583,8563,8495,8551,8300,8262,8598,8494,8621,8608,8508,8479,8630,8444,8594,8306,8521,8514,8566,8645,8620,8489,8617,8486,8483,8131,8444,8530,8405,8537,8514,8635,8534,8505,8509,8505,8549,8626,8512,8652,8546,8468,8691,8560,8540,8546,8203,8448,8294,8529,8312,8546,8576,8464,8337,8578,8649,8499,8573,8555,8226,8451,8670,8445,8598,8561,8506,8572,7927,8637,8547
1868,8609,8622,8560,8343,8494,8471,8575,8603,8584,8565,8582,8465,8571,8533,8585,8586,8544,8630,8587,8550,8457,8605,8547,8640,8484,8586,8564,8498,8552,8308,8265,8600,8497,8622,8610,8511,8483,8632,8446,8600,8309,8522,8517,8570,8647,8621,8489,8621,8490,8487,8132,8446,8533,8412,8538,8517,8637,8537,8510,8510,8509,8552,8628,8514,8655,8546,8473,8694,8563,8545,8547,8207,8452,8297,8530,8318,8549,8579,8467,8339,8581,8650,8502,8576,8556,8229,8455,8671,8448,8600,8561,8510,8572,7935,8643,8548
1869,8610,8622,8563,8343,8505,8478,8578,8606,8586,8574,8584,8469,8573,8535,8586,8588,8547,8633,8590,8552,8462,8611,8548,8645,8487,8593,8569,8499,8555,8314,8267,8604,8501,8624,8612,8515,8489,8633,8446,8606,8316,8525,8521,8573,8651,8625,8493,8625,8497,8490,8133,8447,8535,8417,8543,8518,8640,8540,8511,8512,8513,8553,8630,8516,8658,8549,8476,8698,8567,8548,8552,8210,8455,8300,8532,8326,8552,8582,8469,8342,8585,8655,8505,8580,8557,8236,8460,8673,8453,8603,8566,8513,8574,7938,8646,8554
1870,8613,8624,8567,8348,8511,8483,8578,8607,8588,8576,8586,8471,8575,8536,8587,8592,8552,8637,8594,8555,8465,8614,8550,8647,8491,8596,8575,8502,8556,8322,8270,8607,8505,8626,8614,8518,8492,8639,8450,8607,8319,8529,8527,8575,8654,8628,8496,8629,8501,8492,8133,8451,8541,8422,8546,8519,8644,8540,8512,8515,8517,8555,8634,8519,8664,8553,8477,8698,8570,8556,8554,8213,8455,8304,8534,8328,8555,8585,8469,8345,8591,8658,8509,8580,8562,8242,8462,8674,8459,8606,8569,8517,8578,7941,8648,8556
1871,8615,8631,8570,8352,8516,8488,8581,8612,8591,8579,8589,8473,8577,8537,8589,8595,8557,8639,8596,8556,8468,8617,8554,8649,8493,8599,8575,8506,8557,8327,8277,8610,8509,8628,8615,8520,8494,8644,8452,8613,8325,8534,8528,8577,8659,8635,8498,8630,8504,8495,8133,8454,8545,8425,8550,8524,8647,8545,8515,8521,8519,8557,8636,8522,8667,8556,8481,8702,8576,8560,8557,8215,8456,8305,8537,8331,8556,8588,8472,8348,8594,8659,8510,8586,8565,8247,8463,8675,8463,8607,8576,8519,8581,7943,8652,8560
1872,8615,8632,8572,8352,8520,8494,8583,8615,8594,8581,8595,8473,8578,8538,8591,8599,8560,8640,8601,8558,8470,8617,8557,8654,8494,8601,8575,8508,8558,8330,8277,8613,8510,8631,8617,8523,8497,8649,8455,8615,8331,8538,8533,8577,8663,8640,8501,8635,8509,8497,8136,8455,8546,8428,8555,8530,8649,8548,8518,8522,8523,8559,8639,8524,8672,8557,8483,8704,8579,8569,8561,8217,8460,8310,8538,8334,8557,8592,8477,8348,8598,8662,8512,8588,8570,8253,8469,8678,8466,8608,8580,8522,8582,7943,8653,8564
1873,8618,8634,8576,8354,8522,8501,8585,8617,8596,8583,8602,8474,8578,8541,8593,8600,8561,8650,8606,8563,8475,8623,8558,8658,8496,8604,8577,8510,8560,8335,8277,8616,8514,8632,8619,8525,8499,8653,8459,8616,8333,8539,8535,8580,8665,8644,8504,8642,8513,8500,8139,8460,8549,8433,8558,8534,8649,8549,8523,8524,8526,8562,8640,8527,8675,8561,8488,8704,8581,8574,8563,8219,8463,8316,8543,8339,8559,8597,8484,8351,8605,8663,8513,8591,8575,8260,8472,8680,8468,8612,8581,8524,8586,7945,8657,8565
1874,8620,8635,8579,8357,8526,8506,8588,8619,8601,8586,8605,8477,8582,8546,8596,8603,8564,8654,8607,8565,8478,8625,8562,8661,8500,8608,8580,8516,8564,8337,8280,8618,8519,8634,8621,8530,8506,8655,8461,8619,8342,8541,8541,8583,8671,8645,8506,8643,8516,8502,8141,8463,8550,8437,8558,8539,8652,8551,8524,8531,8529,8566,8645,8528,8678,8563,8493,8708,8587,8575,8566,8220,8466,8323,8546,8342,8559,8599,8484,8354,8607,8668,8518,8597,8578,8262,8473,8681,8472,8615,8585,8526,8589,7946,8660,8569
1875,8624,8636,8583,8360,8532,8511,8590,8622,8606,8591,8606,8479,8587,8551,8599,8607,8569,8664,8610,8566,8486,8628,8565,8664,8504,8613,8581,8522,8566,8340,8286,8621,8521,8637,8623,8531,8509,8660,8463,8623,8347,8546,8544,8583,8674,8649,8509,8648,8522,8505,8145,8465,8553,8440,8560,8541,8654,8553,8527,8533,8534,8568,8647,8534,8683,8563,8500,8710,8589,8577,8569,8221,8468,8329,8547,8347,8563,8605,8488,8359,8608,8668,8520,8599,8581,8268,8474,8686,8477,8618,8588,8527,8590,7947,8666,8577
1876,8624,8638,8584,8363,8537,8514,8593,8626,8612,8592,8606,8481,8589,8554,8601,8608,8569,8667,8613,8570,8487,8630,8569,8664,8506,8617,8584,8523,8568,8342,8291,8626,8521,8640,8627,8532,8510,8661,8467,8627,8352,8549,8549,8585,8675,8650,8512,8651,8525,8511,8150,8471,8555,8444,8562,8542,8654,8559,8536,8535,8536,8569,8651,8539,8690,8565,8502,8711,8589,8577,8577,8225,8471,8338,8547,8351,8570,8607,8490,8360,8611,8669,8522,8601,8584,8273,8475,8692,8482,8619,8594,8531,8593,7950,8671,8579
1877,8625,8640,8594,8363,8541,8521,8595,8628,8615,8595,8609,8485,8592,8555,8603,8610,8575,8669,8620,8575,8492,8633,8571,8670,8506,8618,8585,8526,8569,8350,8292,8628,8521,8641,8630,8536,8512,8662,8470,8629,8359,8552,8554,8586,8680,8655,8516,8653,8527,8512,8153,8473,8557,8448,8567,8544,8655,8564,8538,8538,8543,8573,8656,8541,8692,8568,8505,8713,8592,8578,8577,8225,8474,8344,8548,8358,8576,8611,8494,8367,8616,8670,8527,8601,8585,8279,8477,8695,8483,8622,8598,8536,8598,7954,8673,8581
1878,8628,8643,8597,8367,8545,8524,8597,8629,8622,8599,8611,8490,8596,8557,8606,8614,8579,8672,8624,8579,8496,8634,8575,8676,8510,8620,8587,8530,8572,8351,8295,8629,8522,8644,8632,8542,8521,8663,8471,8630,8366,8555,8556,8588,8682,8658,8518,8656,8534,8513,8154,8476,8559,8449,8570,8548,8657,8569,8541,8542,8544,8576,8660,8542,8695,8569,8508,8713,8592,8581,8578,8229,8476,8350,8548,8364,8578,8612,8496,8371,8618,8674,8530,8607,8588,8284,8479,8698,8485,8627,8602,8539,8603,7958,8678,8581
1879,8632,8644,8600,8370,8550,8528,8601,8630,8626,8602,8613,8495,8600,8561,8606,8615,8582,8675,8628,8580,8501,8636,8576,8679,8513,8623,8587,8534,8573,8356,8297,8633,8526,8648,8636,8549,8525,8666,8474,8630,8374,8559,8557,8590,8686,8660,8523,8659,8537,8516,8156,8479,8563,8451,8573,8555,8661,8571,8547,8543,8547,8579,8662,8545,8697,8570,8509,8716,8595,8584,8579,8235,8481,8352,8550,8368,8581,8614,8500,8373,8623,8677,8537,8612,8589,8292,8481,8698,8487,8630,8607,8542,8605,7961,8681,8587
1880,8633,8646,8601,8372,8556,8535,8604,8632,8631,8605,8616,8497,8604,8565,8607,8619,8585,8678,8631,8584,8505,8638,8580,8681,8514,8623,8593,8536,8577,8360,8300,8635,8528,8650,8642,8555,8528,8668,8476,8632,8387,8562,8562,8593,8690,8663,8527,8663,8541,8516,8160,8482,8565,8452,8576,8559,8663,8576,8548,8545,8550,8582,8666,8552,8701,8571,8512,8721,8596,8586,8584,8238,8484,8359,8555,8375,8581,8618,8501,8373,8624,8680,8542,8615,8591,8299,8483,8699,8491,8632,8609,8545,8607,7961,8684,8590
1881,8634,8647,8608,8377,8561,8547,8608,8633,8632,8607,8618,8499,8607,8567,8610,8621,8587,8682,8637,8589,8508,8644,8583,8684,8517,8632,8600,8540,8578,8365,8301,8637,8530,8651,8645,8558,8530,8671,8478,8632,8388,8564,8564,8595,8694,8666,8528,8665,8547,8518,8163,8482,8566,8462,8578,8564,8668,8579,8549,8549,8554,8585,8667,8555,8702,8573,8513,8722,8600,8591,8589,8240,8484,8361,8557,8381,8584,8622,8504,8375,8627,8682,8544,8616,8593,8305,8486,8700,8495,8635,8613,8548,8611,7965,8689,8594
1882,8634,8648,8609,8381,8566,8554,8610,8639,8641,8607,8623,8500,8609,8569,8614,8623,8589,8682,8640,8593,8514,8648,8588,8685,8524,8633,8604,8543,8583,8371,8304,8639,8530,8654,8649,8562,8532,8671,8488,8639,8391,8566,8566,8597,8700,8668,8532,8668,8552,8520,8165,8482,8568,8467,8578,8566,8669,8580,8553,8550,8557,8588,8670,8558,8705,8573,8514,8724,8600,8593,8593,8243,8489,8364,8559,8383,8589,8624,8506,8380,8629,8684,8546,8619,8595,8310,8487,8702,8501,8637,8617,8551,8615,7968,8691,8596
1883,8638,8652,8612,8384,8570,8556,8612,8644,8645,8608,8629,8500,8617,8574,8618,8627,8594,8688,8644,8595,8522,8654,8592,8689,8527,8635,8608,8549,8583,8379,8306,8640,8533,8658,8649,8563,8535,8673,8491,8643,8396,8568,8574,8599,8702,8674,8533,8675,8554,8522,8165,8487,8572,8472,8579,8568,8673,8582,8554,8550,8559,8591,8671,8565,8707,8575,8517,8727,8601,8594,8593,8245,8489,8370,8565,8387,8592,8628,8510,8381,8631,8688,8548,8623,8597,8317,8491,8705,8504,8639,8626,8553,8621,7970,8693,8601
1884,8642,8656,8615,8387,8574,8558,8616,8653,8650,8609,8629,8503,8620,8577,8620,8633,8596,8688,8646,8597,8525,8656,8592,8695,8529,8639,8610,8551,8585,8387,8308,8641,8536,8659,8652,8567,8539,8674,8494,8647,8398,8570,8579,8602,8708,8677,8538,8677,8557,8525,8168,8490,8576,8476,8581,8570,8674,8585,8556,8554,8562,8595,8671,8570,8712,8577,8524,8732,8601,8597,8596,8250,8489,8374,8565,8389,8592,8629,8513,8381,8640,8691,8550,8625,8602,8325,8492,8706,8508,8641,8628,8558,8624,7972,8696,8605
1885,8644,8658,8619,8387,8576,8561,8617,8656,8654,8611,8633,8505,8623,8579,8623,8633,8601,8688,8650,8603,8529,8660,8592,8699,8531,8644,8613,8555,8589,8389,8313,8641,8536,8664,8657,8567,8542,8677,8495,8649,8407,8573,8583,8604,8709,8679,8542,8679,8558,8526,8169,8491,8581,8476,8582,8577,8676,8586,8563,8556,8572,8601,8676,8572,8713,8578,8525,8739,8603,8603,8600,8252,8489,8378,8567,8397,8594,8632,8515,8383,8641,8692,8553,8627,8604,8329,8492,8708,8513,8645,8632,8560,8625,7973,8700,8611
1886,8648,8661,8625,8388,8578,8566,8621,8660,8657,8613,8635,8508,8627,8582,8626,8634,8603,8691,8651,8611,8532,8662,8596,8700,8536,8645,8614,8558,8590,8390,8313,8641,8539,8667,8658,8569,8546,8680,8498,8651,8410,8576,8588,8608,8711,8681,8543,8682,8562,8527,8172,8494,8583,8477,8583,8579,8677,8589,8570,8559,8575,8603,8680,8573,8717,8582,8527,8745,8606,8605,8603,8256,8491,8382,8569,8398,8596,8635,8518,8383,8643,8695,8557,8630,8606,8332,8497,8716,8514,8646,8633,8561,8629,7974,8703,8615
1887,8649,8662,8630,8391,8583,8568,8623,8661,8657,8614,8635,8511,8628,8582,8627,8638,8607,8696,8652,8614,8538,8665,8599,8701,8536,8646,8615,8564,8590,8392,8314,8642,8541,8670,8660,8572,8551,8684,8499,8653,8414,8578,8592,8613,8714,8683,8546,8686,8563,8529,8176,8495,8584,8480,8587,8582,8680,8589,8573,8564,8577,8605,8680,8575,8719,8585,8531,8746,8607,8606,8608,8258,8493,8384,8574,8400,8600,8639,8519,8384,8644,8697,8557,8632,8609,8338,8499,8720,8515,8649,8635,8564,8633,7980,8707,8620
1888,8653,8666,8630,8391,8591,8570,8627,8662,8660,8615,8637,8513,8632,8584,8632,8641,8612,8700,8652,8619,8540,8671,8603,8703,8538,8647,8622,8566,8593,8401,8316,8643,8541,8673,8665,8573,8560,8686,8504,8658,8421,8582,8594,8613,8717,8686,8548,8688,8566,8530,8178,8498,8584,8484,8590,8586,8683,8597,8576,8567,8579,8608,8681,8582,8723,8586,8534,8751,8608,8607,8611,8260,8494,8390,8575,8404,8602,8642,8522,8386,8646,8699,8561,8634,8615,8344,8503,8721,8523,8652,8639,8566,8635,7983,8711,8623
1889,8655,8669,8631,8392,8594,8573,8631,8665,8664,8619,8637,8513,8633,8585,8636,8642,8615,8704,8656,8623,8544,8672,8605,8705,8541,8647,8627,8568,8596,8403,8317,8646,8543,8677,8667,8577,8562,8689,8506,8660,8427,8586,8597,8617,8720,8688,8551,8692,8568,8533,8181,8500,8587,8486,8592,8589,8688,8600,8579,8569,8582,8610,8685,8585,8725,8588,8539,8755,8609,8610,8617,8260,8497,8395,8577,8411,8604,8643,8523,8388,8648,8702,8566,8637,8617,8351,8505,8724,8528,8655,8645,8567,8636,7986,8712,8625
1890,8657,8671,8634,8395,8597,8576,8631,8667,8665,8622,8641,8514,8636,8591,8637,8643,8617,8706,8658,8627,8548,8673,8607,8712,8544,8650,8627,8568,8600,8405,8321,8649,8545,8679,8669,8578,8565,8690,8508,8662,8437,8589,8599,8620,8722,8692,8555,8695,8570,8535,8181,8502,8587,8490,8595,8590,8688,8604,8586,8575,8584,8614,8685,8590,8727,8592,8542,8756,8614,8611,8621,8261,8499,8399,8580,8413,8607,8649,8527,8390,8654,8706,8568,8639,8620,8357,8508,8726,8531,8656,8650,8569,8638,7988,8714,8626
1891,8660,8673,8637,8400,8599,8577,8636,8667,8667,8624,8646,8519,8638,8595,8640,8643,8619,8707,8660,8628,8551,8676,8608,8713,8546,8652,8630,8569,8601,8406,8324,8651,8549,8682,8673,8583,8568,8696,8510,8667,8440,8590,8602,8623,8726,8694,8557,8696,8572,8536,8181,8502,8589,8492,8598,8593,8689,8607,8589,8576,8585,8616,8687,8592,8731,8595,8544,8760,8619,8612,8622,8262,8502,8403,8583,8420,8611,8650,8530,8394,8658,8707,8572,8642,8624,8360,8510,8727,8537,8658,8654,8569,8642,7989,8716,8632
1892,8663,8677,8641,8403,8601,8581,8636,8674,8669,8626,8646,8521,8638,8595,8644,8644,8623,8710,8662,8635,8557,8678,8613,8715,8549,8653,8633,8578,8605,8410,8324,8657,8549,8682,8674,8586,8574,8699,8514,8668,8442,8594,8607,8624,8727,8694,8559,8700,8576,8538,8182,8504,8589,8497,8603,8596,8692,8609,8592,8576,8591,8621,8688,8594,8735,8595,8544,8766,8620,8615,8624,8264,8505,8415,8583,8424,8613,8655,8531,8397,8661,8709,8574,8644,8626,8368,8513,8733,8540,8660,8658,8571,8645,7992,8720,8635
1893,8665,8678,8645,8406,8605,8586,8636,8674,8675,8626,8650,8521,8642,8599,8646,8648,8626,8714,8663,8638,8559,8678,8615,8720,8551,8656,8634,8580,8608,8414,8325,8663,8551,8684,8677,8588,8576,8703,8518,8671,8447,8600,8610,8624,8731,8697,8561,8705,8582,8541,8185,8506,8589,8502,8607,8601,8697,8609,8596,8580,8593,8623,8690,8598,8740,8596,8545,8768,8623,8618,8627,8268,8507,8418,8584,8428,8616,8655,8534,8399,8663,8711,8579,8648,8629,8373,8515,8737,8545,8661,8660,8575,8646,7995,8723,8639
1894,8666,8679,8646,8407,8608,8588,8640,8676,8679,8627,8651,8522,8646,8600,8648,8650,8627,8717,8668,8640,8563,8680,8616,8722,8551,8658,8636,8587,8608,8418,8326,8664,8554,8687,8679,8588,8579,8705,8518,8671,8452,8603,8616,8626,8735,8700,8563,8707,8585,8543,8186,8506,8589,8508,8611,8606,8698,8613,8597,8583,8595,8624,8691,8600,8741,8598,8547,8769,8628,8622,8630,8269,8508,8426,8587,8429,8621,8662,8538,8400,8664,8715,8582,8649,8632,8380,8515,8742,8547,8662,8665,8576,8650,7996,8727,8642
1895,8668,8682,8647,8409,8610,8589,8641,8680,8684,8628,8655,8523,8650,8600,8649,8650,8628,8719,8670,8647,8568,8683,8618,8726,8554,8661,8636,8592,8611,8418,8329,8667,8555,8687,8682,8591,8583,8708,8519,8675,8454,8604,8619,8629,8744,8702,8566,8710,8588,8545,8188,8508,8593,8514,8612,8612,8704,8616,8604,8584,8599,8624,8693,8602,8750,8599,8548,8771,8632,8626,8635,8270,8510,8430,8590,8431,8624,8666,8541,8401,8668,8716,8584,8653,8634,8386,8515,8747,8548,8666,8668,8577,8655,7996,8727,8646
1896,8671,8682,8655,8410,8616,8591,8644,8685,8688,8632,8655,8526,8654,8602,8652,8654,8628,8721,8674,8649,8574,8684,8621,8732,8557,8666,8639,8595,8615,8427,8332,8672,8557,8690,8686,8593,8588,8709,8519,8678,8456,8607,8620,8630,8747,8703,8572,8716,8594,8547,8190,8510,8596,8516,8615,8614,8707,8623,8608,8589,8605,8630,8694,8608,8751,8601,8550,8774,8635,8628,8639,8273,8510,8435,8594,8438,8625,8668,8542,8401,8668,8718,8584,8658,8637,8390,8517,8751,8552,8670,8669,8580,8661,8000,8729,8648
1897,8675,8686,8660,8412,8620,8592,8650,8687,8689,8636,8657,8527,8660,8603,8655,8656,8631,8722,8677,8651,8579,8687,8627,8734,8559,8667,8641,8601,8618,8430,8335,8674,8560,8694,8687,8596,8593,8710,8524,8680,8461,8611,8624,8634,8747,8707,8576,8719,8597,8547,8192,8512,8598,8524,8619,8619,8708,8625,8611,8591,8607,8631,8697,8610,8751,8603,8553,8777,8638,8630,8646,8275,8512,8445,8596,8439,8627,8675,8544,8404,8673,8722,8587,8661,8639,8399,8518,8753,8553,8673,8673,8583,8665,8003,8733,8650
1898,8678,8688,8661,8414,8624,8596,8657,8691,8690,8638,8662,8527,8660,8607,8656,8658,8632,8723,8680,8652,8582,8688,8630,8736,8560,8670,8642,8603,8622,8438,8335,8678,8560,8699,8689,8599,8595,8712,8524,8680,8463,8611,8628,8637,8751,8710,8583,8722,8606,8551,8193,8513,8600,8532,8620,8624,8708,8626,8614,8593,8609,8633,8698,8618,8753,8605,8554,8779,8639,8634,8649,8278,8516,8449,8601,8442,8629,8677,8546,8404,8678,8724,8588,8665,8642,8404,8521,8754,8557,8675,8675,8587,8667,8005,8737,8651
1899,8680,8691,8662,8416,8632,8601,8658,8695,8696,8641,8663,8528,8662,8609,8656,8660,8636,8725,8684,8654,8583,8692,8632,8737,8564,8672,8642,8606,8625,8442,8339,8682,8563,8704,8692,8605,8596,8714,8527,8683,8470,8612,8629,8638,8756,8713,8585,8728,8608,8553,8195,8517,8600,8535,8624,8626,8711,8627,8617,8594,8610,8635,8702,8621,8756,8608,8559,8779,8642,8637,8650,8283,8518,8453,8602,8447,8635,8679,8547,8404,8680,8727,8592,8667,8645,8412,8524,8757,8560,8679,8680,8589,8670,8008,8740,8653
1900,8681,8695,8663,8418,8632,8607,8667,8700,8699,8643,8667,8530,8665,8614,8658,8662,8640,8726,8687,8656,8588,8694,8639,8741,8567,8674,8644,8613,8628,8445,8341,8685,8569,8707,8695,8606,8600,8716,8530,8688,8476,8616,8630,8639,8760,8714,8587,8733,8611,8556,8196,8518,8602,8537,8626,8628,8714,8628,8621,8595,8613,8637,8703,8627,8758,8608,8562,8779,8646,8639,8653,8285,8521,8459,8604,8454,8637,8682,8550,8409,8687,8728,8593,8671,8651,8416,8526,8760,8564,8682,8682,8593,8670,8012,8741,8656
1901,8683,8699,8667,8419,8635,8609,8668,8703,8704,8646,8667,8532,8669,8617,8659,8669,8643,8729,8689,8658,8593,8697,8641,8742,8572,8677,8646,8616,8631,8452,8342,8685,8574,8710,8698,8609,8603,8722,8532,8690,8482,8619,8633,8642,8761,8715,8590,8735,8614,8557,8199,8519,8606,8540,8628,8632,8717,8631,8626,8597,8615,8639,8704,8631,8762,8609,8568,8781,8649,8640,8654,8285,8524,8468,8605,8457,8640,8686,8551,8412,8689,8730,8593,8674,8651,8423,8529,8761,8572,8688,8684,8594,8675,8012,8742,8658
1902,8687,8701,8669,8422,8638,8613,8669,8704,8708,8647,8672,8536,8669,8618,8662,8671,8643,8733,8695,8660,8597,8698,8642,8742,8574,8679,8648,8620,8632,8459,8344,8690,8575,8711,8699,8609,8606,8724,8534,8692,8488,8621,8637,8644,8764,8718,8595,8738,8617,8557,8202,8523,8613,8543,8633,8636,8719,8633,8627,8598,8619,8642,8704,8634,8763,8610,8572,8782,8653,8643,8655,8285,8525,8472,8608,8461,8640,8689,8552,8413,8690,8736,8596,8676,8655,8431,8529,8762,8575,8688,8687,8597,8677,8016,8744,8658
1903,8692,8701,8669,8423,8643,8618,8671,8705,8709,8648,8676,8541,8670,8619,8666,8677,8647,8736,8697,8666,8598,8699,8644,8745,8575,8681,8650,8620,8636,8460,8349,8694,8581,8713,8699,8611,8614,8726,8538,8695,8493,8621,8639,8644,8765,8721,8595,8742,8621,8560,8203,8526,8614,8549,8637,8639,8720,8637,8628,8602,8624,8645,8705,8635,8764,8612,8573,8787,8654,8645,8658,8286,8525,8474,8610,8468,8641,8691,8555,8414,8691,8736,8598,8679,8664,8434,8531,8767,8576,8688,8691,8600,8680,8018,8746,8662
1904,8694,8703,8674,8424,8647,8622,8676,8710,8710,8650,8677,8543,8671,8621,8667,8679,8650,8737,8700,8667,8600,8703,8647,8748,8576,8686,8653,8623,8640,8462,8354,8697,8583,8716,8699,8616,8615,8732,8539,8697,8500,8622,8643,8648,8766,8724,8599,8747,8623,8564,8205,8529,8615,8555,8639,8640,8723,8639,8629,8603,8626,8647,8710,8637,8769,8616,8576,8792,8655,8647,8664,8290,8525,8478,8614,8471,8644,8693,8557,8417,8693,8736,8601,8682,8665,8441,8532,8767,8581,8689,8694,8601,8682,8019,8751,8664
1905,8697,8703,8674,8426,8650,8625,8678,8710,8713,8655,8680,8547,8675,8625,8669,8684,8655,8738,8700,8669,8602,8706,8651,8750,8577,8689,8655,8628,8644,8468,8359,8699,8586,8720,8701,8617,8616,8739,8544,8700,8505,8623,8648,8651,8767,8726,8600,8749,8625,8565,8206,8530,8616,8561,8642,8641,8725,8642,8631,8606,8626,8651,8711,8638,8770,8618,8578,8796,8658,8650,8664,8293,8527,8484,8616,8478,8647,8697,8559,8419,8694,8738,8605,8685,8665,8448,8534,8770,8582,8691,8696,8602,8685,8022,8752,8665
1906,8698,8707,8676,8428,8653,8628,8680,8714,8713,8657,8680,8547,8677,8628,8670,8689,8660,8739,8704,8671,8604,8709,8652,8752,8578,8694,8658,8631,8644,8478,8359,8701,8588,8726,8703,8619,8617,8742,8545,8702,8511,8624,8650,8653,8770,8729,8602,8751,8627,8568,8210,8532,8621,8565,8645,8645,8727,8644,8635,8608,8628,8661,8715,8642,8773,8620,8580,8800,8660,8651,8666,8299,8534,8486,8620,8481,8647,8702,8561,8422,8695,8741,8613,8686,8669,8453,8539,8773,8585,8695,8699,8606,8689,8024,8755,8666
1907,8699,8709,8678,8430,8658,8630,8681,8717,8715,8661,8684,8549,8681,8631,8672,8691,8664,8740,8706,8671,8609,8712,8654,8753,8580,8695,8660,8633,8651,8483,8361,8708,8594,8731,8705,8624,8619,8742,8546,8703,8514,8628,8652,8654,8772,8733,8606,8756,8633,8568,8211,8535,8623,8570,8646,8652,8727,8644,8642,8610,8630,8662,8718,8648,8775,8624,8581,8803,8662,8653,8669,8303,8537,8488,8624,8482,8650,8708,8562,8422,8696,8743,8618,8689,8670,8454,8540,8776,8590,8705,8704,8608,8691,8024,8758,8670
1908,8701,8711,8679,8432,8660,8632,8684,8721,8719,8663,8686,8552,8685,8640,8673,8695,8666,8742,8708,8671,8613,8715,8657,8755,8583,8696,8663,8635,8653,8490,8364,8712,8596,8732,8707,8629,8626,8744,8548,8708,8519,8632,8656,8656,8774,8737,8609,8756,8636,8568,8215,8536,8625,8575,8651,8652,8729,8648,8645,8612,8633,8665,8719,8651,8777,8625,8582,8809,8666,8656,8670,8305,8541,8493,8627,8485,8655,8712,8567,8422,8697,8744,8619,8691,8672,8460,8542,8778,8592,8708,8706,8609,8693,8026,8761,8672
1909,8705,8712,8681,8433,8667,8636,8693,8721,8725,8665,8689,8554,8687,8641,8675,8696,8668,8744,8709,8673,8615,8717,8658,8756,8584,8698,8664,8639,8657,8493,8366,8713,8596,8737,8709,8631,8630,8748,8551,8710,8525,8635,8659,8657,8777,8739,8612,8761,8639,8571,8216,8539,8627,8577,8656,8653,8730,8649,8648,8619,8637,8666,8719,8651,8778,8629,8583,8813,8670,8662,8671,8307,8544,8496,8630,8487,8662,8715,8569,8423,8701,8745,8620,8695,8675,8463,8548,8782,8594,8711,8710,8612,8693,8028,8763,8673
1910,8706,8715,8682,8436,8668,8637,8698,8722,8730,8667,8694,8555,8692,8644,8679,8699,8674,8747,8716,8674,8624,8717,8660,8756,8587,8699,8668,8641,8662,8496,8369,8715,8598,8739,8710,8631,8631,8749,8554,8710,8531,8639,8661,8657,8779,8741,8615,8766,8641,8571,8222,8541,8629,8583,8659,8656,8733,8651,8648,8622,8638,8668,8723,8653,8780,8631,8585,8815,8674,8664,8671,8307,8545,8502,8630,8493,8667,8717,8570,8424,8703,8747,8624,8701,8678,8466,8552,8785,8598,8714,8713,8613,8696,8031,8763,8676
1911,8708,8723,8683,8440,8672,8640,8700,8723,8733,8672,8696,8558,8692,8648,8682,8700,8675,8751,8718,8676,8630,8719,8663,8758,8592,8703,8669,8644,8664,8500,8370,8719,8604,8742,8711,8633,8633,8753,8558,8713,8537,8642,8666,8663,8782,8746,8618,8770,8642,8572,8226,8541,8631,8586,8662,8657,8735,8651,8653,8624,8641,8669,8726,8655,8784,8636,8590,8816,8678,8666,8675,8309,8547,8510,8632,8496,8670,8719,8572,8431,8704,8749,8624,8704,8679,8472,8553,8792,8601,8715,8714,8616,8701,8034,8764,8678
1912,8713,8724,8686,8441,8676,8644,8704,8726,8739,8673,8698,8559,8694,8650,8685,8705,8676,8752,8720,8678,8634,8723,8665,8763,8595,8708,8672,8646,8665,8504,8372,8722,8607,8742,8712,8635,8638,8754,8561,8715,8541,8644,8667,8665,8783,8749,8620,8771,8647,8576,8231,8542,8633,8596,8667,8658,8740,8655,8655,8626,8644,8670,8728,8655,8786,8639,8591,8818,8681,8666,8680,8311,8549,8517,8634,8500,8673,8725,8573,8432,8704,8749,8629,8705,8680,8477,8554,8794,8609,8718,8718,8623,8704,8038,8767,8679
1913,8713,8725,8688,8444,8680,8645,8704,8728,8743,8677,8699,8560,8697,8652,8690,8706,8680,8752,8724,8684,8644,8726,8667,8767,8597,8713,8677,8646,8670,8508,8373,8724,8609,8745,8714,8639,8644,8757,8564,8715,8542,8644,8669,8668,8786,8751,8625,8773,8649,8577,8233,8544,8636,8602,8668,8660,8743,8657,8657,8627,8646,8671,8731,8656,8788,8641,8592,8819,8685,8667,8682,8316,8552,8525,8635,8506,8674,8728,8577,8436,8705,8753,8632,8709,8682,8484,8557,8796,8614,8724,8720,8629,8710,8042,8770,8684
1914,8717,8725,8689,8448,8683,8645,8711,8731,8746,8681,8702,8564,8698,8653,8692,8706,8686,8756,8725,8685,8646,8726,8670,8773,8602,8715,8678,8650,8672,8513,8375,8726,8609,8748,8715,8642,8647,8760,8566,8717,8546,8650,8675,8670,8788,8754,8627,8778,8650,8577,8234,8548,8638,8611,8669,8663,8747,8657,8658,8629,8649,8673,8733,8658,8790,8644,8595,8823,8686,8670,8686,8318,8554,8529,8639,8512,8676,8731,8580,8437,8709,8756,8633,8711,8689,8487,8558,8797,8622,8724,8726,8633,8717,8045,8773,8685
1915,8724,8727,8691,8452,8687,8653,8716,8732,8747,8681,8708,8566,8702,8655,8698,8708,8688,8764,8728,8685,8654,8727,8673,8775,8604,8717,8678,8654,8673,8517,8378,8726,8613,8750,8715,8643,8652,8763,8569,8718,8553,8655,8677,8671,8791,8755,8630,8780,8650,8580,8234,8550,8641,8613,8673,8671,8750,8658,8660,8633,8651,8676,8735,8662,8795,8645,8598,8824,8688,8673,8689,8319,8558,8533,8640,8515,8677,8732,8583,8442,8711,8758,8634,8715,8691,8491,8559,8802,8624,8725,8729,8635,8722,8048,8777,8689
1916,8725,8728,8692,8454,8690,8655,8719,8734,8750,8682,8712,8568,8707,8658,8699,8711,8690,8764,8728,8685,8662,8728,8674,8779,8605,8718,8681,8655,8676,8519,8379,8729,8615,8753,8720,8644,8658,8764,8570,8720,8557,8656,8680,8673,8794,8760,8633,8781,8653,8586,8236,8553,8643,8616,8674,8675,8753,8662,8665,8637,8657,8677,8739,8667,8796,8649,8599,8827,8692,8674,8694,8321,8560,8537,8642,8518,8680,8734,8584,8447,8714,8763,8635,8716,8693,8495,8559,8805,8625,8727,8733,8640,8723,8051,8778,8693
1917,8727,8730,8695,8455,8697,8656,8722,8734,8751,8684,8713,8569,8709,8661,8700,8714,8693,8767,8730,8686,8664,8731,8678,8783,8606,8720,8682,8657,8677,8523,8383,8731,8615,8756,8720,8649,8662,8766,8573,8721,8558,8658,8680,8677,8795,8763,8637,8785,8657,8592,8236,8557,8648,8618,8675,8678,8753,8663,8668,8638,8658,8680,8742,8672,8801,8651,8599,8829,8697,8675,8698,8326,8564,8539,8646,8524,8682,8739,8586,8448,8714,8765,8641,8720,8694,8496,8563,8805,8631,8732,8737,8640,8726,8054,8780,8696
1918,8729,8731,8696,8457,8704,8658,8723,8735,8753,8688,8716,8570,8711,8664,8701,8716,8698,8767,8731,8688,8668,8737,8679,8790,8606,8721,8685,8659,8678,8525,8384,8731,8615,8759,8720,8649,8663,8766,8577,8725,8563,8661,8686,8677,8797,8763,8641,8788,8663,8593,8237,8560,8649,8620,8676,8681,8756,8665,8673,8639,8659,8681,8744,8673,8805,8654,8600,8831,8700,8677,8703,8328,8566,8542,8647,8526,8682,8746,8589,8450,8714,8769,8643,8720,8696,8500,8565,8808,8634,8734,8740,8641,8729,8055,8781,8700
1919,8730,8733,8697,8458,8707,8660,8723,8737,8754,8691,8716,8572,8711,8668,8704,8720,8698,8770,8736,8689,8672,8737,8680,8791,8608,8723,8688,8663,8681,8529,8385,8733,8619,8761,8721,8652,8665,8767,8579,8728,8565,8664,8689,8678,8802,8765,8644,8789,8665,8601,8237,8562,8650,8625,8678,8687,8758,8666,8675,8640,8661,8684,8745,8674,8808,8655,8602,8832,8702,8681,8705,8329,8567,8546,8647,8527,8684,8749,8590,8453,8716,8769,8647,8724,8697,8503,8565,8811,8638,8739,8745,8644,8730,8055,8783,8705
1920,8730,8733,8699,8458,8711,8663,8726,8742,8758,8692,8717,8576,8713,8670,8706,8720,8701,8772,8739,8692,8677,8740,8681,8794,8612,8723,8691,8669,8684,8535,8385,8737,8620,8766,8722,8653,8669,8769,8582,8729,8570,8666,8693,8678,8805,8769,8644,8792,8669,8602,8242,8566,8651,8628,8681,8692,8762,8670,8679,8647,8661,8684,8745,8678,8811,8656,8608,8834,8703,8684,8708,8330,8568,8548,8650,8530,8685,8750,8593,8454,8720,8773,8651,8727,8699,8510,8568,8814,8641,8742,8748,8648,8732,8060,8785,8709
1921,8733,8735,8699,8459,8716,8668,8731,8744,8758,8694,8718,8577,8716,8670,8709,8722,8702,8775,8742,8699,8684,8741,8682,8795,8614,8723,8694,8679,8689,8537,8389,8737,8623,8769,8724,8654,8670,8771,8585,8732,8575,8669,8696,8680,8806,8771,8646,8793,8672,8605,8243,8567,8652,8631,8686,8692,8763,8670,8687,8651,8664,8685,8747,8679,8815,8661,8611,8837,8704,8686,8710,8335,8570,8551,8654,8533,8690,8753,8593,8455,8721,8775,8651,8730,8700,8515,8571,8817,8644,8742,8750,8648,8740,8061,8787,8711
1922,8736,8737,8700,8459,8720,8672,8733,8747,8762,8696,8725,8577,8720,8673,8715,8724,8705,8776,8744,8704,8688,8744,8685,8796,8615,8724,8697,8684,8689,8540,8391,8738,8624,8772,8727,8655,8670,8773,8586,8736,8579,8671,8699,8684,8811,8775,8647,8798,8675,8610,8244,8569,8653,8635,8687,8696,8764,8671,8689,8651,8667,8690,8750,8681,8817,8662,8618,8840,8704,8693,8711,8336,8570,8552,8656,8538,8695,8757,8595,8458,8722,8778,8654,8736,8701,8519,8571,8818,8649,8747,8754,8649,8740,8063,8789,8712
1923,8738,8741,8703,8459,8720,8675,8734,8749,8765,8697,8726,8578,8720,8674,8718,8727,8705,8782,8748,8707,8691,8746,8686,8799,8618,8726,8698,8690,8690,8548,8391,8741,8627,8774,8728,8657,8670,8777,8588,8740,8583,8671,8708,8686,8815,8777,8653,8803,8677,8611,8247,8575,8654,8641,8689,8696,8766,8675,8692,8655,8668,8693,8754,8685,8817,8663,8621,8844,8707,8696,8712,8341,8574,8559,8658,8542,8696,8759,8596,8459,8728,8782,8657,8738,8705,8522,8578,8821,8649,8751,8755,8656,8742,8066,8793,8714
1924,8742,8743,8707,8461,8727,8677,8736,8750,8766,8698,8728,8581,8721,8677,8722,8731,8707,8788,8752,8708,8695,8749,8690,8803,8619,8726,8702,8693,8693,8552,8394,8742,8629,8774,8729,8659,8670,8777,8590,8744,8583,8673,8710,8689,8817,8781,8653,8807,8681,8611,8249,8576,8654,8646,8693,8696,8768,8678,8695,8656,8670,8693,8755,8687,8823,8666,8622,8847,8708,8700,8713,8344,8575,8560,8661,8548,8699,8760,8597,8460,8731,8783,8659,8741,8710,8528,8578,8825,8652,8753,8760,8658,8744,8067,8798,8717
1925,8745,8745,8713,8465,8731,8682,8743,8753,8771,8699,8730,8583,8724,8681,8724,8731,8710,8793,8754,8711,8699,8751,8692,8807,8624,8727,8702,8697,8697,8556,8399,8745,8631,8778,8732,8659,8676,8778,8593,8746,8587,8675,8713,8694,8819,8782,8654,8812,8685,8615,8250,8577,8658,8647,8697,8697,8770,8679,8701,8656,8671,8700,8757,8687,8828,8668,8626,8852,8711,8703,8716,8350,8577,8564,8666,8551,8707,8764,8603,8462,8732,8784,8663,8741,8714,8530,8580,8827,8658,8754,8761,8660,8748,8070,8802,8719
1926,8749,8746,8714,8466,8737,8685,8747,8753,8772,8699,8731,8584,8727,8686,8728,8734,8711,8795,8760,8713,8700,8753,8693,8809,8628,8727,8704,8698,8699,8558,8402,8747,8632,8781,8732,8661,8679,8779,8598,8748,8590,8677,8716,8695,8820,8785,8656,8814,8690,8620,8251,8582,8659,8648,8699,8700,8774,8683,8702,8656,8673,8704,8761,8690,8829,8669,8626,8855,8713,8709,8721,8354,8580,8566,8671,8554,8709,8767,8605,8467,8734,8786,8664,8745,8715,8535,8582,8829,8660,8756,8764,8662,8753,8071,8805,8719
1927,8750,8747,8715,8468,8741,8686,8747,8753,8775,8700,8734,8586,8729,8687,8731,8734,8713,8799,8760,8714,8701,8754,8694,8812,8628,8731,8707,8699,8702,8568,8404,8748,8634,8783,8736,8664,8681,8783,8600,8751,8595,8681,8722,8697,8823,8787,8660,8817,8694,8623,8253,8584,8660,8651,8700,8701,8776,8683,8703,8656,8676,8706,8762,8691,8829,8671,8630,8857,8713,8712,8724,8357,8580,8568,8672,8556,8711,8770,8610,8469,8735,8791,8665,8750,8717,8543,8586,8832,8661,8756,8770,8666,8756,8074,8807,8725
1928,8752,8750,8719,8468,8743,8687,8747,8754,8777,8703,8735,8587,8731,8693,8732,8734,8717,8800,8761,8718,8705,8758,8697,8814,8630,8736,8709,8702,8703,8571,8407,8753,8637,8787,8738,8664,8685,8787,8601,8752,8598,8683,8723,8700,8826,8790,8664,8821,8696,8624,8255,8587,8663,8653,8701,8702,8780,8686,8706,8660,8680,8707,8764,8693,8830,8674,8631,8862,8718,8713,8730,8359,8583,8571,8675,8564,8714,8771,8612,8472,8741,8792,8666,8754,8717,8547,8586,8834,8662,8758,8771,8669,8760,8076,8809,8726
1929,8754,8751,8721,8471,8747,8689,8747,8756,8779,8705,8737,8590,8734,8699,8733,8738,8719,8801,8763,8721,8707,8764,8699,8814,8635,8738,8710,8703,8703,8573,8410,8756,8640,8791,8740,8666,8691,8787,8603,8753,8601,8686,8728,8700,8827,8791,8667,8821,8698,8629,8256,8588,8665,8657,8705,8705,8782,8688,8707,8662,8684,8708,8767,8695,8836,8674,8631,8863,8718,8716,8732,8360,8588,8576,8680,8568,8714,8776,8613,8474,8743,8794,8668,8758,8718,8550,8588,8837,8662,8759,8773,8672,8763,8078,8812,8729
1930,8755,8754,8723,8474,8750,8691,8748,8762,8783,8707,8740,8595,8736,8700,8733,8740,8723,8805,8765,8724,8714,8764,8700,8816,8635,8739,8711,8706,8705,8578,8412,8756,8642,8791,8742,8671,8691,8790,8606,8755,8604,8690,8735,8703,8831,8793,8668,8822,8701,8632,8257,8589,8669,8663,8709,8708,8783,8689,8709,8668,8689,8709,8769,8697,8837,8675,8631,8866,8720,8721,8734,8363,8589,8581,8684,8575,8717,8779,8615,8476,8744,8795,8671,8760,8719,8553,8588,8838,8669,8760,8774,8674,8764,8079,8812,8732
1931,8759,8756,8723,8478,8751,8693,8754,8765,8784,8710,8742,8596,8738,8704,8734,8742,8724,8806,8766,8725,8719,8765,8701,8818,8638,8740,8715,8709,8708,8582,8413,8756,8644,8792,8745,8672,8692,8791,8608,8758,8605,8693,8738,8706,8837,8797,8668,8824,8702,8633,8258,8592,8672,8666,8712,8712,8786,8689,8714,8672,8691,8712,8772,8699,8838,8678,8631,8870,8721,8722,8737,8363,8589,8583,8688,8581,8717,8780,8617,8479,8751,8797,8673,8761,8722,8559,8589,8840,8671,8761,8777,8679,8765,8084,8814,8737
1932,8761,8756,8726,8479,8754,8695,8755,8765,8786,8713,8745,8597,8741,8704,8735,8742,8727,8809,8767,8730,8723,8766,8702,8819,8639,8740,8716,8710,8710,8587,8413,8757,8647,8794,8748,8675,8693,8795,8608,8762,8610,8697,8742,8708,8840,8798,8669,8827,8704,8635,8260,8594,8673,8668,8712,8712,8788,8691,8717,8673,8692,8717,8773,8703,8838,8679,8633,8872,8723,8723,8738,8365,8592,8588,8689,8583,8720,8780,8621,8481,8754,8799,8676,8765,8725,8563,8593,8844,8672,8763,8780,8681,8772,8084,8816,8739
1933,8766,8758,8728,8480,8757,8697,8758,8767,8790,8717,8750,8600,8743,8709,8739,8746,8730,8813,8767,8732,8727,8766,8702,8820,8644,8741,8719,8712,8711,8589,8416,8762,8649,8798,8752,8676,8694,8796,8610,8764,8613,8701,8745,8708,8840,8802,8669,8831,8707,8636,8261,8595,8674,8670,8716,8714,8789,8692,8722,8675,8696,8719,8777,8705,8844,8681,8635,8872,8723,8725,8741,8366,8593,8594,8689,8585,8723,8780,8623,8484,8754,8800,8682,8767,8726,8568,8595,8849,8677,8767,8781,8686,8772,8085,8821,8740
1934,8766,8760,8729,8484,8764,8697,8758,8770,8791,8719,8752,8601,8746,8712,8741,8752,8731,8814,8770,8734,8729,8769,8703,8824,8645,8743,8721,8717,8712,8591,8418,8764,8650,8800,8752,8679,8696,8799,8612,8766,8619,8703,8749,8709,8841,8803,8672,8835,8712,8640,8262,8598,8678,8674,8717,8719,8793,8692,8723,8676,8700,8721,8779,8707,8846,8682,8635,8874,8723,8728,8746,8368,8594,8597,8690,8592,8725,8782,8624,8487,8754,8802,8685,8770,8727,8573,8596,8850,8677,8768,8784,8686,8775,8088,8824,8742
1935,8766,8763,8730,8484,8765,8698,8761,8774,8792,8720,8758,8603,8748,8714,8741,8754,8737,8815,8775,8737,8732,8772,8703,8824,8646,8744,8725,8718,8712,8594,8420,8767,8652,8806,8754,8680,8700,8800,8612,8767,8621,8705,8750,8711,8843,8805,8676,8835,8713,8641,8263,8600,8679,8680,8718,8721,8796,8695,8723,8678,8702,8723,8780,8713,8850,8683,8640,8875,8725,8731,8747,8368,8597,8601,8692,8596,8727,8785,8628,8488,8759,8804,8687,8772,8728,8577,8597,8854,8680,8769,8787,8689,8779,8088,8824,8745
1936,8768,8764,8731,8486,8766,8706,8765,8776,8795,8722,8761,8607,8751,8716,8743,8755,8739,8818,8777,8739,8736,8774,8703,8825,8648,8744,8729,8723,8712,8596,8422,8771,8652,8807,8757,8682,8702,8801,8612,8771,8627,8706,8754,8711,8848,8806,8678,8835,8714,8644,8264,8604,8680,8684,8722,8723,8799,8697,8727,8680,8706,8726,8781,8715,8853,8687,8641,8877,8725,8733,8751,8371,8598,8606,8694,8599,8729,8785,8628,8489,8760,8806,8690,8775,8730,8578,8598,8855,8687,8771,8789,8689,8786,8091,8828,8747
1937,8768,8765,8732,8490,8769,8709,8765,8776,8795,8726,8762,8607,8755,8722,8745,8756,8742,8821,8780,8742,8737,8776,8703,8828,8651,8746,8730,8725,8713,8601,8423,8774,8656,8810,8761,8684,8706,8803,8612,8773,8632,8706,8756,8713,8851,8807,8681,8836,8717,8648,8265,8605,8683,8686,8723,8725,8800,8697,8729,8683,8709,8729,8783,8716,8856,8687,8643,8879,8730,8736,8756,8372,8598,8611,8695,8602,8733,8790,8630,8489,8764,8810,8690,8780,8733,8580,8601,8857,8690,8772,8791,8691,8787,8095,8829,8748
1938,8771,8768,8732,8491,8773,8714,8768,8777,8798,8727,8766,8609,8758,8723,8745,8758,8743,8821,8784,8746,8739,8778,8705,8829,8653,8749,8730,8730,8717,8605,8426,8775,8657,8811,8763,8685,8709,8804,8613,8776,8638,8707,8758,8715,8854,8809,8684,8840,8718,8652,8268,8606,8684,8688,8723,8731,8804,8700,8734,8683,8712,8730,8784,8718,8858,8689,8645,8882,8733,8739,8758,8373,8601,8614,8695,8603,8736,8793,8632,8491,8764,8813,8695,8782,8734,8583,8603,8859,8693,8774,8793,8691,8789,8095,8831,8750
1939,8772,8770,8732,8492,8778,8716,8770,8780,8801,8728,8768,8610,8759,8723,8748,8761,8744,8824,8786,8753,8744,8783,8707,8832,8656,8750,8733,8732,8717,8608,8428,8778,8657,8812,8769,8688,8710,8809,8617,8778,8642,8710,8762,8718,8858,8810,8685,8844,8719,8653,8268,8607,8687,8690,8725,8734,8806,8703,8735,8685,8712,8734,8784,8722,8859,8693,8645,8887,8738,8743,8760,8376,8602,8616,8696,8603,8740,8796,8633,8492,8764,8814,8696,8784,8736,8586,8605,8861,8695,8776,8795,8693,8794,8096,8835,8752
1940,8773,8772,8737,8496,8781,8717,8772,8784,8804,8731,8768,8612,8762,8726,8749,8763,8747,8825,8789,8757,8747,8785,8708,8832,8658,8751,8736,8737,8718,8613,8432,8783,8659,8813,8771,8690,8714,8812,8619,8778,8646,8711,8762,8720,8859,8810,8686,8848,8723,8655,8268,8608,8690,8691,8726,8736,8809,8705,8735,8687,8716,8735,8786,8726,8860,8693,8646,8889,8741,8748,8764,8377,8605,8622,8696,8608,8744,8802,8635,8495,8765,8818,8700,8788,8736,8589,8606,8865,8698,8776,8796,8697,8795,8096,8841,8755
1941,8777,8775,8737,8499,8782,8721,8775,8784,8804,8733,8769,8612,8765,8729,8751,8765,8749,8825,8790,8760,8748,8785,8711,8836,8659,8754,8739,8738,8719,8619,8434,8788,8660,8813,8772,8692,8716,8817,8620,8778,8648,8715,8764,8722,8864,8813,8686,8850,8727,8658,8271,8609,8690,8696,8728,8737,8812,8708,8736,8687,8718,8735,8790,8728,8860,8696,8648,8892,8743,8749,8766,8381,8606,8629,8698,8613,8745,8804,8636,8495,8768,8818,8703,8794,8736,8591,8609,8868,8701,8780,8803,8700,8796,8099,8841,8756
1942,8780,8778,8738,8501,8785,8724,8776,8786,8809,8735,8770,8613,8767,8729,8753,8765,8752,8828,8792,8762,8749,8787,8716,8837,8659,8758,8740,8740,8721,8621,8436,8790,8663,8815,8774,8692,8719,8821,8622,8780,8652,8715,8764,8723,8866,8814,8689,8852,8729,8659,8274,8612,8691,8701,8730,8738,8813,8709,8739,8689,8719,8737,8796,8730,8861,8697,8650,8892,8743,8752,8769,8383,8607,8636,8701,8613,8747,8805,8639,8497,8770,8819,8707,8801,8737,8593,8609,8871,8705,8781,8806,8701,8798,8100,8841,8760
1943,8782,8779,8740,8504,8787,8730,8776,8789,8813,8736,8772,8615,8770,8730,8757,8769,8752,8832,8795,8767,8752,8787,8718,8838,8660,8761,8741,8740,8723,8629,8440,8792,8664,8815,8777,8695,8721,8822,8623,8784,8654,8716,8767,8725,8867,8816,8690,8855,8730,8662,8275,8617,8692,8703,8733,8740,8815,8714,8741,8690,8722,8739,8799,8731,8863,8697,8650,8896,8745,8756,8769,8384,8608,8642,8702,8615,8747,8808,8639,8498,8772,8819,8708,8801,8739,8597,8614,8873,8707,8781,8806,8703,8799,8103,8842,8761
1944,8784,8780,8742,8506,8790,8733,8778,8793,8817,8740,8774,8620,8772,8733,8760,8770,8754,8834,8799,8768,8759,8790,8720,8840,8661,8762,8745,8741,8723,8634,8441,8793,8665,8818,8779,8697,8726,8822,8624,8789,8658,8718,8768,8727,8871,8821,8692,8858,8731,8662,8278,8619,8694,8706,8737,8743,8820,8715,8741,8691,8726,8740,8800,8733,8867,8698,8654,8900,8747,8760,8771,8384,8610,8647,8703,8622,8750,8810,8642,8500,8775,8819,8715,8807,8741,8603,8617,8875,8707,8786,8812,8708,8800,8105,8844,8765
1945,8785,8783,8747,8509,8793,8734,8782,8797,8819,8742,8775,8623,8772,8738,8763,8771,8756,8835,8799,8768,8763,8794,8723,8841,8665,8763,8746,8744,8726,8638,8443,8797,8668,8818,8780,8702,8730,8825,8626,8791,8661,8720,8771,8728,8875,8826,8692,8862,8732,8663,8280,8621,8694,8710,8741,8748,8824,8715,8744,8691,8729,8743,8802,8737,8869,8699,8656,8902,8750,8762,8773,8385,8610,8653,8705,8625,8755,8815,8646,8503,8779,8822,8717,8811,8742,8612,8618,8878,8709,8787,8817,8710,8801,8108,8846,8767
1946,8786,8783,8748,8512,8795,8740,8784,8797,8820,8744,8776,8623,8774,8739,8766,8776,8760,8838,8801,8771,8766,8798,8724,8843,8667,8765,8746,8746,8727,8639,8443,8797,8669,8820,8780,8705,8734,8825,8627,8792,8664,8723,8774,8733,8876,8827,8696,8866,8739,8666,8281,8624,8695,8712,8742,8750,8827,8716,8746,8692,8732,8744,8803,8741,8873,8703,8656,8905,8751,8764,8776,8388,8612,8655,8709,8628,8756,8820,8650,8506,8781,8823,8726,8814,8742,8617,8618,8880,8714,8789,8818,8711,8803,8110,8848,8767
1947,8788,8785,8748,8513,8800,8741,8785,8800,8821,8745,8779,8625,8775,8744,8767,8779,8763,8840,8801,8777,8772,8801,8726,8844,8668,8767,8748,8747,8730,8641,8446,8798,8670,8825,8780,8705,8735,8828,8627,8795,8667,8725,8776,8733,8876,8829,8697,8868,8741,8667,8285,8626,8696,8717,8744,8750,8830,8717,8752,8692,8734,8746,8805,8743,8873,8707,8662,8907,8751,8765,8780,8390,8613,8656,8709,8634,8759,8825,8652,8507,8783,8826,8727,8816,8743,8621,8619,8881,8716,8790,8820,8712,8805,8112,8850,8771
1948,8791,8786,8749,8517,8807,8748,8788,8802,8822,8747,8781,8627,8776,8748,8767,8781,8765,8840,8803,8780,8776,8804,8730,8847,8671,8768,8750,8749,8731,8643,8448,8800,8673,8827,8782,8707,8736,8833,8629,8798,8669,8725,8778,8734,8878,8832,8699,8869,8743,8668,8286,8630,8697,8723,8744,8754,8831,8718,8753,8694,8738,8747,8807,8743,8873,8710,8663,8907,8753,8768,8782,8392,8615,8659,8713,8640,8763,8828,8653,8508,8783,8828,8729,8818,8747,8629,8622,8883,8716,8792,8822,8713,8807,8113,8852,8774
1949,8794,8788,8751,8518,8809,8749,8791,8806,8826,8750,8783,8627,8780,8748,8770,8783,8766,8844,8805,8782,8779,8806,8733,8848,8673,8770,8751,8753,8733,8645,8448,8805,8678,8828,8784,8707,8740,8833,8630,8801,8672,8726,8780,8735,8880,8835,8700,8873,8745,8668,8286,8632,8697,8726,8749,8756,8836,8718,8758,8695,8741,8750,8808,8743,8878,8711,8665,8911,8755,8770,8783,8394,8615,8661,8717,8640,8764,8831,8657,8510,8785,8830,8730,8819,8751,8632,8625,8884,8719,8793,8825,8716,8808,8113,8857,8775
1950,8797,8792,8753,8520,8816,8751,8793,8807,8826,8753,8784,8631,8781,8751,8770,8783,8766,8846,8807,8787,8784,8809,8739,8852,8674,8772,8754,8754,8740,8649,8452,8806,8679,8830,8785,8709,8742,8836,8631,8804,8676,8729,8784,8737,8885,8835,8703,8875,8747,8669,8286,8633,8698,8728,8751,8760,8836,8719,8761,8696,8744,8752,8814,8747,8879,8714,8668,8913,8759,8771,8790,8394,8616,8664,8718,8643,8765,8835,8661,8514,8786,8832,8733,8824,8755,8638,8625,8887,8722,8794,8828,8720,8808,8116,8857,8775
1951,8800,8795,8756,8523,8819,8756,8796,8812,8828,8755,8788,8631,8785,8752,8771,8785,8766,8849,8811,8789,8784,8810,8744,8854,8679,8775,8756,8758,8740,8653,8455,8807,8679,8830,8792,8710,8743,8838,8631,8805,8682,8733,8787,8737,8888,8837,8706,8879,8748,8670,8287,8633,8699,8730,8755,8762,8836,8721,8763,8699,8746,8755,8815,8749,8880,8716,8669,8915,8761,8772,8792,8395,8617,8667,8719,8644,8767,8839,8664,8516,8787,8835,8734,8826,8755,8642,8627,8887,8727,8796,8833,8722,8809,8118,8859,8779
1952,8803,8795,8757,8524,8821,8758,8799,8812,8830,8755,8790,8632,8790,8754,8774,8790,8771,8850,8814,8793,8788,8810,8745,8855,8679,8780,8759,8762,8743,8655,8458,8808,8680,8833,8795,8712,8746,8839,8633,8806,8685,8736,8789,8739,8890,8841,8708,8880,8755,8671,8288,8633,8701,8733,8758,8762,8839,8725,8763,8701,8747,8755,8816,8752,8884,8719,8672,8916,8762,8773,8794,8397,8617,8671,8723,8646,8769,8843,8666,8518,8787,8836,8736,8830,8757,8647,8630,8888,8728,8796,8834,8724,8811,8118,8862,8782
1953,8805,8796,8758,8527,8827,8759,8802,8814,8831,8758,8793,8632,8792,8755,8774,8791,8771,8852,8817,8796,8794,8813,8745,8857,8680,8780,8760,8766,8744,8659,8460,8811,8681,8836,8797,8714,8747,8839,8633,8808,8689,8740,8794,8742,8892,8842,8713,8884,8757,8672,8289,8633,8702,8736,8759,8764,8841,8727,8765,8702,8748,8755,8816,8756,8886,8720,8673,8917,8763,8775,8795,8398,8619,8678,8725,8650,8772,8845,8669,8519,8787,8838,8741,8831,8760,8651,8632,8891,8729,8797,8835,8726,8811,8119,8866,8788
1954,8810,8801,8759,8527,8829,8760,8805,8815,8832,8761,8797,8633,8792,8756,8777,8795,8775,8854,8818,8797,8800,8815,8746,8859,8683,8781,8761,8768,8745,8663,8463,8813,8686,8839,8798,8715,8752,8842,8635,8812,8691,8741,8800,8742,8893,8843,8717,8887,8759,8675,8291,8633,8704,8737,8763,8767,8842,8728,8766,8703,8748,8756,8817,8761,8890,8721,8674,8919,8767,8778,8801,8399,8620,8681,8726,8651,8774,8848,8669,8522,8790,8838,8744,8831,8760,8657,8635,8891,8733,8799,8835,8727,8813,8121,8868,8789
1955,8810,8802,8761,8528,8833,8762,8808,8816,8835,8761,8797,8637,8794,8761,8778,8797,8776,8856,8819,8798,8802,8819,8747,8863,8685,8782,8764,8771,8746,8671,8465,8815,8688,8840,8800,8717,8753,8845,8638,8812,8698,8743,8802,8743,8896,8844,8720,8891,8759,8676,8292,8633,8705,8739,8765,8770,8843,8728,8768,8703,8751,8758,8820,8766,8896,8725,8675,8920,8770,8779,8803,8400,8623,8683,8727,8656,8777,8851,8671,8524,8793,8839,8746,8832,8762,8661,8636,8893,8736,8799,8839,8731,8814,8123,8871,8791
1956,8811,8807,8764,8529,8835,8770,8810,8816,8837,8764,8798,8637,8796,8765,8780,8797,8778,8857,8822,8801,8808,8821,8749,8865,8685,8783,8764,8771,8748,8679,8468,8816,8689,8840,8803,8720,8756,8845,8639,8815,8701,8743,8804,8747,8898,8846,8721,8892,8761,8681,8294,8634,8706,8741,8767,8772,8843,8729,8774,8703,8751,8761,8820,8770,8900,8726,8675,8920,8772,8781,8806,8402,8626,8686,8728,8657,8779,8853,8673,8525,8795,8842,8746,8834,8768,8666,8637,8895,8739,8800,8842,8735,8814,8123,8872,8791
1957,8811,8807,8767,8529,8839,8770,8813,8819,8838,8765,8798,8638,8797,8771,8783,8798,8779,8860,8824,8805,8811,8822,8749,8867,8685,8783,8765,8771,8750,8682,8473,8822,8693,8842,8805,8721,8758,8849,8643,8816,8704,8744,8809,8750,8899,8852,8722,8895,8764,8682,8295,8639,8706,8746,8771,8773,8846,8730,8778,8705,8754,8762,8821,8772,8901,8729,8676,8923,8772,8783,8807,8402,8627,8691,8728,8660,8783,8856,8674,8525,8797,8843,8750,8837,8771,8678,8640,8895,8743,8801,8843,8738,8815,8124,8873,8792
1958,8815,8810,8769,8529,8842,8773,8817,8819,8839,8767,8801,8640,8797,8772,8786,8800,8780,8864,8825,8806,8813,8824,8750,8869,8686,8785,8768,8771,8751,8685,8477,8823,8696,8844,8807,8722,8760,8849,8645,8818,8706,8744,8812,8754,8899,8854,8725,8897,8765,8683,8296,8640,8709,8748,8777,8773,8847,8730,8782,8708,8758,8764,8823,8772,8901,8731,8681,8924,8774,8785,8810,8404,8628,8695,8729,8662,8785,8859,8675,8525,8798,8847,8755,8839,8773,8682,8642,8899,8743,8802,8843,8740,8816,8125,8874,8797
1959,8815,8814,8771,8530,8844,8775,8819,8822,8843,8770,8803,8642,8798,8777,8788,8800,8782,8868,8826,8808,8814,8828,8753,8872,8687,8788,8769,8774,8751,8687,8478,8824,8698,8846,8809,8722,8764,8852,8647,8822,8708,8748,8815,8756,8901,8859,8726,8899,8766,8685,8297,8641,8710,8753,8777,8775,8848,8732,8784,8709,8758,8765,8824,8775,8901,8733,8682,8925,8777,8785,8810,8409,8628,8698,8729,8665,8788,8860,8679,8525,8801,8848,8760,8843,8773,8685,8647,8902,8744,8805,8843,8744,8818,8127,8877,8798
1960,8816,8817,8774,8533,8846,8779,8822,8827,8848,8774,8804,8643,8800,8779,8789,8803,8786,8872,8831,8812,8817,8829,8754,8879,8690,8789,8772,8777,8753,8689,8480,8825,8702,8849,8810,8725,8767,8852,8648,8827,8713,8749,8817,8757,8902,8859,8727,8901,8770,8688,8298,8643,8710,8759,8780,8776,8848,8732,8786,8711,8760,8767,8825,8776,8902,8737,8683,8930,8779,8785,8811,8410,8628,8704,8730,8666,8790,8862,8681,8528,8802,8851,8762,8844,8773,8690,8649,8903,8750,8808,8845,8744,8820,8129,8878,8800
1961,8816,8818,8775,8534,8849,8780,8823,8828,8849,8776,8806,8643,8801,8781,8792,8805,8788,8874,8832,8814,8818,8833,8755,8880,8691,8791,8773,8781,8755,8693,8480,8827,8702,8851,8811,8729,8772,8854,8649,8829,8716,8749,8820,8759,8905,8861,8731,8904,8771,8691,8301,8646,8712,8763,8783,8780,8850,8734,8789,8713,8763,8770,8826,8778,8903,8738,8684,8932,8782,8789,8811,8414,8630,8710,8730,8669,8794,8864,8683,8528,8804,8854,8765,8846,8774,8695,8650,8904,8752,8812,8847,8745,8822,8130,8880,8801
1962,8819,8819,8776,8535,8852,8784,8823,8829,8849,8776,8808,8643,8804,8782,8795,8806,8791,8877,8833,8816,8821,8833,8757,8882,8693,8791,8774,8783,8755,8695,8484,8828,8702,8852,8812,8733,8772,8856,8653,8833,8719,8749,8822,8762,8907,8864,8731,8906,8773,8694,8302,8647,8714,8765,8787,8783,8851,8735,8790,8716,8766,8772,8832,8779,8908,8739,8686,8934,8784,8790,8813,8415,8631,8715,8735,8674,8796,8868,8686,8529,8807,8855,8766,8848,8776,8699,8652,8905,8753,8816,8849,8747,8823,8131,8881,8802
1963,8821,8821,8778,8535,8858,8785,8825,8832,8853,8778,8810,8643,8808,8783,8796,8806,8793,8878,8835,8818,8825,8833,8757,8884,8694,8793,8776,8786,8756,8701,8486,8828,8704,8854,8813,8736,8774,8856,8655,8835,8721,8750,8825,8764,8907,8866,8736,8908,8776,8696,8305,8648,8716,8768,8790,8786,8856,8739,8790,8716,8766,8778,8834,8779,8909,8740,8687,8937,8788,8791,8814,8415,8632,8716,8735,8676,8800,8869,8689,8531,8809,8855,8770,8848,8777,8704,8654,8906,8754,8816,8851,8751,8825,8133,8881,8805
1964,8823,8824,8779,8537,8859,8791,8827,8832,8854,8780,8811,8643,8809,8786,8797,8809,8794,8880,8837,8820,8826,8836,8762,8885,8695,8795,8778,8791,8756,8706,8490,8828,8706,8855,8815,8741,8775,8859,8657,8838,8727,8751,8825,8765,8908,8867,8739,8909,8778,8699,8305,8649,8719,8772,8792,8786,8857,8741,8791,8716,8770,8778,8835,8781,8910,8743,8687,8939,8791,8792,8816,8418,8634,8719,8737,8679,8805,8871,8691,8532,8815,8858,8775,8851,8781,8708,8657,8909,8757,8819,8855,8754,8828,8134,8882,8807
1965,8823,8825,8779,8541,8861,8793,8828,8833,8856,8782,8813,8646,8811,8787,8798,8813,8795,8882,8838,8820,8827,8840,8762,8887,8696,8800,8781,8795,8757,8711,8491,8830,8709,8855,8816,8741,8777,8859,8658,8842,8731,8753,8827,8766,8909,8869,8741,8913,8781,8703,8307,8649,8721,8774,8797,8788,8860,8742,8793,8719,8773,8781,8836,8783,8911,8745,8687,8941,8792,8795,8816,8418,8636,8721,8739,8682,8808,8875,8693,8536,8815,8859,8776,8853,8782,8713,8657,8910,8759,8823,8857,8756,8832,8136,8884,8808
1966,8824,8825,8781,8542,8864,8795,8832,8837,8862,8782,8814,8646,8811,8787,8800,8817,8798,8887,8839,8822,8832,8840,8764,8888,8699,8800,8782,8797,8759,8713,8491,8830,8712,8858,8816,8741,8779,8860,8660,8843,8737,8755,8831,8768,8910,8873,8744,8913,8783,8703,8312,8651,8722,8777,8798,8792,8861,8743,8795,8720,8775,8782,8836,8783,8913,8747,8691,8943,8793,8799,8816,8418,8636,8723,8741,8686,8811,8878,8696,8540,8817,8860,8779,8855,8782,8716,8659,8912,8761,8824,8863,8758,8832,8137,8885,8811
1967,8825,8831,8781,8543,8866,8797,8834,8838,8869,8785,8814,8648,8813,8788,8802,8818,8800,8890,8841,8822,8837,8844,8768,8889,8701,8805,8784,8800,8761,8716,8494,8831,8712,8863,8818,8741,8783,8863,8661,8844,8740,8757,8833,8769,8911,8876,8746,8914,8784,8707,8313,8653,8725,8777,8800,8793,8863,8746,8797,8723,8776,8784,8838,8785,8918,8748,8697,8949,8798,8800,8816,8420,8637,8725,8741,8691,8814,8878,8700,8544,8819,8863,8782,8858,8786,8720,8661,8917,8765,8825,8867,8759,8833,8138,8886,8815
1968,8825,8832,8782,8547,8868,8800,8839,8839,8871,8788,8816,8648,8816,8791,8804,8818,8802,8892,8843,8823,8845,8845,8769,8890,8703,8807,8785,8806,8763,8720,8495,8835,8713,8865,8822,8742,8787,8865,8665,8845,8745,8758,8833,8771,8913,8879,8746,8916,8787,8708,8314,8654,8726,8781,8801,8793,8863,8750,8799,8726,8778,8784,8839,8787,8919,8751,8699,8952,8800,8803,8816,8421,8640,8728,8742,8695,8816,8880,8700,8549,8820,8864,8785,8859,8787,8721,8665,8919,8768,8828,8871,8759,8834,8139,8887,8817
1969,8827,8836,8782,8549,8872,8804,8840,8840,8875,8789,8820,8650,8819,8793,8805,8820,8805,8893,8844,8824,8847,8846,8770,8896,8705,8808,8792,8810,8764,8729,8495,8836,8713,8867,8822,8743,8788,8866,8668,8845,8748,8759,8836,8773,8914,8881,8748,8918,8789,8713,8317,8657,8728,8782,8802,8794,8864,8753,8802,8727,8781,8786,8840,8788,8921,8754,8700,8953,8801,8804,8820,8424,8641,8733,8744,8697,8817,8882,8702,8550,8821,8867,8786,8860,8788,8725,8667,8921,8770,8830,8873,8760,8836,8142,8889,8820
1970,8828,8837,8786,8550,8874,8807,8846,8841,8875,8790,8821,8651,8820,8798,8807,8821,8807,8896,8845,8825,8851,8850,8773,8897,8706,8810,8792,8813,8765,8732,8496,8838,8715,8868,8824,8744,8789,8867,8669,8848,8751,8765,8837,8773,8916,8881,8748,8919,8790,8713,8318,8659,8729,8787,8802,8796,8864,8755,8805,8730,8786,8786,8840,8791,8924,8754,8703,8954,8804,8804,8823,8425,8643,8734,8745,8699,8820,8884,8704,8552,8822,8868,8790,8862,8789,8727,8668,8924,8773,8833,8875,8764,8839,8144,8892,8822
1971,8830,8840,8786,8550,8877,8809,8846,8841,8878,8792,8824,8655,8823,8800,8808,8822,8809,8896,8846,8828,8855,8852,8775,8900,8709,8811,8792,8815,8767,8733,8498,8840,8715,8868,8825,8746,8792,8870,8669,8849,8754,8767,8842,8774,8916,8882,8752,8924,8790,8715,8320,8661,8729,8790,8804,8797,8864,8756,8806,8733,8790,8791,8841,8796,8925,8756,8703,8958,8805,8805,8827,8430,8644,8736,8746,8700,8821,8886,8707,8554,8825,8871,8792,8867,8790,8732,8671,8925,8776,8833,8877,8768,8840,8145,8896,8825
1972,8830,8841,8790,8551,8879,8811,8847,8846,8880,8794,8827,8658,8823,8802,8809,8824,8811,8898,8848,8832,8858,8855,8777,8903,8709,8811,8792,8819,8769,8739,8500,8841,8717,8868,8825,8748,8795,8873,8669,8851,8759,8769,8844,8778,8918,8884,8755,8925,8796,8716,8321,8661,8733,8794,8807,8798,8866,8758,8807,8735,8792,8793,8842,8798,8928,8757,8703,8963,8806,8807,8830,8434,8646,8737,8749,8703,8822,8887,8708,8558,8828,8874,8792,8870,8791,8734,8671,8926,8777,8839,8879,8770,8846,8146,8897,8827
1973,8831,8843,8792,8554,8881,8812,8848,8848,8883,8796,8831,8659,8825,8803,8811,8825,8814,8901,8851,8835,8863,8858,8777,8903,8713,8812,8793,8820,8771,8741,8501,8843,8717,8868,8827,8751,8797,8875,8669,8853,8763,8769,8846,8779,8919,8884,8758,8926,8796,8721,8322,8662,8737,8796,8807,8799,8866,8766,8808,8736,8793,8796,8843,8799,8929,8758,8703,8965,8808,8809,8832,8435,8646,8740,8750,8707,8825,8889,8709,8560,8829,8880,8794,8874,8794,8738,8672,8929,8781,8839,8882,8772,8849,8147,8901,8830
1974,8832,8844,8792,8556,8883,8817,8851,8851,8887,8796,8832,8660,8827,8804,8812,8826,8814,8904,8853,8835,8865,8860,8779,8905,8716,8814,8797,8820,8774,8741,8503,8843,8718,8869,8830,8752,8797,8876,8673,8856,8769,8769,8848,8780,8920,8884,8760,8926,8798,8724,8323,8662,8737,8797,8810,8801,8871,8769,8811,8736,8795,8798,8845,8799,8931,8761,8704,8967,8809,8811,8834,8437,8648,8744,8752,8707,8828,8889,8713,8560,8830,8881,8797,8879,8796,8739,8672,8931,8782,8841,8887,8776,8849,8149,8905,8833
1975,8832,8846,8792,8556,8885,8819,8853,8852,8888,8796,8833,8661,8829,8804,8816,8828,8815,8906,8853,8839,8867,8862,8786,8908,8717,8816,8799,8823,8774,8746,8506,8844,8722,8871,8831,8753,8797,8879,8674,8859,8771,8770,8848,8785,8921,8888,8760,8933,8800,8724,8326,8665,8739,8799,8810,8803,8876,8774,8813,8736,8798,8800,8850,8801,8932,8765,8706,8967,8810,8812,8837,8439,8650,8751,8753,8712,8830,8891,8713,8563,8831,8883,8799,8881,8796,8741,8673,8932,8783,8844,8890,8777,8853,8152,8907,8836
1976,8835,8850,8794,8556,8891,8821,8853,8852,8890,8797,8834,8664,8831,8807,8816,8829,8819,8906,8855,8842,8868,8865,8787,8910,8718,8817,8800,8825,8776,8747,8506,8847,8723,8873,8832,8757,8799,8882,8675,8859,8774,8771,8848,8787,8924,8895,8765,8934,8802,8724,8329,8665,8739,8804,8812,8806,8879,8776,8817,8739,8799,8802,8855,8803,8933,8768,8707,8967,8812,8815,8839,8440,8651,8756,8753,8715,8832,8891,8717,8564,8832,8885,8799,8885,8797,8746,8675,8936,8784,8847,8893,8779,8856,8153,8907,8838
1977,8837,8853,8795,8557,8892,8824,8854,8856,8890,8797,8834,8664,8833,8809,8817,8831,8819,8908,8856,8844,8870,8868,8787,8912,8720,8821,8804,8826,8776,8752,8507,8848,8724,8873,8832,8758,8799,8883,8677,8859,8779,8772,8852,8787,8926,8899,8765,8938,8805,8725,8330,8665,8742,8804,8815,8810,8881,8777,8819,8739,8804,8803,8857,8805,8935,8770,8708,8969,8813,8815,8842,8440,8651,8758,8755,8722,8833,8893,8720,8564,8832,8888,8800,8888,8801,8749,8677,8937,8786,8847,8894,8782,8857,8157,8909,8841
1978,8842,8854,8797,8560,8895,8828,8858,8858,8892,8799,8836,8665,8835,8809,8818,8831,8820,8911,8857,8846,8875,8870,8788,8912,8720,8822,8804,8827,8776,8757,8508,8851,8727,8873,8833,8759,8802,8883,8679,8861,8784,8773,8854,8787,8928,8900,8766,8939,8805,8725,8331,8665,8744,8811,8816,8810,8882,8780,8824,8740,8805,8804,8860,8810,8941,8770,8708,8971,8816,8819,8842,8441,8652,8760,8755,8723,8834,8898,8723,8568,8835,8889,8803,8888,8805,8752,8680,8940,8788,8849,8897,8784,8858,8157,8910,8842
1979,8845,8856,8798,8561,8897,8830,8858,8860,8895,8802,8836,8665,8836,8812,8820,8832,8821,8912,8858,8850,8878,8871,8789,8914,8721,8823,8807,8830,8776,8762,8512,8853,8727,8876,8834,8762,8803,8884,8680,8863,8789,8775,8855,8791,8929,8904,8768,8939,8807,8726,8333,8665,8745,8814,8819,8813,8883,8780,8827,8741,8807,8805,8861,8813,8945,8772,8709,8974,8819,8821,8843,8441,8653,8761,8757,8727,8836,8901,8723,8568,8835,8891,8807,8892,8806,8753,8681,8941,8790,8849,8898,8787,8859,8158,8913,8844
1980,8848,8856,8800,8562,8900,8833,8860,8864,8896,8803,8836,8667,8839,8813,8823,8835,8822,8912,8862,8854,8878,8873,8790,8915,8721,8823,8808,8834,8776,8765,8514,8856,8730,8877,8834,8763,8804,8884,8680,8864,8792,8776,8856,8792,8933,8907,8770,8941,8811,8731,8334,8667,8746,8819,8820,8815,8884,8781,8827,8742,8811,8806,8862,8814,8947,8773,8711,8977,8823,8822,8845,8443,8654,8762,8759,8728,8839,8902,8723,8569,8838,8892,8810,8895,8812,8759,8681,8941,8792,8851,8901,8788,8861,8158,8915,8848
1981,8852,8856,8803,8563,8901,8833,8860,8866,8898,8806,8836,8670,8841,8815,8823,8836,8824,8915,8867,8856,8881,8873,8791,8915,8724,8823,8810,8838,8776,8767,8518,8859,8730,8879,8838,8765,8808,8885,8680,8865,8792,8779,8857,8794,8936,8908,8771,8941,8813,8732,8334,8669,8746,8821,8821,8818,8886,8781,8831,8743,8814,8807,8863,8816,8948,8774,8711,8980,8827,8822,8848,8443,8654,8762,8763,8728,8839,8904,8723,8570,8840,8893,8815,8898,8812,8763,8682,8941,8793,8852,8901,8789,8863,8161,8915,8849
1982,8853,8860,8804,8563,8907,8833,8862,8869,8901,8807,8838,8670,8844,8820,8824,8837,8824,8915,8867,8858,8886,8875,8793,8919,8726,8824,8811,8839,8779,8768,8520,8860,8730,8880,8840,8766,8812,8888,8681,8869,8794,8781,8858,8796,8936,8910,8773,8944,8815,8734,8336,8670,8748,8825,8823,8819,8887,8784,8832,8743,8815,8809,8864,8818,8949,8774,8712,8980,8828,8822,8848,8447,8654,8764,8763,8733,8839,8905,8725,8570,8840,8893,8815,8901,8814,8766,8684,8943,8796,8856,8904,8791,8867,8163,8917,8853
1983,8854,8862,8806,8563,8909,8835,8863,8870,8902,8808,8840,8670,8847,8822,8828,8837,8826,8916,8869,8859,8890,8879,8794,8920,8726,8824,8812,8839,8780,8773,8520,8861,8733,8882,8841,8771,8816,8891,8683,8870,8801,8782,8860,8799,8937,8910,8775,8946,8819,8735,8339,8672,8749,8827,8825,8819,8891,8788,8836,8744,8817,8810,8865,8819,8951,8775,8712,8980,8830,8824,8850,8449,8655,8767,8764,8737,8840,8906,8726,8570,8842,8894,8823,8902,8815,8767,8684,8943,8798,8859,8907,8793,8868,8164,8917,8858
1984,8854,8866,8807,8563,8909,8836,8864,8871,8902,8809,8842,8673,8851,8823,8829,8838,8827,8916,8875,8863,8891,8883,8795,8926,8728,8825,8813,8842,8782,8774,8523,8864,8736,8883,8842,8773,8823,8892,8683,8872,8805,8783,8863,8800,8938,8911,8777,8949,8822,8735,8341,8674,8752,8829,8827,8824,8893,8790,8836,8745,8820,8812,8866,8819,8952,8775,8714,8983,8830,8824,8853,8449,8655,8771,8764,8738,8844,8906,8728,8574,8843,8895,8827,8906,8816,8768,8684,8945,8801,8861,8911,8796,8870,8165,8918,8860
1985,8854,8867,8808,8565,8910,8838,8865,8874,8904,8812,8846,8674,8851,8825,8830,8841,8827,8916,8877,8864,8892,8884,8798,8931,8729,8827,8813,8847,8782,8778,8523,8865,8739,8883,8842,8774,8825,8892,8684,8872,8806,8787,8866,8800,8941,8912,8779,8950,8823,8736,8342,8675,8753,8830,8827,8824,8894,8791,8838,8747,8822,8817,8868,8821,8954,8776,8715,8984,8832,8825,8853,8449,8655,8772,8767,8739,8848,8906,8730,8576,8845,8899,8831,8906,8816,8771,8684,8946,8803,8864,8915,8798,8872,8167,8919,8866
1986,8856,8868,8808,8567,8911,8839,8865,8876,8909,8813,8846,8675,8851,8826,8833,8844,8831,8916,8878,8867,8895,8887,8802,8932,8731,8831,8815,8847,8782,8782,8524,8870,8743,8886,8844,8774,8828,8893,8684,8875,8809,8790,8867,8802,8946,8915,8780,8952,8826,8738,8342,8676,8755,8831,8828,8824,8897,8797,8839,8751,8825,8818,8871,8822,8958,8779,8717,8986,8833,8829,8855,8452,8659,8776,8769,8741,8850,8906,8730,8576,8849,8899,8831,8908,8816,8773,8687,8949,8804,8866,8916,8799,8876,8168,8922,8868
1987,8857,8871,8810,8567,8914,8840,8866,8876,8913,8814,8848,8679,8853,8829,8836,8846,8831,8919,8880,8870,8901,8889,8803,8934,8734,8833,8817,8849,8784,8783,8528,8871,8745,8886,8844,8775,8834,8896,8686,8877,8813,8793,8870,8802,8948,8916,8780,8954,8827,8738,8344,8677,8757,8834,8831,8826,8900,8799,8839,8751,8827,8819,8871,8826,8959,8783,8717,8989,8834,8831,8858,8452,8661,8777,8772,8743,8851,8908,8734,8578,8849,8901,8833,8909,8820,8778,8689,8950,8804,8869,8918,8800,8878,8170,8923,8869
1988,8857,8873,8811,8569,8915,8842,8868,8877,8915,8814,8848,8681,8855,8833,8839,8848,8832,8920,8880,8871,8905,8891,8805,8935,8735,8834,8819,8852,8789,8786,8528,8871,8746,8887,8846,8777,8837,8900,8690,8877,8815,8795,8871,8807,8949,8916,8781,8955,8828,8741,8345,8678,8758,8838,8832,8826,8901,8800,8842,8755,8827,8821,8879,8828,8961,8784,8718,8991,8840,8832,8863,8452,8662,8782,8774,8743,8853,8912,8736,8581,8854,8903,8834,8912,8820,8781,8692,8954,8806,8872,8919,8801,8883,8170,8923,8869
1989,8860,8876,8812,8572,8917,8845,8871,8877,8917,8815,8849,8684,8855,8834,8841,8850,8832,8923,8880,8876,8905,8892,8806,8935,8735,8838,8821,8856,8791,8792,8529,8872,8746,8890,8847,8781,8838,8901,8692,8879,8820,8797,8874,8808,8951,8917,8783,8955,8830,8743,8346,8681,8758,8841,8834,8830,8904,8800,8842,8756,8829,8822,8880,8828,8961,8786,8720,8994,8843,8835,8865,8453,8664,8787,8776,8747,8856,8915,8739,8584,8856,8903,8836,8913,8824,8782,8694,8959,8808,8874,8919,8802,8885,8172,8924,8870
1990,8861,8879,8814,8574,8924,8848,8874,8878,8919,8816,8849,8685,8857,8835,8842,8851,8833,8926,8884,8880,8905,8892,8810,8936,8736,8838,8824,8857,8791,8799,8530,8874,8747,8891,8847,8783,8840,8902,8693,8881,8825,8797,8876,8809,8952,8918,8787,8956,8836,8747,8346,8682,8760,8844,8834,8832,8904,8803,8846,8758,8829,8824,8882,8828,8961,8789,8721,8995,8844,8837,8865,8455,8671,8791,8777,8750,8858,8917,8739,8585,8858,8905,8839,8915,8824,8787,8694,8962,8809,8874,8920,8804,8889,8172,8925,8872
1991,8865,8880,8816,8574,8925,8853,8877,8881,8920,8817,8851,8686,8862,8837,8842,8852,8834,8930,8886,8880,8906,8893,8813,8936,8737,8840,8828,8857,8793,8802,8533,8877,8747,8891,8848,8786,8842,8907,8694,8882,8826,8798,8877,8809,8953,8919,8790,8959,8839,8749,8347,8683,8762,8846,8834,8832,8906,8805,8848,8760,8829,8826,8884,8830,8963,8792,8723,8996,8845,8841,8867,8456,8671,8795,8779,8752,8860,8917,8740,8586,8858,8905,8842,8917,8826,8794,8695,8962,8813,8875,8923,8806,8891,8174,8930,8873
1992,8870,8881,8818,8575,8926,8855,8880,8881,8922,8818,8851,8686,8865,8841,8843,8853,8836,8932,8888,8881,8907,8895,8814,8939,8738,8841,8830,8857,8795,8807,8537,8878,8747,8893,8853,8791,8843,8908,8697,8885,8826,8799,8879,8810,8953,8922,8791,8963,8840,8751,8347,8683,8762,8848,8834,8834,8907,8805,8852,8764,8832,8829,8885,8834,8964,8792,8726,8997,8845,8841,8868,8456,8674,8796,8781,8754,8863,8919,8742,8588,8861,8907,8843,8921,8827,8797,8695,8964,8813,8876,8925,8808,8892,8174,8931,8875
1993,8873,8882,8821,8579,8930,8856,8882,8882,8923,8819,8852,8688,8866,8841,8845,8854,8839,8934,8889,8884,8911,8897,8814,8939,8741,8842,8830,8857,8796,8808,8539,8882,8748,8895,8853,8792,8844,8909,8699,8888,8829,8799,8880,8811,8955,8923,8792,8963,8842,8754,8347,8684,8763,8850,8836,8834,8907,8808,8854,8766,8835,8829,8885,8837,8968,8793,8728,8998,8847,8842,8870,8456,8676,8798,8784,8757,8867,8921,8743,8588,8861,8908,8845,8922,8827,8800,8695,8965,8815,8876,8925,8811,8892,8176,8933,8878
1994,8875,8882,8821,8580,8934,8859,8883,8882,8926,8820,8857,8689,8867,8842,8845,8858,8840,8934,8890,8885,8914,8898,8817,8944,8741,8844,8833,8858,8796,8810,8539,8884,8749,8896,8853,8793,8847,8912,8700,8889,8831,8799,8882,8813,8958,8925,8799,8964,8844,8757,8350,8688,8764,8855,8837,8836,8908,8810,8858,8768,8840,8831,8887,8839,8969,8794,8729,9000,8849,8842,8871,8457,8676,8805,8786,8761,8868,8923,8745,8589,8864,8908,8849,8926,8830,8804,8697,8969,8817,8878,8926,8812,8893,8182,8936,8878
1995,8875,8883,8821,8580,8938,8863,8885,8883,8928,8821,8859,8691,8869,8842,8846,8859,8843,8934,8893,8886,8918,8898,8819,8946,8743,8844,8833,8860,8798,8813,8543,8885,8751,8897,8853,8793,8849,8912,8701,8891,8834,8801,8887,8813,8960,8926,8802,8966,8845,8757,8353,8690,8766,8859,8837,8839,8908,8813,8860,8768,8842,8832,8887,8840,8972,8797,8730,9003,8852,8843,8872,8457,8676,8810,8786,8762,8868,8924,8746,8590,8865,8908,8850,8927,8830,8806,8701,8971,8817,8879,8928,8813,8894,8183,8936,8880
1996,8878,8884,8823,8581,8941,8864,8885,8883,8928,8823,8862,8692,8872,8843,8847,8859,8843,8935,8895,8890,8922,8899,8819,8948,8745,8844,8835,8863,8798,8816,8544,8886,8753,8898,8859,8794,8851,8914,8701,8893,8836,8801,8887,8815,8961,8928,8806,8968,8848,8757,8355,8694,8769,8860,8837,8839,8910,8814,8865,8768,8846,8834,8888,8842,8975,8798,8730,9004,8853,8845,8872,8458,8678,8811,8788,8766,8870,8926,8746,8591,8867,8909,8852,8928,8831,8811,8704,8973,8822,8880,8931,8814,8895,8184,8936,8884
1997,8879,8884,8824,8583,8945,8867,8887,8884,8929,8824,8864,8693,8873,8844,8849,8862,8843,8939,8895,8892,8924,8899,8819,8949,8746,8845,8837,8864,8799,8820,8546,8889,8755,8899,8861,8795,8852,8916,8703,8895,8839,8802,8889,8817,8962,8930,8808,8969,8848,8759,8357,8695,8770,8861,8837,8841,8911,8818,8867,8769,8847,8835,8892,8843,8977,8799,8731,9005,8855,8846,8873,8458,8678,8814,8790,8771,8871,8932,8749,8595,8867,8910,8855,8928,8833,8814,8704,8977,8825,8882,8932,8814,8898,8185,8938,8886
1998,8880,8884,8825,8584,8948,8871,8889,8885,8930,8826,8866,8697,8874,8846,8850,8863,8847,8942,8898,8897,8927,8900,8819,8950,8747,8848,8838,8865,8800,8823,8548,8890,8757,8901,8862,8796,8854,8916,8703,8895,8842,8804,8893,8819,8963,8934,8809,8971,8849,8761,8357,8696,8771,8864,8837,8841,8912,8820,8868,8771,8849,8837,8893,8843,8979,8800,8731,9006,8857,8847,8874,8460,8679,8818,8791,8776,8871,8935,8750,8595,8871,8912,8860,8930,8837,8816,8705,8977,8829,8883,8934,8815,8900,8186,8939,8888
1999,8883,8885,8827,8584,8951,8873,8889,8887,8930,8829,8867,8698,8875,8849,8851,8864,8847,8945,8902,8900,8931,8901,8823,8951,8747,8850,8840,8868,8801,8825,8551,8891,8758,8901,8862,8796,8857,8916,8704,8896,8845,8807,8893,8821,8968,8936,8814,8973,8850,8764,8357,8698,8773,8866,8837,8843,8914,8820,8871,8771,8854,8838,8894,8845,8981,8801,8732,9006,8859,8848,8877,8463,8680,8821,8794,8777,8873,8937,8750,8595,8873,8913,8862,8933,8838,8822,8705,8978,8832,8883,8934,8817,8901,8188,8939,8888
2000,8884,8887,8829,8585,8951,8877,8890,8889,8932,8832,8869,8701,8877,8851,8851,8865,8847,8946,8904,8902,8934,8903,8824,8955,8747,8851,8842,8869,8803,8828,8551,8891,8760,8902,8863,8797,8862,8917,8706,8898,8850,8808,8897,8822,8970,8936,8819,8976,8852,8765,8359,8699,8774,8869,8837,8847,8916,8823,8873,8772,8854,8844,8895,8847,8983,8805,8734,9007,8863,8850,8880,8466,8681,8823,8795,8781,8875,8939,8751,8599,8875,8914,8863,8936,8839,8827,8705,8978,8836,8884,8937,8818,8901,8189,8941,8890
2001,8886,8887,8832,8586,8951,8877,8892,8892,8933,8833,8869,8702,8879,8851,8854,8869,8849,8948,8906,8902,8937,8905,8824,8956,8749,8851,8843,8871,8804,8828,8553,8893,8762,8904,8864,8798,8866,8919,8707,8901,8854,8809,8898,8823,8972,8937,8819,8978,8855,8765,8361,8699,8777,8872,8838,8848,8917,8826,8874,8773,8858,8846,8895,8853,8986,8806,8737,9009,8868,8851,8882,8467,8685,8824,8796,8782,8876,8939,8752,8601,8876,8915,8865,8939,8841,8830,8707,8979,8837,8886,8937,8819,8903,8192,8943,8891
2002,8888,8887,8834,8589,8952,8877,8894,8893,8933,8835,8870,8703,8880,8852,8855,8870,8853,8952,8908,8904,8941,8907,8824,8957,8751,8853,8844,8874,8806,8831,8554,8893,8762,8906,8864,8799,8866,8919,8709,8902,8856,8810,8898,8827,8974,8937,8822,8980,8860,8766,8361,8700,8778,8874,8838,8848,8921,8828,8876,8773,8860,8847,8895,8854,8986,8809,8738,9009,8870,8853,8884,8470,8686,8824,8796,8787,8878,8939,8753,8602,8877,8915,8866,8941,8841,8834,8710,8981,8840,8888,8937,8820,8904,8193,8949,8893
2003,8888,8887,8835,8590,8954,8877,8894,8893,8935,8838,8873,8703,8884,8853,8856,8874,8857,8954,8910,8908,8944,8907,8828,8959,8751,8853,8845,8878,8808,8836,8556,8895,8765,8908,8865,8801,8867,8920,8711,8904,8861,8811,8900,8827,8976,8941,8825,8983,8860,8767,8362,8701,8779,8874,8839,8848,8926,8830,8876,8774,8861,8849,8896,8858,8986,8813,8738,9010,8874,8853,8885,8471,8686,8827,8799,8790,8881,8939,8754,8604,8880,8916,8868,8942,8841,8839,8710,8982,8842,8892,8939,8820,8905,8194,8951,8896
2004,8889,8888,8837,8593,8955,8880,8896,8897,8940,8839,8875,8705,8884,8853,8856,8876,8857,8955,8912,8909,8944,8910,8830,8959,8753,8853,8846,8881,8808,8838,8558,8896,8766,8909,8867,8803,8867,8922,8714,8904,8861,8811,8903,8828,8976,8944,8832,8984,8863,8767,8363,8701,8780,8876,8840,8850,8926,8832,8876,8777,8863,8852,8897,8861,8991,8814,8740,9010,8876,8856,8887,8472,8687,8830,8800,8792,8883,8941,8755,8604,8883,8919,8868,8944,8842,8839,8712,8983,8845,8892,8944,8822,8906,8195,8954,8898
2005,8893,8889,8839,8594,8957,8887,8898,8898,8941,8839,8878,8705,8887,8854,8858,8877,8861,8957,8915,8910,8944,8911,8831,8959,8757,8857,8846,8885,8808,8842,8558,8898,8767,8912,8867,8804,8868,8923,8714,8904,8862,8812,8903,8828,8978,8947,8834,8985,8866,8768,8364,8702,8781,8878,8841,8851,8927,8834,8876,8777,8863,8856,8898,8864,8993,8819,8740,9012,8880,8857,8888,8474,8688,8833,8801,8793,8884,8944,8757,8604,8884,8920,8868,8945,8844,8846,8712,8987,8848,8893,8946,8828,8909,8199,8955,8901
2006,8896,8891,8839,8597,8957,8888,8898,8899,8943,8839,8880,8708,8887,8856,8859,8881,8862,8958,8915,8910,8944,8913,8833,8962,8759,8858,8848,8886,8809,8845,8560,8900,8768,8912,8867,8806,8873,8923,8717,8905,8865,8812,8904,8830,8981,8949,8834,8987,8869,8769,8366,8702,8784,8880,8841,8853,8927,8835,8876,8778,8865,8857,8900,8867,8994,8821,8742,9014,8882,8862,8890,8476,8689,8835,8804,8795,8884,8947,8758,8605,8886,8920,8869,8946,8846,8849,8713,8988,8850,8894,8947,8831,8910,8200,8958,8903
2007,8896,8893,8840,8597,8959,8895,8899,8900,8945,8839,8884,8708,8890,8857,8860,8881,8864,8959,8917,8911,8945,8914,8834,8963,8760,8860,8850,8888,8811,8847,8562,8902,8770,8918,8868,8807,8874,8925,8718,8909,8866,8814,8908,8831,8985,8949,8835,8989,8874,8770,8368,8703,8785,8884,8843,8854,8929,8835,8877,8783,8866,8859,8903,8867,8997,8824,8745,9017,8885,8863,8893,8479,8690,8838,8806,8796,8885,8950,8758,8607,8887,8922,8870,8948,8846,8852,8716,8990,8853,8899,8949,8831,8911,8201,8959,8904
2008,8898,8895,8840,8600,8960,8900,8901,8900,8945,8839,8886,8712,8891,8857,8863,8883,8866,8962,8918,8911,8945,8914,8835,8967,8762,8862,8850,8891,8811,8850,8564,8903,8771,8920,8871,8811,8875,8927,8719,8910,8868,8815,8908,8832,8987,8952,8837,8992,8876,8770,8369,8704,8786,8885,8846,8855,8931,8836,8880,8784,8871,8859,8905,8867,8997,8828,8745,9018,8887,8863,8893,8480,8692,8841,8808,8798,8887,8951,8759,8608,8888,8923,8872,8950,8846,8855,8716,8993,8853,8901,8951,8831,8912,8205,8961,8906
2009,8901,8896,8840,8602,8964,8901,8904,8903,8946,8840,8887,8713,8892,8858,8863,8886,8866,8963,8919,8912,8950,8915,8836,8968,8763,8863,8852,8892,8812,8851,8566,8905,8772,8921,8871,8814,8877,8929,8719,8910,8870,8815,8909,8835,8988,8952,8838,8994,8876,8772,8370,8705,8787,8886,8850,8856,8935,8839,8881,8784,8872,8861,8905,8867,8999,8830,8748,9018,8888,8863,8894,8482,8694,8843,8808,8799,8887,8952,8762,8610,8890,8924,8873,8950,8848,8856,8716,8993,8857,8901,8952,8831,8913,8206,8963,8907
2010,8901,8897,8842,8603,8965,8901,8906,8905,8947,8840,8890,8714,8894,8859,8866,8886,8868,8963,8920,8916,8952,8916,8836,8973,8765,8863,8854,8893,8817,8854,8567,8907,8775,8922,8871,8814,8879,8932,8721,8913,8870,8815,8910,8837,8989,8953,8839,8997,8877,8772,8372,8706,8789,8887,8853,8859,8935,8840,8884,8785,8873,8861,8907,8868,9001,8831,8749,9019,8891,8863,8896,8485,8695,8845,8809,8804,8890,8952,8764,8613,8892,8924,8875,8952,8850,8857,8716,8993,8858,8901,8955,8833,8913,8206,8964,8909
2011,8902,8897,8843,8605,8967,8905,8907,8908,8951,8841,8891,8715,8895,8859,8867,8888,8869,8966,8922,8919,8953,8919,8837,8974,8766,8864,8854,8896,8817,8854,8568,8909,8776,8923,8874,8816,8883,8934,8724,8914,8872,8817,8913,8837,8989,8955,8839,8999,8883,8773,8373,8707,8792,8889,8853,8859,8935,8841,8884,8787,8873,8862,8908,8869,9004,8833,8751,9019,8896,8863,8900,8487,8699,8849,8810,8804,8892,8954,8764,8615,8892,8925,8880,8953,8850,8862,8719,8993,8858,8902,8956,8834,8914,8207,8966,8912
2012,8902,8900,8844,8605,8968,8909,8908,8910,8952,8841,8892,8717,8897,8859,8867,8890,8872,8969,8922,8921,8956,8924,8838,8975,8769,8865,8855,8898,8819,8859,8570,8912,8778,8923,8878,8817,8885,8935,8724,8916,8877,8817,8915,8843,8991,8957,8840,9001,8886,8774,8374,8708,8794,8892,8853,8860,8937,8843,8886,8787,8873,8863,8908,8871,9004,8833,8752,9019,8897,8864,8903,8489,8700,8850,8811,8805,8892,8956,8765,8619,8893,8926,8882,8954,8853,8864,8721,8996,8861,8903,8961,8834,8914,8209,8967,8914
2013,8904,8900,8845,8607,8970,8910,8911,8911,8955,8843,8894,8717,8897,8860,8870,8890,8874,8972,8922,8925,8956,8925,8840,8977,8769,8866,8856,8903,8821,8864,8572,8914,8778,8925,8878,8820,8888,8937,8726,8917,8880,8820,8916,8843,8991,8958,8840,9003,8888,8775,8376,8708,8795,8894,8855,8861,8937,8844,8887,8787,8874,8864,8910,8875,9006,8837,8754,9021,8899,8867,8905,8490,8701,8850,8811,8807,8892,8957,8765,8620,8893,8927,8883,8957,8857,8866,8721,9001,8862,8906,8963,8835,8914,8212,8970,8917
2014,8907,8902,8848,8611,8973,8913,8911,8914,8957,8844,8894,8720,8899,8862,8874,8892,8875,8974,8922,8925,8957,8925,8840,8978,8771,8867,8857,8904,8822,8866,8574,8917,8778,8926,8880,8820,8889,8941,8727,8919,8884,8820,8918,8847,8993,8960,8840,9006,8890,8776,8380,8709,8798,8895,8859,8863,8938,8845,8887,8789,8878,8865,8911,8875,9006,8838,8755,9021,8901,8870,8909,8491,8702,8856,8812,8810,8893,8959,8766,8621,8893,8928,8885,8958,8858,8868,8721,9003,8864,8908,8965,8836,8916,8212,8971,8918
2015,8907,8903,8850,8612,8976,8914,8913,8916,8959,8845,8895,8722,8901,8864,8875,8893,8876,8976,8923,8926,8962,8926,8841,8978,8774,8869,8858,8907,8824,8868,8577,8919,8778,8927,8880,8821,8894,8942,8729,8921,8888,8823,8920,8847,8993,8961,8842,9007,8891,8779,8382,8709,8798,8901,8860,8863,8939,8845,8891,8790,8881,8865,8911,8875,9008,8838,8756,9023,8905,8871,8911,8492,8704,8859,8812,8812,8897,8959,8767,8622,8895,8929,8886,8959,8860,8870,8722,9005,8866,8909,8967,8838,8919,8213,8972,8918
2016,8908,8905,8850,8613,8980,8915,8914,8917,8961,8845,8895,8722,8907,8865,8879,8893,8877,8978,8924,8928,8963,8928,8842,8981,8774,8870,8859,8910,8825,8870,8577,8921,8780,8928,8881,8823,8895,8943,8729,8922,8889,8823,8923,8851,8994,8961,8842,9008,8893,8779,8383,8709,8799,8902,8862,8864,8939,8847,8892,8790,8881,8867,8912,8875,9008,8839,8757,9024,8907,8872,8911,8493,8704,8863,8812,8812,8899,8961,8767,8624,8897,8932,8889,8961,8862,8873,8723,9008,8869,8912,8970,8838,8920,8214,8972,8920
2017,8910,8905,8853,8615,8983,8917,8917,8918,8963,8845,8895,8722,8909,8865,8882,8894,8879,8979,8925,8933,8969,8931,8844,8984,8776,8871,8860,8914,8827,8875,8583,8925,8781,8928,8882,8825,8899,8945,8733,8924,8890,8826,8924,8852,8995,8962,8842,9008,8895,8780,8383,8709,8802,8903,8864,8867,8941,8848,8894,8791,8883,8867,8914,8876,9008,8839,8757,9026,8908,8874,8911,8494,8705,8864,8812,8816,8899,8963,8767,8626,8898,8933,8892,8962,8864,8873,8725,9010,8872,8912,8971,8840,8922,8217,8972,8921
2018,8915,8905,8856,8617,8984,8920,8919,8920,8965,8849,8895,8723,8913,8868,8882,8895,8882,8981,8926,8933,8971,8933,8846,8984,8779,8871,8864,8917,8828,8878,8588,8926,8782,8928,8885,8825,8901,8947,8736,8928,8894,8827,8927,8852,8996,8963,8843,9012,8895,8781,8384,8710,8803,8905,8865,8868,8944,8849,8895,8792,8887,8869,8916,8877,9009,8840,8757,9027,8910,8875,8912,8495,8705,8867,8814,8822,8902,8964,8768,8628,8900,8934,8896,8964,8864,8876,8726,9010,8873,8914,8973,8842,8923,8219,8972,8923
2019,8915,8905,8856,8621,8984,8921,8920,8921,8967,8852,8897,8725,8915,8868,8883,8895,8882,8984,8926,8933,8973,8934,8848,8984,8781,8872,8866,8918,8830,8880,8589,8926,8782,8929,8887,8826,8904,8947,8738,8931,8895,8830,8929,8853,8998,8963,8844,9016,8898,8782,8387,8710,8805,8908,8866,8869,8946,8849,8897,8792,8888,8872,8917,8878,9011,8841,8759,9030,8911,8876,8912,8497,8705,8867,8816,8824,8904,8967,8770,8629,8901,8934,8900,8966,8866,8879,8726,9011,8874,8916,8973,8844,8923,8222,8972,8924
2020,8916,8906,8856,8623,8986,8923,8921,8923,8969,8852,8898,8726,8917,8868,8885,8896,8884,8985,8927,8933,8974,8937,8849,8985,8784,8872,8870,8921,8830,8883,8590,8927,8782,8931,8890,8828,8906,8948,8738,8933,8895,8831,8931,8854,8999,8963,8847,9020,8902,8783,8389,8712,8808,8911,8867,8874,8947,8850,8897,8793,8892,8875,8919,8880,9013,8842,8764,9030,8913,8877,8912,8497,8705,8872,8817,8827,8906,8969,8772,8630,8902,8936,8901,8968,8868,8883,8726,9013,8876,8917,8975,8845,8926,8224,8972,8926
2021,8917,8912,8856,8624,8992,8925,8922,8923,8970,8853,8901,8727,8918,8868,8887,8897,8884,8988,8928,8934,8974,8938,8850,8987,8785,8873,8871,8922,8830,8884,8591,8928,8786,8935,8891,8830,8909,8949,8739,8936,8900,8834,8933,8858,9001,8963,8848,9021,8903,8784,8391,8714,8809,8915,8869,8874,8948,8851,8898,8795,8894,8877,8922,8883,9015,8843,8764,9033,8915,8877,8913,8498,8708,8875,8820,8830,8906,8970,8772,8633,8903,8938,8901,8969,8869,8886,8726,9014,8876,8918,8980,8849,8929,8225,8973,8927
2022,8920,8913,8857,8626,8992,8926,8924,8926,8970,8853,8902,8730,8920,8869,8887,8897,8884,8989,8931,8935,8976,8940,8850,8988,8785,8874,8872,8927,8830,8886,8593,8930,8786,8938,8893,8830,8909,8951,8739,8936,8902,8834,8933,8862,9003,8964,8849,9025,8905,8786,8392,8714,8810,8918,8869,8875,8949,8851,8900,8795,8894,8879,8922,8883,9016,8844,8764,9034,8915,8879,8914,8498,8709,8877,8822,8836,8908,8971,8775,8634,8905,8938,8903,8970,8869,8892,8726,9018,8877,8918,8982,8850,8929,8225,8973,8928
2023,8923,8917,8857,8628,8994,8930,8926,8928,8970,8853,8904,8731,8922,8870,8891,8900,8887,8990,8932,8937,8977,8942,8851,8989,8786,8875,8874,8929,8832,8888,8594,8931,8787,8940,8896,8834,8913,8952,8740,8938,8905,8835,8935,8862,9006,8964,8849,9027,8906,8787,8393,8715,8810,8921,8870,8876,8952,8851,8901,8797,8894,8879,8924,8886,9019,8845,8766,9040,8916,8879,8918,8500,8709,8877,8822,8841,8908,8973,8776,8636,8905,8938,8903,8971,8870,8896,8726,9021,8879,8919,8982,8852,8931,8226,8973,8929
2024,8924,8917,8857,8628,8995,8931,8927,8929,8970,8854,8904,8733,8924,8873,8894,8901,8889,8991,8933,8938,8978,8944,8851,8990,8787,8878,8874,8930,8835,8892,8594,8933,8788,8941,8897,8835,8916,8953,8740,8938,8906,8838,8939,8862,9006,8964,8850,9028,8908,8788,8394,8715,8810,8924,8872,8877,8952,8852,8904,8798,8897,8880,8924,8887,9020,8846,8766,9043,8918,8879,8919,8501,8710,8879,8823,8843,8910,8975,8777,8636,8905,8939,8903,8972,8872,8899,8726,9021,8880,8920,8986,8855,8933,8228,8976,8930
2025,8924,8919,8859,8629,8996,8933,8927,8931,8973,8856,8905,8734,8928,8873,8896,8901,8889,8991,8934,8939,8979,8944,8851,8990,8790,8878,8875,8930,8836,8895,8595,8934,8788,8942,8899,8836,8917,8954,8740,8939,8907,8842,8940,8862,9008,8965,8850,9030,8911,8789,8395,8716,8811,8924,8874,8879,8954,8854,8905,8800,8898,8880,8926,8888,9020,8847,8767,9044,8918,8879,8919,8502,8710,8880,8824,8843,8911,8977,8777,8639,8905,8940,8904,8973,8874,8900,8727,9025,8883,8922,8988,8857,8933,8228,8977,8930
2026,8925,8920,8860,8630,8997,8936,8929,8931,8976,8858,8906,8734,8930,8875,8898,8901,8890,8992,8937,8941,8980,8947,8852,8995,8791,8879,8876,8931,8837,8898,8597,8934,8790,8944,8900,8837,8917,8958,8740,8941,8910,8843,8945,8862,9010,8965,8853,9032,8911,8790,8397,8716,8811,8925,8874,8880,8957,8856,8908,8801,8899,8881,8926,8889,9021,8847,8768,9044,8919,8879,8921,8503,8712,8881,8824,8844,8914,8977,8778,8639,8906,8940,8906,8974,8875,8902,8727,9028,8884,8923,8992,8858,8935,8228,8977,8932
2027,8925,8920,8863,8630,9000,8937,8930,8934,8979,8858,8906,8735,8934,8877,8898,8902,8890,8993,8937,8942,8984,8949,8852,8996,8791,8880,8878,8933,8839,8900,8597,8935,8793,8946,8900,8838,8919,8961,8742,8946,8912,8845,8945,8863,9010,8965,8855,9033,8912,8793,8397,8718,8811,8927,8878,8880,8957,8858,8909,8803,8900,8883,8927,8891,9021,8849,8769,9046,8920,8879,8922,8503,8713,8884,8825,8845,8916,8980,8780,8639,8906,8942,8907,8976,8876,8904,8727,9029,8888,8926,8995,8859,8937,8229,8979,8932
2028,8925,8921,8864,8631,9002,8942,8931,8935,8981,8860,8908,8735,8937,8880,8899,8904,8891,8996,8941,8944,8985,8950,8853,8996,8791,8880,8880,8935,8840,8904,8599,8937,8795,8948,8901,8840,8922,8961,8743,8948,8914,8845,8946,8863,9012,8966,8857,9034,8918,8794,8397,8718,8811,8928,8878,8882,8957,8860,8911,8805,8901,8884,8928,8893,9022,8850,8770,9047,8922,8879,8925,8504,8714,8886,8825,8847,8919,8981,8783,8642,8908,8942,8908,8978,8878,8905,8730,9032,8889,8929,8996,8859,8939,8232,8985,8932
2029,8925,8922,8867,8634,9005,8943,8932,8936,8982,8861,8910,8736,8939,8881,8899,8904,8892,8997,8942,8948,8988,8950,8854,8998,8792,8880,8880,8938,8840,8910,8600,8941,8796,8949,8901,8840,8923,8962,8743,8950,8914,8847,8946,8864,9014,8966,8858,9038,8918,8794,8399,8720,8814,8929,8880,8882,8958,8862,8913,8806,8903,8884,8930,8894,9023,8850,8771,9047,8922,8881,8926,8506,8716,8888,8826,8849,8920,8982,8783,8643,8911,8945,8908,8978,8880,8906,8732,9032,8891,8930,8996,8862,8940,8232,8987,8932
2030,8926,8925,8870,8634,9005,8946,8932,8936,8983,8863,8910,8736,8943,8882,8902,8907,8895,8998,8944,8948,8989,8951,8855,8999,8795,8881,8881,8940,8840,8914,8603,8942,8798,8951,8902,8843,8924,8963,8743,8951,8918,8849,8948,8865,9015,8967,8859,9038,8919,8796,8400,8720,8814,8934,8882,8883,8960,8862,8915,8806,8904,8885,8930,8896,9024,8851,8774,9048,8924,8883,8928,8507,8717,8890,8827,8852,8922,8984,8785,8644,8912,8945,8910,8979,8881,8909,8733,9034,8891,8930,8996,8863,8940,8232,8988,8932
2031,8927,8928,8874,8637,9006,8947,8934,8937,8983,8863,8912,8737,8944,8883,8903,8907,8896,9000,8944,8950,8991,8953,8855,9000,8798,8884,8882,8941,8842,8915,8605,8942,8799,8953,8902,8844,8927,8965,8745,8951,8921,8853,8951,8866,9017,8968,8861,9039,8920,8798,8402,8722,8814,8936,8884,8883,8963,8863,8919,8807,8904,8885,8932,8896,9025,8852,8775,9051,8926,8884,8932,8507,8718,8893,8828,8853,8924,8984,8787,8644,8914,8946,8910,8982,8881,8912,8736,9036,8895,8931,8998,8863,8942,8233,8988,8934
2032,8928,8929,8874,8638,9008,8951,8937,8939,8983,8865,8915,8739,8945,8884,8903,8908,8898,9002,8944,8951,8992,8953,8857,9005,8801,8887,8882,8941,8842,8915,8606,8942,8802,8953,8902,8845,8928,8967,8746,8955,8925,8854,8954,8868,9018,8971,8862,9040,8921,8799,8403,8725,8815,8941,8885,8883,8963,8863,8920,8807,8905,8887,8934,8897,9027,8854,8776,9054,8927,8885,8934,8508,8720,8894,8829,8859,8925,8984,8788,8644,8916,8947,8911,8983,8881,8913,8737,9036,8898,8931,9001,8865,8943,8233,8990,8935
2033,8929,8932,8876,8638,9012,8955,8939,8941,8987,8865,8915,8741,8950,8885,8905,8911,8898,9003,8946,8952,8994,8954,8858,9007,8801,8887,8884,8943,8844,8919,8607,8945,8803,8953,8902,8847,8928,8969,8748,8955,8926,8854,8955,8869,9019,8973,8864,9041,8922,8800,8404,8727,8815,8943,8886,8884,8964,8863,8923,8807,8906,8888,8934,8897,9028,8855,8777,9055,8927,8887,8935,8508,8720,8894,8830,8861,8927,8986,8788,8644,8917,8948,8913,8984,8882,8916,8737,9036,8899,8935,9002,8865,8943,8235,8991,8939
2034,8929,8934,8877,8639,9014,8957,8939,8942,8988,8866,8917,8742,8950,8886,8906,8913,8901,9005,8946,8954,8996,8956,8859,9008,8802,8889,8886,8946,8845,8924,8607,8945,8803,8958,8903,8850,8930,8971,8749,8956,8929,8855,8956,8869,9024,8973,8865,9043,8923,8801,8405,8730,8816,8943,8888,8884,8964,8864,8927,8807,8906,8888,8937,8899,9029,8858,8778,9055,8930,8888,8936,8510,8720,8896,8832,8862,8928,8986,8788,8646,8917,8949,8914,8985,8884,8919,8738,9037,8900,8937,9003,8867,8943,8238,8992,8941
2035,8930,8937,8878,8642,9017,8960,8940,8944,8988,8868,8917,8743,8953,8887,8909,8913,8901,9007,8949,8954,8997,8958,8860,9008,8803,8889,8887,8949,8845,8928,8607,8945,8805,8963,8903,8851,8932,8972,8751,8958,8932,8855,8958,8871,9025,8973,8866,9044,8926,8801,8405,8730,8817,8944,8889,8884,8965,8865,8928,8809,8908,8889,8938,8899,9031,8859,8779,9055,8931,8889,8936,8510,8722,8899,8832,8868,8928,8987,8791,8647,8918,8949,8915,8985,8886,8920,8740,9039,8902,8939,9004,8870,8946,8239,8992,8942
2036,8931,8939,8878,8645,9020,8964,8941,8946,8992,8871,8917,8743,8954,8889,8910,8914,8902,9008,8953,8956,8999,8959,8860,9009,8804,8891,8890,8950,8847,8928,8609,8946,8805,8964,8904,8852,8933,8974,8752,8959,8935,8856,8961,8871,9026,8974,8868,9044,8927,8802,8406,8730,8818,8946,8890,8886,8967,8867,8930,8811,8911,8890,8938,8899,9032,8860,8781,9057,8931,8891,8937,8512,8724,8902,8832,8869,8929,8988,8792,8648,8921,8950,8916,8986,8886,8923,8740,9045,8904,8940,9005,8873,8946,8241,8996,8942
2037,8931,8940,8879,8648,9023,8965,8943,8946,8994,8873,8918,8744,8957,8891,8911,8915,8905,9010,8955,8956,9000,8960,8860,9009,8805,8891,8892,8953,8850,8932,8611,8946,8805,8968,8907,8854,8935,8975,8756,8960,8938,8860,8961,8871,9027,8974,8872,9045,8929,8805,8407,8730,8819,8947,8892,8889,8967,8868,8932,8811,8914,8890,8938,8899,9034,8862,8781,9058,8932,8892,8938,8513,8724,8903,8834,8869,8932,8990,8793,8649,8921,8950,8917,8990,8887,8927,8741,9046,8905,8940,9009,8875,8946,8242,8996,8945
2038,8932,8940,8881,8648,9024,8967,8945,8946,8994,8875,8919,8746,8957,8892,8911,8915,8906,9011,8956,8956,9000,8962,8862,9012,8808,8891,8893,8954,8850,8934,8613,8948,8806,8968,8907,8857,8939,8976,8759,8962,8941,8862,8962,8872,9030,8974,8872,9046,8933,8807,8409,8730,8822,8949,8894,8889,8967,8870,8935,8811,8914,8892,8938,8900,9035,8863,8784,9060,8934,8893,8938,8515,8726,8906,8834,8869,8933,8994,8793,8650,8924,8950,8918,8991,8887,8929,8746,9046,8906,8944,9012,8878,8947,8244,8996,8945
2039,8933,8941,8881,8651,9025,8968,8947,8947,8996,8875,8920,8746,8957,8892,8912,8917,8906,9015,8958,8956,9004,8962,8864,9014,8808,8893,8894,8954,8850,8936,8613,8949,8806,8968,8907,8859,8942,8977,8761,8963,8944,8862,8963,8873,9033,8975,8873,9046,8935,8807,8411,8731,8823,8950,8895,8890,8968,8870,8937,8811,8915,8893,8938,8901,9036,8863,8785,9061,8935,8894,8939,8516,8726,8909,8834,8870,8936,8994,8793,8650,8925,8950,8920,8994,8888,8930,8748,9050,8909,8945,9015,8881,8949,8244,8999,8945
2040,8935,8943,8881,8652,9029,8968,8949,8947,8998,8875,8921,8748,8958,8895,8913,8917,8908,9017,8958,8957,9005,8964,8864,9014,8808,8897,8896,8957,8854,8937,8614,8950,8806,8968,8907,8859,8943,8981,8761,8964,8946,8863,8964,8874,9034,8976,8875,9046,8938,8807,8413,8732,8825,8953,8895,8891,8968,8872,8937,8813,8918,8894,8939,8905,9036,8864,8787,9064,8935,8899,8942,8517,8730,8914,8835,8871,8938,8996,8793,8651,8925,8951,8923,8999,8891,8934,8749,9052,8911,8946,9018,8884,8949,8244,9001,8946
2041,8936,8943,8882,8653,9031,8969,8951,8949,9000,8877,8922,8748,8959,8897,8916,8919,8909,9017,8960,8957,9006,8966,8865,9016,8809,8899,8897,8959,8854,8939,8614,8952,8806,8968,8909,8860,8946,8984,8761,8964,8946,8864,8964,8877,9036,8977,8880,9046,8940,8810,8414,8733,8826,8953,8897,8891,8970,8873,8939,8816,8920,8895,8939,8908,9036,8865,8788,9065,8938,8901,8942,8519,8730,8917,8837,8873,8938,8997,8796,8654,8926,8952,8923,8999,8892,8936,8749,9052,8914,8948,9018,8885,8950,8244,9002,8947
2042,8939,8943,8884,8655,9033,8972,8951,8952,9000,8879,8923,8749,8961,8900,8917,8919,8911,9017,8964,8960,9006,8967,8867,9018,8810,8901,8901,8960,8854,8942,8615,8952,8808,8969,8910,8861,8950,8987,8762,8966,8949,8865,8968,8878,9038,8980,8880,9047,8941,8811,8414,8734,8826,8954,8899,8891,8971,8873,8940,8817,8921,8898,8939,8908,9037,8865,8788,9066,8941,8901,8944,8519,8730,8919,8837,8875,8938,9000,8798,8654,8926,8954,8924,9000,8893,8943,8749,9054,8916,8948,9019,8889,8951,8245,9005,8951
2043,8941,8944,8885,8656,9035,8975,8954,8954,9000,8880,8924,8749,8962,8901,8920,8920,8913,9018,8966,8960,9006,8969,8868,9019,8810,8902,8901,8962,8856,8943,8615,8953,8808,8972,8911,8862,8954,8990,8763,8966,8950,8865,8969,8879,9039,8981,8882,9049,8942,8811,8415,8735,8827,8956,8899,8893,8972,8875,8940,8818,8922,8898,8939,8909,9038,8868,8790,9067,8942,8901,8944,8519,8731,8920,8838,8878,8939,9001,8800,8655,8927,8955,8926,9002,8894,8945,8750,9056,8919,8951,9021,8889,8951,8246,9007,8952
2044,8941,8945,8886,8657,9036,8977,8955,8955,9003,8881,8925,8751,8962,8903,8922,8921,8915,9019,8967,8964,9007,8969,8870,9019,8813,8903,8902,8967,8859,8946,8618,8954,8808,8973,8911,8863,8954,8991,8764,8967,8951,8866,8969,8880,9039,8983,8882,9050,8943,8811,8416,8735,8827,8957,8900,8893,8974,8878,8942,8821,8923,8899,8941,8910,9038,8870,8790,9069,8943,8901,8946,8519,8732,8921,8840,8880,8943,9002,8800,8655,8927,8956,8927,9002,8896,8948,8754,9057,8921,8951,9023,8890,8952,8246,9008,8952
2045,8943,8946,8888,8658,9037,8977,8956,8957,9005,8881,8927,8752,8962,8905,8924,8922,8918,9021,8967,8964,9008,8970,8873,9019,8813,8904,8904,8970,8859,8951,8619,8954,8809,8974,8912,8864,8956,8993,8765,8970,8953,8868,8969,8880,9040,8983,8884,9053,8947,8811,8417,8736,8829,8960,8901,8894,8974,8878,8944,8821,8923,8899,8941,8910,9038,8872,8791,9070,8943,8903,8947,8520,8732,8922,8840,8883,8943,9003,8800,8658,8930,8957,8929,9002,8897,8950,8755,9059,8923,8952,9024,8891,8952,8248,9008,8952
2046,8944,8947,8889,8659,9039,8979,8956,8957,9007,8881,8928,8754,8963,8906,8925,8922,8920,9024,8968,8964,9010,8970,8875,9020,8814,8905,8905,8972,8861,8953,8621,8956,8809,8975,8913,8866,8957,8993,8765,8971,8954,8870,8969,8881,9041,8983,8887,9057,8948,8811,8418,8738,8831,8962,8901,8894,8976,8878,8945,8824,8923,8900,8941,8915,9042,8875,8792,9070,8943,8904,8949,8521,8734,8924,8841,8885,8945,9007,8802,8660,8931,8959,8930,9004,8900,8951,8757,9061,8928,8952,9026,8891,8955,8250,9011,8956
2047,8944,8947,8889,8661,9041,8980,8956,8960,9008,8882,8929,8754,8964,8907,8927,8923,8923,9024,8973,8964,9013,8970,8875,9022,8817,8907,8906,8973,8862,8958,8621,8957,8809,8975,8915,8868,8958,8993,8766,8972,8962,8873,8970,8882,9042,8984,8887,9059,8950,8813,8419,8739,8832,8962,8903,8895,8976,8881,8946,8827,8927,8900,8941,8916,9044,8876,8795,9071,8943,8905,8950,8523,8735,8925,8842,8885,8945,9010,8802,8661,8932,8960,8932,9004,8901,8954,8758,9062,8929,8953,9028,8891,8957,8253,9011,8956
2048,8947,8947,8893,8663,9044,8982,8958,8960,9009,8884,8930,8756,8964,8909,8931,8926,8924,9026,8974,8966,9014,8973,8876,9023,8819,8910,8906,8974,8863,8960,8623,8958,8810,8975,8915,8869,8960,8997,8766,8972,8964,8873,8970,8882,9045,8985,8890,9061,8953,8815,8420,8739,8833,8962,8904,8897,8980,8882,8948,8828,8927,8903,8943,8917,9046,8876,8796,9072,8944,8905,8951,8525,8737,8928,8843,8889,8948,9010,8802,8661,8933,8960,8935,9005,8903,8956,8758,9063,8932,8956,9031,8892,8960,8255,9012,8956
2049,8947,8947,8897,8665,9048,8984,8958,8960,9009,8886,8933,8757,8964,8912,8934,8927,8924,9031,8974,8967,9014,8973,8878,9025,8820,8911,8907,8977,8864,8962,8623,8959,8814,8977,8916,8870,8962,9001,8768,8973,8965,8874,8972,8883,9046,8985,8890,9061,8953,8816,8420,8740,8833,8965,8906,8897,8980,8883,8950,8830,8929,8904,8945,8919,9050,8878,8797,9074,8944,8907,8956,8525,8738,8933,8844,8895,8950,9011,8803,8662,8935,8960,8936,9005,8906,8956,8759,9063,8935,8958,9033,8894,8961,8256,9016,8957
2050,8947,8949,8897,8670,9050,8986,8958,8963,9010,8886,8935,8757,8964,8915,8935,8931,8925,9031,8975,8968,9016,8973,8878,9025,8820,8912,8908,8977,8867,8964,8624,8960,8814,8977,8917,8872,8963,9001,8769,8973,8966,8874,8972,8884,9047,8986,8890,9061,8954,8818,8421,8741,8833,8970,8908,8900,8980,8883,8950,8833,8933,8906,8947,8920,9050,8878,8798,9075,8946,8908,8958,8525,8738,8934,8844,8898,8952,9012,8804,8663,8935,8962,8940,9005,8908,8956,8760,9066,8936,8960,9033,8894,8962,8258,9017,8958
2051,8949,8950,8898,8670,9051,8987,8958,8964,9011,8886,8936,8758,8965,8916,8937,8931,8925,9031,8975,8971,9016,8974,8878,9028,8821,8912,8908,8983,8869,8968,8624,8962,8817,8978,8917,8872,8965,9002,8769,8973,8966,8875,8972,8888,9048,8986,8891,9062,8954,8818,8423,8741,8834,8973,8911,8900,8981,8883,8951,8834,8933,8909,8947,8921,9050,8879,8801,9075,8947,8908,8962,8526,8739,8935,8844,8900,8952,9014,8805,8663,8936,8963,8940,9008,8909,8957,8763,9067,8937,8962,9033,8895,8963,8259,9019,8958
2052,8949,8950,8902,8670,9051,8987,8959,8964,9012,8886,8938,8759,8965,8917,8938,8932,8927,9032,8976,8972,9020,8981,8878,9029,8823,8912,8910,8984,8871,8970,8625,8963,8817,8979,8917,8873,8966,9002,8770,8974,8969,8876,8972,8888,9049,8986,8892,9063,8956,8820,8424,8745,8835,8976,8914,8901,8982,8883,8952,8836,8934,8910,8948,8922,9052,8880,8802,9075,8948,8908,8963,8529,8743,8939,8844,8901,8955,9015,8806,8663,8936,8964,8941,9010,8909,8959,8764,9069,8942,8962,9034,8895,8964,8260,9020,8958
2053,8951,8951,8903,8672,9054,8987,8959,8964,9015,8886,8939,8760,8968,8918,8942,8934,8932,9032,8977,8974,9021,8982,8879,9030,8824,8915,8910,8988,8872,8971,8625,8965,8818,8979,8920,8873,8967,9003,8770,8975,8970,8877,8973,8890,9050,8986,8892,9063,8959,8820,8426,8745,8836,8976,8914,8903,8983,8884,8954,8836,8935,8912,8950,8924,9053,8881,8802,9077,8948,8909,8964,8531,8744,8943,8846,8904,8956,9016,8807,8663,8937,8969,8942,9010,8911,8962,8766,9070,8946,8965,9034,8895,8967,8263,9021,8959
2054,8951,8952,8905,8675,9056,8988,8960,8966,9016,8886,8939,8761,8968,8918,8942,8934,8932,9033,8979,8975,9024,8982,8880,9032,8825,8920,8911,8990,8872,8971,8625,8966,8820,8981,8922,8876,8967,9004,8770,8976,8974,8878,8976,8891,9050,8988,8893,9064,8962,8822,8428,8746,8836,8978,8915,8905,8983,8884,8954,8837,8937,8913,8952,8925,9054,8881,8804,9077,8948,8910,8966,8531,8744,8945,8851,8907,8958,9017,8807,8663,8938,8972,8944,9011,8911,8967,8766,9071,8948,8966,9035,8898,8969,8265,9024,8962
2055,8953,8952,8906,8675,9056,8989,8961,8966,9018,8887,8940,8761,8968,8922,8942,8934,8932,9033,8980,8977,9027,8982,8880,9034,8825,8921,8912,8991,8872,8972,8629,8968,8822,8983,8924,8876,8969,9004,8771,8980,8976,8880,8976,8892,9051,8990,8893,9064,8964,8823,8428,8749,8838,8978,8916,8905,8983,8886,8955,8839,8938,8914,8952,8927,9057,8881,8805,9079,8949,8911,8967,8531,8745,8949,8852,8910,8960,9017,8808,8663,8939,8975,8945,9013,8912,8968,8767,9071,8948,8966,9035,8898,8969,8265,9024,8965
2056,8953,8952,8906,8675,9058,8991,8963,8966,9019,8887,8940,8762,8968,8922,8944,8934,8932,9036,8981,8980,9028,8983,8883,9034,8825,8921,8912,8993,8875,8976,8632,8969,8822,8984,8924,8879,8969,9005,8773,8981,8980,8880,8979,8893,9054,8992,8894,9064,8964,8825,8431,8750,8838,8981,8916,8906,8984,8887,8957,8841,8938,8915,8953,8927,9060,8882,8805,9081,8950,8911,8968,8531,8745,8949,8852,8914,8966,9020,8810,8664,8940,8977,8945,9015,8913,8971,8768,9073,8948,8968,9035,8899,8972,8266,9026,8965
2057,8954,8954,8906,8677,9058,8993,8963,8969,9024,8889,8941,8763,8969,8925,8945,8934,8933,9040,8981,8982,9030,8984,8883,9034,8825,8921,8914,8996,8876,8979,8632,8969,8823,8984,8924,8882,8969,9006,8773,8981,8981,8880,8979,8894,9054,8994,8896,9065,8964,8826,8431,8751,8840,8983,8917,8907,8985,8887,8959,8843,8940,8918,8955,8930,9062,8882,8808,9082,8951,8911,8968,8531,8747,8950,8853,8916,8967,9021,8812,8665,8940,8977,8946,9015,8916,8973,8769,9075,8950,8969,9037,8900,8973,8267,9026,8967
2058,8955,8956,8907,8679,9058,8993,8963,8971,9026,8891,8941,8765,8973,8925,8946,8936,8933,9040,8982,8985,9031,8986,8884,9036,8827,8921,8915,8999,8876,8982,8636,8972,8823,8985,8924,8885,8971,9009,8773,8981,8984,8880,8981,8900,9055,8996,8896,9071,8966,8828,8433,8754,8841,8987,8918,8908,8985,8887,8959,8844,8941,8921,8955,8932,9063,8885,8809,9085,8952,8913,8969,8531,8751,8952,8854,8917,8969,9022,8814,8668,8941,8977,8947,9015,8919,8978,8772,9077,8953,8971,9039,8901,8973,8269,9026,8967
2059,8956,8958,8909,8679,9059,8995,8963,8973,9027,8892,8941,8765,8978,8929,8947,8937,8935,9040,8985,8986,9034,8986,8887,9036,8829,8923,8915,8999,8876,8984,8636,8973,8823,8985,8927,8885,8973,9009,8774,8983,8985,8880,8981,8901,9056,8997,8896,9072,8967,8828,8434,8755,8843,8990,8918,8910,8986,8888,8961,8844,8942,8923,8955,8933,9065,8886,8809,9085,8956,8913,8969,8533,8752,8952,8854,8917,8971,9022,8815,8668,8941,8977,8948,9015,8920,8979,8774,9078,8955,8972,9042,8901,8976,8270,9027,8968
2060,8956,8961,8909,8679,9061,8998,8966,8976,9028,8892,8942,8766,8980,8930,8949,8938,8936,9042,8987,8986,9035,8986,8887,9037,8831,8924,8915,8999,8877,8985,8637,8973,8824,8987,8927,8887,8976,9010,8775,8983,8990,8881,8985,8901,9056,8998,8897,9072,8967,8830,8434,8755,8845,8991,8919,8913,8987,8890,8963,8845,8946,8925,8957,8934,9066,8886,8809,9087,8956,8915,8971,8537,8753,8955,8855,8920,8972,9023,8816,8672,8943,8977,8949,9016,8921,8981,8775,9081,8957,8972,9042,8901,8976,8270,9031,8969
2061,8956,8962,8910,8679,9063,8998,8967,8977,9030,8892,8945,8766,8982,8930,8950,8938,8936,9043,8987,8987,9038,8987,8888,9037,8833,8925,8916,9004,8878,8986,8638,8978,8824,8987,8928,8888,8978,9010,8776,8984,8991,8883,8988,8905,9057,9001,8899,9073,8969,8831,8434,8756,8845,8992,8920,8917,8988,8891,8966,8845,8947,8927,8957,8934,9066,8887,8812,9089,8957,8916,8973,8538,8754,8956,8855,8920,8974,9024,8819,8672,8943,8978,8951,9016,8921,8983,8775,9081,8958,8972,9043,8901,8977,8270,9035,8970
2062,8957,8963,8912,8681,9066,9001,8968,8979,9030,8892,8945,8767,8985,8930,8950,8941,8938,9044,8987,8987,9038,8987,8888,9039,8834,8925,8917,9006,8880,8988,8641,8979,8825,8988,8930,8888,8978,9012,8777,8985,8992,8884,8990,8905,9057,9003,8899,9074,8971,8832,8435,8757,8846,8992,8920,8920,8989,8891,8968,8846,8948,8929,8960,8935,9067,8887,8813,9090,8957,8917,8976,8543,8755,8958,8855,8920,8975,9028,8820,8672,8944,8979,8952,9018,8922,8985,8779,9081,8959,8973,9044,8901,8979,8270,9037,8970
2063,8958,8963,8912,8682,9068,9002,8970,8979,9030,8894,8946,8768,8986,8931,8952,8942,8939,9045,8988,8987,9040,8988,8888,9042,8835,8926,8917,9007,8883,8990,8641,8980,8827,8989,8931,8889,8979,9012,8779,8985,8994,8886,8993,8906,9057,9003,8899,9074,8971,8832,8435,8758,8848,8993,8920,8920,8990,8892,8970,8846,8950,8929,8964,8935,9070,8888,8814,9091,8960,8919,8978,8546,8757,8960,8855,8923,8977,9029,8820,8675,8944,8979,8954,9019,8922,8988,8779,9081,8963,8973,9046,8901,8979,8270,9039,8970
2064,8959,8963,8914,8683,9069,9003,8971,8979,9030,8895,8946,8769,8987,8932,8955,8944,8940,9047,8989,8987,9041,8990,8890,9043,8838,8926,8919,9008,8884,8992,8642,8981,8828,8991,8931,8889,8982,9014,8781,8986,8997,8886,8995,8907,9057,9004,8900,9078,8972,8834,8436,8758,8848,8995,8920,8920,8991,8893,8972,8847,8951,8931,8967,8936,9070,8888,8814,9091,8962,8920,8978,8546,8759,8964,8858,8924,8978,9033,8821,8676,8949,8979,8956,9019,8923,8988,8779,9082,8963,8976,9046,8903,8979,8271,9039,8973
2065,8961,8964,8915,8684,9072,9005,8971,8980,9031,8895,8946,8770,8988,8932,8955,8945,8941,9048,8991,8988,9043,8992,8892,9044,8838,8928,8919,9010,8885,8993,8642,8982,8829,8991,8931,8891,8985,9015,8782,8986,8998,8888,8996,8907,9059,9005,8900,9079,8974,8835,8437,8760,8851,8997,8921,8920,8992,8894,8972,8848,8952,8934,8967,8936,9070,8890,8815,9091,8962,8921,8979,8547,8760,8965,8858,8926,8979,9035,8821,8677,8950,8980,8957,9019,8923,8992,8779,9083,8963,8979,9046,8905,8979,8272,9040,8973
2066,8963,8967,8915,8685,9074,9005,8973,8980,9032,8898,8950,8772,8988,8932,8956,8945,8943,9050,8991,8990,9044,8994,8893,9046,8840,8928,8920,9011,8886,8994,8642,8983,8829,8992,8932,8891,8986,9015,8782,8988,9002,8888,8997,8909,9059,9006,8901,9079,8975,8837,8438,8761,8852,8999,8922,8920,8993,8896,8973,8849,8953,8935,8967,8937,9071,8890,8815,9094,8962,8923,8983,8549,8760,8967,8859,8928,8980,9036,8821,8679,8951,8981,8959,9021,8925,8995,8780,9085,8964,8980,9051,8906,8981,8276,9042,8975
2067,8963,8967,8915,8687,9077,9005,8974,8983,9032,8899,8951,8773,8989,8933,8956,8946,8943,9050,8991,8992,9047,8997,8894,9047,8842,8929,8922,9011,8886,8995,8644,8984,8830,8994,8934,8893,8989,9015,8785,8990,9002,8889,8999,8912,9060,9007,8901,9081,8976,8838,8439,8762,8852,9000,8923,8920,8993,8896,8976,8852,8955,8936,8970,8939,9072,8890,8817,9094,8962,8925,8986,8551,8760,8967,8859,8932,8980,9037,8821,8679,8951,8981,8959,9021,8926,8998,8780,9087,8964,8982,9051,8906,8982,8277,9042,8977
2068,8963,8967,8917,8687,9078,9006,8974,8985,9033,8899,8952,8777,8989,8933,8958,8948,8943,9052,8992,8993,9048,9000,8895,9048,8843,8930,8922,9012,8887,8996,8645,8985,8831,8994,8934,8894,8992,9016,8785,8990,9004,8889,9002,8914,9061,9007,8904,9082,8980,8838,8439,8762,8853,9003,8924,8923,8993,8896,8976,8852,8955,8937,8970,8941,9074,8890,8818,9094,8962,8925,8988,8552,8761,8969,8860,8935,8981,9038,8822,8679,8952,8982,8962,9026,8926,9000,8784,9088,8967,8983,9054,8906,8983,8279,9043,8978
2069,8965,8968,8919,8688,9079,9007,8976,8989,9035,8901,8952,8777,8989,8935,8959,8948,8946,9053,8994,8994,9049,9001,8895,9049,8845,8931,8925,9014,8887,8996,8645,8985,8833,8999,8934,8894,8993,9017,8786,8991,9006,8892,9003,8915,9062,9008,8906,9083,8981,8839,8440,8763,8854,9006,8924,8923,8994,8898,8978,8855,8955,8937,8971,8943,9074,8891,8820,9095,8963,8926,8990,8553,8761,8971,8860,8936,8985,9038,8822,8679,8953,8982,8962,9027,8926,9001,8785,9088,8968,8984,9054,8907,8986,8280,9043,8979
2070,8966,8968,8920,8688,9082,9010,8979,8990,9037,8901,8953,8777,8991,8935,8959,8950,8948,9053,8995,8996,9051,9003,8895,9049,8846,8932,8926,9015,8889,9000,8647,8985,8835,9001,8934,8895,8993,9017,8786,8994,9007,8892,9005,8915,9062,9010,8908,9084,8984,8840,8440,8763,8855,9009,8925,8923,8995,8899,8978,8855,8956,8938,8972,8943,9076,8892,8821,9095,8964,8926,8991,8554,8762,8977,8861,8936,8986,9040,8822,8679,8954,8982,8962,9027,8926,9002,8785,9088,8970,8986,9055,8909,8987,8281,9045,8980
2071,8968,8970,8922,8688,9083,9010,8979,8991,9037,8902,8954,8777,8991,8937,8959,8950,8949,9055,8995,8998,9053,9003,8896,9050,8847,8933,8926,9019,8890,9002,8649,8985,8836,9001,8935,8896,8994,9017,8787,8995,9009,8893,9006,8916,9063,9010,8909,9086,8984,8840,8440,8763,8856,9013,8926,8924,8997,8899,8979,8857,8958,8940,8974,8944,9077,8893,8821,9097,8964,8926,8992,8554,8762,8978,8861,8938,8988,9041,8824,8682,8954,8983,8964,9028,8929,9004,8786,9090,8972,8986,9056,8910,8988,8281,9045,8981
2072,8969,8970,8924,8689,9086,9012,8980,8991,9038,8902,8955,8779,8991,8939,8959,8951,8951,9056,8996,8999,9054,9004,8899,9052,8847,8936,8927,9020,8891,9005,8649,8988,8837,9002,8936,8897,8998,9017,8789,8996,9010,8894,9007,8917,9065,9010,8910,9087,8985,8840,8441,8763,8856,9016,8928,8925,8999,8900,8980,8857,8958,8940,8974,8944,9078,8894,8821,9098,8965,8926,8994,8555,8762,8982,8861,8941,8989,9042,8825,8682,8954,8985,8966,9030,8929,9005,8787,9091,8972,8987,9056,8910,8989,8281,9046,8983
2073,8972,8972,8925,8692,9086,9014,8982,8991,9038,8903,8955,8781,8991,8939,8959,8951,8952,9057,8997,8999,9054,9005,8902,9052,8847,8937,8930,9021,8892,9009,8651,8988,8837,9003,8937,8898,9000,9018,8790,8998,9015,8895,9009,8918,9065,9010,8911,9087,8985,8842,8443,8764,8857,9017,8929,8926,9000,8901,8980,8857,8960,8940,8975,8945,9079,8895,8824,9103,8966,8926,8995,8555,8763,8985,8861,8942,8991,9046,8827,8682,8955,8987,8966,9031,8929,9007,8787,9092,8974,8989,9058,8912,8990,8281,9046,8984
2074,8973,8976,8926,8694,9089,9016,8983,8993,9039,8905,8958,8783,8991,8941,8960,8951,8953,9057,8998,9001,9055,9008,8903,9052,8848,8937,8932,9022,8892,9009,8653,8988,8838,9003,8939,8901,9001,9019,8791,9000,9019,8897,9009,8919,9067,9011,8911,9088,8986,8842,8444,8764,8857,9018,8932,8926,9003,8903,8980,8858,8960,8940,8978,8945,9079,8897,8825,9103,8966,8927,8995,8556,8763,8986,8861,8942,8992,9047,8827,8683,8956,8987,8971,9034,8930,9009,8789,9094,8975,8989,9060,8912,8991,8281,9046,8985
2075,8977,8976,8930,8695,9089,9018,8984,8995,9041,8906,8958,8783,8991,8945,8960,8952,8954,9059,8998,9002,9057,9009,8904,9053,8850,8938,8933,9024,8895,9016,8654,8989,8838,9003,8939,8903,9003,9019,8792,9005,9020,8898,9011,8920,9069,9015,8911,9089,8987,8842,8446,8765,8858,9018,8935,8927,9006,8903,8981,8859,8962,8941,8978,8946,9082,8898,8825,9103,8967,8927,8995,8557,8763,8987,8862,8947,8992,9049,8828,8685,8957,8988,8973,9036,8932,9011,8789,9098,8977,8989,9060,8913,8992,8282,9046,8987
2076,8979,8976,8931,8696,9092,9019,8987,8995,9041,8906,8958,8784,8991,8946,8962,8953,8955,9059,9000,9002,9060,9011,8905,9057,8851,8941,8933,9025,8897,9020,8657,8989,8841,9003,8939,8904,9005,9019,8793,9005,9020,8899,9012,8920,9069,9016,8912,9089,8987,8843,8447,8765,8860,9024,8935,8927,9008,8903,8984,8859,8962,8942,8978,8947,9082,8898,8826,9103,8968,8927,8996,8557,8766,8991,8862,8950,8994,9050,8829,8685,8958,8989,8974,9038,8934,9012,8789,9098,8979,8989,9061,8914,8994,8284,9048,8990
2077,8979,8978,8933,8697,9093,9024,8988,8997,9043,8906,8959,8784,8992,8946,8962,8954,8955,9059,9001,9003,9063,9011,8905,9057,8852,8942,8933,9027,8898,9021,8658,8991,8841,9005,8939,8906,9005,9019,8796,9006,9021,8899,9013,8920,9072,9017,8913,9091,8987,8843,8447,8766,8861,9025,8936,8928,9008,8903,8984,8861,8963,8942,8980,8948,9083,8898,8828,9108,8969,8927,8997,8558,8766,8996,8862,8952,8994,9050,8829,8686,8958,8990,8975,9039,8935,9014,8790,9098,8981,8990,9061,8916,8994,8286,9049,8991
2078,8980,8981,8933,8698,9095,9026,8988,9000,9044,8906,8959,8786,8993,8947,8965,8954,8957,9061,9003,9008,9063,9013,8907,9059,8852,8944,8934,9030,8899,9024,8659,8991,8841,9005,8939,8906,9007,9019,8796,9006,9023,8900,9017,8920,9072,9019,8914,9093,8989,8844,8447,8766,8862,9027,8936,8929,9010,8905,8984,8862,8964,8943,8980,8949,9084,8898,8829,9108,8970,8928,8998,8561,8766,8998,8862,8952,8995,9051,8829,8689,8958,8991,8975,9040,8937,9015,8790,9099,8982,8990,9061,8917,8994,8287,9052,8992
2079,8980,8983,8934,8698,9097,9028,8989,9000,9045,8906,8959,8787,8994,8948,8965,8957,8958,9062,9004,9010,9063,9015,8910,9061,8853,8944,8934,9030,8899,9025,8661,8992,8842,9007,8940,8908,9008,9019,8796,9006,9025,8900,9017,8921,9074,9020,8914,9094,8990,8845,8448,8767,8864,9032,8936,8929,9010,8906,8985,8862,8966,8943,8980,8951,9084,8898,8829,9108,8974,8928,9002,8562,8766,9001,8862,8953,8995,9052,8829,8690,8960,8992,8975,9041,8938,9018,8790,9101,8985,8990,9062,8918,8996,8288,9053,8995
2080,8980,8984,8934,8698,9097,9028,8990,9001,9045,8906,8960,8789,8996,8948,8966,8957,8959,9064,9004,9010,9066,9017,8910,9063,8854,8945,8935,9031,8901,9027,8663,8994,8844,9008,8941,8908,9010,9020,8796,9006,9029,8901,9019,8921,9074,9020,8916,9095,8991,8848,8450,8768,8865,9033,8938,8930,9012,8907,8989,8863,8966,8944,8982,8951,9084,8898,8831,9108,8976,8930,9004,8565,8766,9002,8862,8954,8996,9054,8833,8690,8960,8993,8975,9041,8940,9023,8791,9102,8988,8991,9063,8920,8997,8290,9053,8996
2081,8980,8984,8935,8699,9100,9029,8990,9002,9045,8907,8960,8790,8997,8950,8967,8957,8959,9064,9004,9011,9069,9018,8913,9063,8854,8947,8937,9031,8901,9029,8663,8997,8844,9009,8941,8909,9012,9020,8798,9008,9030,8903,9020,8921,9076,9021,8918,9097,8992,8849,8450,8768,8865,9033,8938,8931,9012,8907,8989,8864,8968,8944,8984,8953,9084,8898,8831,9108,8976,8930,9006,8565,8766,9002,8862,8956,8998,9056,8834,8690,8963,8993,8975,9042,8941,9027,8791,9103,8988,8992,9067,8921,8998,8293,9053,8996
2082,8982,8985,8938,8700,9102,9030,8993,9002,9045,8908,8961,8791,8999,8950,8967,8959,8959,9065,9004,9013,9070,9018,8913,9063,8856,8950,8937,9033,8902,9029,8663,8997,8845,9009,8942,8909,9013,9022,8799,9010,9033,8904,9020,8923,9078,9022,8920,9097,8993,8849,8452,8768,8866,9034,8940,8932,9012,8907,8991,8865,8968,8944,8984,8953,9086,8900,8831,9110,8976,8930,9007,8566,8767,9004,8862,8961,9001,9057,8834,8692,8964,8993,8976,9044,8944,9033,8791,9103,8989,8992,9069,8922,9000,8293,9054,8997
2083,8982,8985,8939,8701,9104,9030,8993,9004,9045,8908,8961,8791,9001,8951,8968,8959,8961,9065,9004,9013,9073,9018,8914,9064,8859,8951,8938,9035,8903,9029,8663,8997,8846,9009,8944,8910,9014,9023,8799,9010,9033,8906,9023,8924,9081,9024,8921,9098,8994,8849,8452,8769,8868,9035,8941,8932,9012,8907,8992,8865,8968,8946,8985,8955,9088,8902,8833,9110,8976,8930,9007,8566,8768,9005,8862,8961,9001,9057,8835,8692,8964,8995,8981,9044,8944,9035,8791,9104,8989,8994,9072,8922,9002,8293,9055,8998
2084,8983,8986,8939,8704,9104,9031,8996,9004,9046,8909,8961,8791,9002,8951,8969,8959,8962,9065,9006,9014,9074,9019,8916,9065,8859,8951,8940,9037,8903,9029,8663,8998,8848,9010,8944,8911,9016,9023,8799,9011,9034,8908,9024,8925,9082,9025,8923,9098,8994,8849,8455,8769,8868,9040,8942,8933,9012,8909,8993,8866,8968,8946,8985,8956,9088,8902,8833,9110,8978,8931,9009,8567,8768,9007,8864,8963,9001,9058,8836,8693,8964,8996,8981,9046,8948,9037,8792,9104,8990,8995,9073,8922,9002,8293,9056,8998
2085,8983,8988,8940,8704,9105,9032,8996,9005,9047,8911,8961,8792,9004,8952,8970,8960,8962,9066,9007,9015,9074,9020,8916,9065,8860,8953,8941,9038,8904,9032,8664,8998,8849,9011,8945,8911,9016,9023,8799,9013,9034,8910,9024,8926,9084,9027,8925,9099,8994,8850,8457,8769,8870,9041,8944,8933,9012,8911,8993,8866,8972,8946,8985,8956,9090,8904,8834,9111,8979,8931,9010,8567,8768,9010,8865,8964,9002,9058,8836,8693,8966,8996,8981,9047,8948,9039,8792,9104,8990,8996,9076,8922,9004,8294,9058,8999
2086,8984,8989,8941,8706,9107,9034,8999,9006,9049,8914,8961,8793,9004,8954,8970,8960,8964,9066,9010,9016,9076,9020,8918,9068,8862,8956,8943,9040,8907,9033,8667,8999,8851,9012,8945,8915,9016,9023,8801,9014,9036,8912,9027,8926,9084,9028,8925,9101,8995,8852,8458,8770,8870,9042,8944,8934,9012,8911,8993,8866,8973,8949,8985,8956,9091,8905,8835,9112,8980,8931,9011,8568,8769,9012,8865,8966,9004,9058,8837,8695,8966,8996,8983,9048,8950,9041,8792,9105,8991,8996,9078,8923,9006,8296,9059,9002
2087,8984,8989,8941,8706,9108,9035,8999,9007,9052,8916,8962,8793,9004,8955,8972,8960,8964,9069,9012,9017,9079,9020,8919,9070,8864,8956,8943,9042,8908,9034,8668,8999,8853,9013,8945,8916,9016,9024,8802,9014,9037,8916,9027,8926,9086,9028,8926,9102,8995,8855,8458,8771,8870,9044,8944,8935,9013,8914,8993,8866,8973,8951,8986,8957,9091,8906,8836,9112,8981,8931,9012,8568,8771,9014,8865,8970,9007,9061,8837,8695,8967,8996,8987,9051,8950,9041,8795,9106,8994,8996,9078,8923,9008,8298,9060,9004
2088,8985,8990,8942,8708,9110,9035,9001,9007,9055,8919,8962,8793,9004,8955,8972,8962,8966,9069,9013,9019,9081,9022,8919,9072,8864,8957,8943,9043,8908,9036,8668,9003,8854,9013,8946,8918,9017,9024,8803,9015,9037,8916,9029,8926,9087,9029,8926,9102,8996,8855,8459,8771,8870,9044,8944,8936,9014,8915,8994,8866,8974,8953,8987,8960,9091,8906,8838,9112,8982,8931,9013,8568,8772,9015,8865,8970,9008,9062,8838,8696,8968,8996,8989,9052,8952,9044,8796,9107,8995,8996,9079,8924,9010,8298,9060,9004
2089,8988,8992,8943,8708,9112,9038,9002,9007,9057,8921,8963,8794,9005,8955,8972,8962,8968,9069,9013,9021,9082,9023,8921,9072,8866,8959,8943,9044,8908,9042,8668,9005,8855,9014,8946,8918,9019,9025,8803,9015,9038,8916,9029,8926,9087,9029,8927,9102,8997,8855,8459,8773,8870,9046,8945,8937,9014,8915,8996,8866,8976,8953,8987,8960,9093,8906,8838,9118,8985,8931,9014,8568,8772,9015,8866,8972,9012,9062,8841,8696,8969,8997,8990,9053,8952,9045,8797,9107,8998,8998,9081,8924,9010,8300,9061,9005
2090,8988,8993,8945,8712,9116,9041,9002,9007,9059,8921,8963,8794,9005,8957,8972,8964,8972,9070,9015,9024,9083,9024,8921,9073,8866,8959,8944,9044,8908,9044,8668,9006,8858,9014,8949,8920,9020,9027,8804,9015,9038,8918,9031,8926,9087,9030,8927,9103,8997,8858,8460,8773,8872,9047,8946,8941,9014,8917,9000,8867,8978,8953,8987,8962,9094,8907,8838,9118,8985,8931,9014,8569,8773,9018,8870,8972,9013,9062,8843,8696,8969,8997,8991,9053,8955,9046,8797,9108,9000,9002,9081,8925,9010,8300,9063,9005
2091,8988,8994,8945,8712,9116,9041,9002,9007,9061,8923,8963,8794,9006,8958,8973,8965,8972,9071,9016,9026,9085,9025,8921,9074,8868,8960,8944,9045,8908,9045,8670,9007,8858,9015,8949,8921,9023,9028,8804,9016,9039,8919,9033,8926,9087,9031,8927,9103,8999,8859,8461,8774,8873,9050,8946,8942,9016,8919,9002,8870,8979,8955,8989,8962,9095,8908,8838,9119,8988,8932,9014,8569,8773,9020,8871,8973,9013,9063,8844,8696,8971,8998,8997,9054,8959,9047,8798,9109,9001,9002,9082,8926,9012,8300,9064,9005
2092,8990,8996,8945,8712,9118,9042,9003,9008,9062,8925,8963,8795,9007,8958,8974,8966,8973,9072,9016,9028,9086,9027,8922,9074,8868,8960,8944,9046,8908,9045,8671,9007,8858,9016,8951,8924,9026,9030,8806,9017,9042,8919,9036,8927,9088,9031,8927,9106,8999,8860,8463,8774,8873,9051,8946,8943,9016,8920,9002,8870,8981,8955,8989,8963,9095,8909,8839,9119,8988,8934,9015,8569,8773,9021,8871,8976,9013,9063,8844,8697,8972,8999,8999,9054,8960,9051,8800,9110,9002,9002,9083,8926,9012,8301,9065,9006
2093,8991,8996,8946,8712,9120,9045,9005,9008,9064,8926,8963,8797,9009,8958,8975,8966,8975,9073,9017,9029,9088,9027,8922,9074,8871,8961,8944,9046,8911,9049,8673,9009,8859,9016,8952,8926,9027,9031,8809,9018,9044,8921,9036,8928,9090,9031,8928,9106,8999,8860,8463,8775,8873,9051,8947,8944,9018,8921,9003,8871,8983,8956,8989,8965,9096,8909,8839,9119,8989,8937,9015,8571,8773,9023,8871,8979,9013,9064,8845,8700,8972,9000,8999,9055,8960,9052,8800,9111,9002,9002,9086,8926,9013,8301,9065,9006
2094,8993,8996,8947,8714,9120,9048,9006,9009,9065,8926,8963,8797,9010,8958,8976,8967,8976,9074,9020,9029,9089,9028,8923,9074,8872,8961,8944,9047,8911,9052,8674,9010,8860,9018,8953,8927,9028,9032,8810,9019,9047,8922,9039,8930,9091,9032,8928,9108,9001,8862,8464,8775,8873,9053,8947,8944,9019,8922,9005,8871,8983,8956,8990,8966,9097,8911,8839,9119,8990,8938,9016,8571,8774,9023,8872,8979,9013,9064,8846,8700,8973,9000,9004,9055,8960,9053,8800,9111,9002,9004,9087,8928,9014,8301,9066,9008
2095,8994,8997,8947,8715,9121,9049,9006,9013,9065,8927,8964,8797,9014,8959,8978,8967,8977,9075,9021,9029,9091,9031,8925,9074,8872,8962,8945,9049,8912,9052,8675,9010,8860,9018,8957,8927,9029,9032,8811,9019,9051,8922,9041,8930,9091,9033,8928,9109,9001,8862,8465,8776,8874,9054,8948,8945,9019,8923,9006,8872,8983,8957,8991,8968,9099,8914,8839,9119,8990,8938,9018,8572,8775,9023,8872,8980,9013,9066,8846,8701,8973,9001,9006,9056,8962,9054,8800,9111,9006,9006,9090,8928,9015,8301,9066,9010
2096,8994,8997,8949,8715,9121,9050,9007,9014,9066,8928,8965,8798,9019,8959,8978,8968,8977,9075,9024,9029,9094,9032,8925,9074,8873,8962,8947,9050,8913,9054,8677,9010,8863,9018,8958,8928,9030,9033,8811,9019,9051,8923,9042,8930,9092,9034,8928,9109,9002,8862,8467,8776,8875,9054,8948,8945,9019,8925,9007,8874,8984,8958,8992,8969,9100,8914,8839,9120,8993,8940,9020,8573,8775,9024,8873,8982,9017,9066,8848,8702,8976,9001,9007,9058,8964,9056,8802,9112,9008,9006,9092,8929,9015,8301,9067,9011
2097,8994,8997,8951,8715,9121,9050,9007,9015,9067,8928,8965,8798,9020,8960,8979,8969,8978,9075,9026,9029,9094,9033,8925,9074,8875,8963,8949,9050,8914,9054,8679,9010,8863,9019,8958,8928,9030,9034,8812,9019,9052,8925,9042,8932,9094,9037,8929,9110,9004,8865,8467,8776,8876,9055,8950,8946,9022,8926,9008,8877,8985,8959,8992,8970,9101,8914,8839,9122,8995,8941,9021,8576,8775,9025,8874,8982,9018,9066,8848,8703,8977,9002,9008,9058,8964,9057,8802,9113,9008,9007,9093,8930,9018,8303,9070,9013
2098,8994,8999,8953,8716,9122,9052,9007,9016,9067,8928,8965,8799,9020,8960,8981,8969,8978,9078,9027,9029,9094,9033,8927,9074,8876,8963,8950,9051,8915,9056,8679,9011,8865,9019,8959,8928,9032,9039,8812,9019,9054,8925,9042,8932,9095,9038,8929,9111,9004,8865,8471,8776,8876,9055,8952,8948,9022,8926,9008,8877,8985,8959,8992,8970,9102,8915,8841,9122,8995,8942,9022,8577,8775,9026,8874,8982,9018,9066,8848,8704,8977,9002,9009,9059,8966,9059,8802,9115,9008,9007,9094,8930,9021,8304,9070,9015
2099,8994,8999,8954,8716,9123,9053,9008,9016,9067,8929,8965,8800,9021,8962,8981,8969,8978,9078,9028,9030,9096,9034,8927,9074,8878,8964,8951,9052,8917,9057,8680,9011,8867,9021,8959,8928,9032,9039,8813,9021,9057,8925,9044,8933,9095,9039,8930,9113,9006,8865,8472,8776,8877,9056,8952,8949,9023,8926,9010,8877,8987,8959,8993,8970,9103,8915,8841,9123,8996,8942,9023,8577,8775,9026,8875,8983,9019,9066,8848,8704,8979,9004,9014,9061,8967,9059,8802,9118,9008,9008,9095,8931,9023,8304,9072,9015
2100,8995,9000,8955,8716,9126,9053,9008,9018,9070,8930,8965,8801,9022,8962,8982,8970,8978,9080,9030,9030,9097,9034,8927,9076,8878,8964,8953,9052,8917,9057,8681,9011,8869,9022,8960,8929,9034,9040,8815,9023,9059,8925,9046,8933,9095,9039,8930,9114,9006,8868,8472,8778,8878,9056,8955,8951,9023,8928,9011,8878,8989,8960,8995,8971,9105,8915,8842,9126,8997,8942,9023,8578,8775,9027,8875,8983,9020,9066,8848,8704,8981,9005,9014,9064,8968,9062,8802,9119,9011,9010,9096,8934,9023,8304,9073,9017
2101,8997,9001,8955,8717,9127,9058,9008,9018,9073,8931,8965,8802,9023,8963,8982,8971,8980,9081,9030,9032,9097,9035,8929,9076,8878,8964,8954,9052,8917,9059,8681,9011,8872,9023,8960,8929,9034,9041,8815,9024,9061,8927,9047,8934,9095,9040,8931,9114,9006,8868,8473,8780,8878,9056,8955,8953,9025,8928,9012,8878,8991,8960,8995,8972,9105,8915,8842,9128,8997,8945,9023,8581,8776,9028,8875,8985,9021,9066,8848,8705,8982,9005,9016,9066,8968,9063,8803,9122,9011,9014,9096,8935,9025,8304,9074,9019
2102,8998,9002,8957,8717,9128,9058,9010,9019,9075,8931,8965,8802,9024,8965,8983,8973,8982,9083,9031,9034,9099,9036,8930,9078,8879,8965,8954,9053,8917,9060,8682,9014,8872,9023,8960,8929,9036,9044,8815,9025,9061,8927,9050,8936,9095,9041,8933,9115,9007,8869,8473,8781,8879,9058,8955,8953,9027,8929,9013,8880,8991,8960,8996,8975,9106,8915,8842,9128,8997,8947,9024,8582,8776,9030,8876,8985,9021,9067,8848,8706,8982,9005,9017,9068,8968,9064,8804,9122,9014,9015,9097,8936,9026,8304,9074,9019
2103,8998,9002,8957,8717,9130,9059,9011,9019,9077,8931,8965,8802,9026,8966,8983,8973,8982,9085,9031,9035,9100,9036,8932,9079,8880,8967,8955,9054,8917,9061,8683,9015,8872,9023,8961,8931,9036,9044,8815,9026,9061,8928,9051,8937,9097,9041,8933,9117,9009,8871,8475,8782,8879,9059,8956,8955,9027,8930,9014,8884,8991,8960,8996,8976,9107,8916,8843,9130,8998,8948,9027,8582,8776,9031,8877,8988,9021,9067,8848,8707,8983,9006,9017,9069,8968,9068,8805,9126,9016,9015,9098,8938,9026,8305,9075,9020
2104,8999,9003,8958,8717,9132,9060,9012,9019,9079,8932,8966,8803,9027,8967,8984,8974,8983,9086,9031,9036,9100,9037,8932,9080,8880,8968,8957,9056,8918,9061,8685,9015,8874,9023,8961,8931,9037,9045,8816,9026,9061,8929,9051,8937,9098,9042,8935,9117,9010,8871,8476,8782,8881,9062,8957,8956,9029,8932,9016,8885,8991,8963,8998,8976,9109,8917,8844,9130,8999,8949,9031,8582,8776,9032,8877,8989,9022,9067,8849,8709,8984,9007,9017,9071,8969,9069,8805,9126,9016,9017,9101,8939,9026,8306,9076,9021
2105,8999,9003,8958,8719,9132,9060,9012,9019,9080,8932,8967,8804,9028,8967,8986,8975,8983,9086,9032,9039,9105,9037,8934,9082,8880,8969,8958,9057,8918,9064,8686,9015,8874,9023,8962,8932,9038,9047,8817,9026,9061,8930,9051,8938,9099,9044,8936,9119,9012,8873,8477,8783,8881,9062,8958,8956,9029,8933,9019,8885,8991,8964,8998,8976,9109,8917,8847,9131,9000,8951,9031,8582,8776,9033,8878,8992,9023,9067,8849,8709,8985,9009,9019,9072,8970,9069,8805,9127,9017,9018,9102,8939,9026,8307,9077,9021
2106,8999,9003,8960,8720,9133,9060,9013,9019,9080,8933,8968,8805,9028,8968,8987,8975,8984,9087,9033,9041,9107,9039,8936,9083,8881,8969,8959,9059,8919,9065,8686,9015,8875,9023,8962,8932,9038,9048,8817,9028,9063,8930,9053,8938,9100,9044,8938,9119,9013,8875,8477,8784,8882,9063,8960,8957,9029,8934,9019,8885,8993,8966,8999,8976,9110,8917,8848,9131,9000,8951,9031,8583,8777,9036,8878,8993,9023,9067,8849,8709,8987,9010,9019,9073,8970,9073,8805,9127,9019,9019,9104,8939,9026,8308,9077,9022
2107,9001,9004,8960,8721,9136,9063,9015,9021,9081,8933,8968,8805,9031,8969,8990,8975,8984,9090,9035,9041,9107,9039,8936,9086,8882,8971,8960,9061,8921,9067,8688,9017,8875,9025,8964,8933,9040,9048,8817,9029,9066,8931,9053,8941,9100,9045,8940,9119,9014,8875,8478,8784,8882,9065,8961,8957,9030,8935,9019,8886,8994,8967,9000,8976,9111,8919,8849,9134,9001,8951,9031,8583,8777,9038,8878,8994,9023,9068,8849,8709,8988,9010,9019,9073,8970,9074,8805,9127,9020,9020,9104,8941,9027,8309,9078,9022
2108,9003,9005,8961,8723,9139,9063,9015,9022,9082,8934,8969,8806,9032,8973,8990,8976,8984,9091,9035,9041,9108,9040,8937,9087,8883,8973,8962,9064,8921,9072,8688,9017,8875,9028,8965,8933,9040,9048,8818,9030,9066,8931,9055,8941,9103,9046,8940,9123,9014,8876,8479,8786,8884,9065,8961,8958,9030,8936,9019,8888,8996,8968,9000,8976,9113,8923,8851,9134,9001,8952,9033,8583,8777,9038,8878,8996,9024,9068,8849,8709,8988,9010,9021,9073,8970,9075,8806,9127,9024,9020,9104,8941,9027,8309,9078,9022
2109,9003,9005,8963,8723,9140,9065,9015,9024,9083,8935,8969,8806,9033,8974,8990,8977,8986,9092,9035,9041,9110,9042,8937,9087,8883,8974,8962,9064,8921,9073,8688,9018,8878,9028,8965,8933,9040,9050,8819,9030,9068,8931,9056,8941,9105,9046,8944,9123,9014,8877,8481,8786,8884,9068,8962,8958,9030,8937,9019,8888,8997,8969,9002,8977,9115,8923,8852,9134,9002,8955,9033,8583,8778,9039,8878,8996,9026,9068,8849,8709,8988,9010,9021,9073,8971,9075,8806,9128,9025,9020,9104,8941,9027,8309,9078,9023
2110,9005,9005,8964,8726,9141,9066,9016,9025,9087,8935,8970,8808,9034,8974,8990,8977,8986,9093,9035,9042,9110,9043,8938,9088,8884,8974,8966,9067,8921,9074,8689,9019,8879,9028,8966,8935,9042,9051,8819,9031,9068,8931,9056,8941,9107,9046,8947,9124,9014,8877,8483,8787,8884,9069,8964,8958,9030,8939,9020,8888,8999,8973,9004,8978,9116,8923,8852,9134,9003,8955,9033,8583,8778,9041,8879,8996,9026,9069,8850,8709,8988,9011,9024,9076,8974,9075,8807,9128,9025,9020,9104,8942,9029,8310,9079,9024
2111,9006,9005,8966,8728,9146,9067,9016,9025,9088,8937,8973,8809,9035,8975,8990,8977,8987,9094,9036,9042,9111,9044,8938,9088,8888,8975,8968,9069,8922,9075,8689,9021,8880,9029,8966,8935,9042,9052,8822,9033,9072,8931,9058,8941,9109,9048,8947,9125,9016,8878,8484,8787,8884,9069,8965,8958,9031,8939,9021,8888,9000,8974,9005,8978,9116,8923,8852,9134,9004,8956,9033,8585,8778,9042,8879,8998,9026,9069,8851,8709,8989,9013,9024,9078,8974,9077,8807,9130,9027,9021,9104,8944,9031,8311,9079,9024
2112,9006,9006,8966,8729,9149,9067,9017,9026,9088,8938,8975,8809,9035,8978,8990,8978,8988,9096,9036,9042,9113,9045,8939,9089,8888,8976,8968,9070,8923,9075,8690,9023,8881,9030,8966,8936,9042,9054,8822,9033,9073,8931,9059,8942,9109,9048,8949,9125,9016,8881,8485,8788,8884,9071,8966,8961,9032,8941,9024,8889,9001,8976,9005,8979,9116,8924,8852,9136,9006,8959,9034,8586,8779,9043,8880,8999,9027,9069,8851,8710,8990,9014,9025,9079,8976,9080,8807,9132,9028,9022,9104,8945,9031,8313,9080,9024
2113,9007,9007,8966,8729,9151,9069,9018,9027,9089,8938,8976,8809,9036,8978,8990,8978,8988,9096,9037,9043,9113,9045,8939,9089,8889,8976,8969,9070,8924,9075,8692,9024,8882,9031,8966,8936,9043,9055,8823,9034,9073,8932,9059,8942,9110,9049,8950,9127,9016,8883,8485,8789,8884,9073,8967,8961,9033,8942,9026,8889,9001,8978,9006,8980,9117,8924,8853,9138,9008,8960,9036,8587,8780,9043,8881,9001,9029,9071,8853,8711,8990,9015,9027,9083,8978,9080,8808,9132,9029,9023,9104,8946,9031,8316,9080,9026
2114,9008,9007,8967,8729,9154,9070,9018,9027,9091,8938,8977,8809,9036,8980,8991,8979,8990,9097,9039,9043,9113,9045,8939,9091,8889,8977,8969,9070,8924,9079,8692,9025,8882,9031,8966,8936,9044,9057,8824,9035,9075,8933,9059,8943,9111,9049,8950,9127,9017,8883,8486,8792,8885,9075,8969,8963,9034,8942,9028,8890,9002,8978,9006,8981,9117,8925,8854,9139,9009,8960,9037,8589,8780,9047,8881,9002,9030,9073,8853,8712,8991,9018,9028,9083,8978,9083,8810,9132,9030,9023,9104,8946,9031,8320,9080,9030
2115,9009,9007,8967,8730,9154,9070,9019,9027,9092,8938,8979,8810,9036,8980,8991,8980,8990,9099,9039,9043,9113,9047,8940,9092,8889,8977,8969,9070,8925,9081,8693,9027,8885,9031,8966,8937,9047,9057,8824,9035,9079,8934,9060,8943,9111,9049,8950,9131,9019,8884,8487,8793,8885,9075,8971,8963,9035,8943,9028,8891,9002,8978,9006,8983,9117,8925,8855,9140,9009,8961,9038,8589,8781,9047,8882,9002,9030,9074,8856,8712,8991,9019,9028,9084,8978,9083,8810,9135,9030,9025,9106,8947,9032,8321,9080,9031
2116,9010,9008,8967,8732,9154,9071,9019,9028,9092,8938,8980,8811,9037,8982,8991,8980,8991,9100,9039,9045,9116,9047,8941,9094,8889,8977,8969,9072,8926,9082,8693,9027,8886,9031,8966,8938,9047,9058,8824,9036,9079,8935,9061,8944,9112,9050,8951,9131,9019,8886,8487,8793,8886,9076,8971,8963,9036,8943,9029,8891,9003,8978,9006,8983,9119,8927,8855,9141,9010,8962,9038,8589,8782,9050,8884,9004,9030,9074,8856,8713,8991,9019,9029,9085,8978,9085,8812,9135,9031,9025,9108,8947,9033,8321,9081,9033
2117,9010,9008,8971,8733,9156,9074,9019,9028,9094,8938,8980,8811,9039,8982,8992,8982,8991,9101,9042,9045,9117,9048,8942,9095,8890,8977,8971,9072,8927,9083,8697,9028,8887,9033,8967,8939,9047,9058,8824,9038,9084,8937,9062,8945,9112,9051,8951,9132,9019,8887,8488,8793,8886,9079,8971,8964,9038,8943,9030,8891,9005,8978,9007,8985,9122,8930,8855,9142,9012,8962,9041,8590,8782,9052,8886,9008,9031,9074,8856,8713,8995,9020,9030,9085,8980,9088,8812,9136,9033,9026,9109,8948,9034,8322,9082,9033
2118,9011,9008,8971,8735,9158,9074,9019,9028,9094,8938,8980,8812,9041,8983,8992,8983,8991,9101,9042,9046,9117,9050,8943,9095,8892,8977,8972,9074,8928,9085,8697,9028,8887,9035,8970,8939,9049,9058,8826,9038,9085,8938,9065,8947,9113,9051,8951,9136,9019,8887,8488,8794,8887,9082,8972,8965,9038,8944,9030,8891,9005,8980,9007,8986,9123,8930,8855,9143,9012,8962,9041,8591,8782,9053,8887,9010,9032,9074,8857,8713,8997,9021,9031,9085,8981,9091,8812,9136,9033,9027,9109,8948,9035,8322,9085,9033
2119,9011,9009,8973,8735,9159,9074,9020,9030,9097,8938,8981,8812,9042,8983,8992,8983,8992,9102,9042,9048,9117,9050,8944,9097,8894,8977,8972,9074,8928,9086,8698,9031,8887,9035,8970,8940,9051,9059,8827,9038,9087,8938,9067,8947,9115,9053,8952,9136,9019,8887,8490,8796,8888,9082,8972,8965,9038,8944,9030,8894,9006,8981,9007,8987,9124,8930,8856,9143,9014,8963,9042,8591,8783,9056,8888,9012,9033,9074,8858,8713,8998,9022,9033,9085,8981,9093,8813,9136,9034,9027,9109,8948,9035,8322,9085,9033
2120,9011,9012,8973,8735,9160,9074,9021,9032,9097,8938,8983,8813,9044,8985,8992,8984,8993,9102,9042,9048,9118,9051,8947,9097,8894,8977,8972,9076,8930,9087,8698,9031,8888,9036,8971,8940,9051,9060,8827,9040,9088,8939,9067,8949,9116,9054,8953,9136,9020,8887,8491,8797,8890,9084,8976,8966,9040,8944,9031,8895,9007,8982,9008,8987,9124,8930,8856,9145,9016,8963,9044,8592,8783,9058,8888,9012,9033,9076,8859,8714,8998,9024,9033,9086,8981,9094,8814,9138,9034,9028,9109,8948,9036,8322,9086,9033
2121,9011,9013,8973,8737,9161,9075,9023,9032,9098,8939,8984,8813,9046,8986,8992,8984,8994,9104,9042,9051,9119,9052,8947,9098,8897,8978,8973,9077,8933,9088,8698,9033,8889,9037,8972,8940,9052,9061,8827,9041,9089,8940,9067,8951,9117,9054,8954,9138,9020,8888,8491,8798,8891,9085,8977,8967,9040,8945,9031,8896,9009,8983,9008,8987,9128,8931,8856,9147,9017,8963,9044,8593,8783,9059,8888,9012,9034,9076,8859,8715,8999,9024,9034,9087,8981,9096,8815,9138,9034,9028,9110,8949,9037,8324,9086,9036
2122,9013,9014,8973,8737,9164,9076,9024,9033,9099,8939,8985,8815,9046,8986,8992,8985,8994,9105,9042,9053,9119,9052,8947,9098,8897,8978,8973,9079,8934,9089,8698,9035,8889,9037,8973,8940,9052,9062,8827,9042,9089,8940,9070,8952,9117,9054,8956,9139,9020,8888,8492,8798,8891,9088,8978,8968,9040,8945,9031,8896,9010,8986,9009,8989,9129,8931,8856,9147,9018,8963,9044,8594,8783,9059,8889,9016,9034,9077,8859,8715,8999,9026,9035,9087,8981,9097,8815,9138,9038,9032,9110,8951,9037,8324,9088,9037
2123,9016,9015,8974,8737,9164,9077,9026,9034,9100,8940,8987,8815,9048,8987,8993,8986,8997,9106,9046,9055,9120,9052,8947,9100,8899,8979,8973,9081,8934,9089,8698,9035,8889,9038,8973,8941,9052,9063,8827,9042,9090,8940,9072,8953,9118,9055,8957,9140,9021,8888,8494,8801,8891,9088,8979,8969,9041,8945,9032,8896,9011,8986,9009,8989,9129,8931,8856,9148,9018,8963,9045,8596,8785,9060,8889,9019,9034,9078,8859,8715,8999,9026,9035,9087,8981,9097,8815,9139,9039,9032,9112,8951,9038,8324,9088,9037
2124,9019,9015,8976,8738,9164,9078,9026,9035,9100,8940,8988,8816,9049,8987,8993,8986,8999,9107,9047,9055,9121,9054,8948,9101,8899,8979,8974,9083,8934,9090,8698,9035,8889,9038,8974,8941,9053,9063,8827,9043,9092,8940,9073,8955,9118,9057,8957,9142,9023,8888,8494,8801,8891,9088,8980,8971,9041,8947,9033,8897,9012,8986,9010,8990,9130,8931,8856,9149,9018,8963,9047,8596,8785,9060,8891,9019,9034,9078,8860,8715,8999,9026,9037,9087,8982,9098,8815,9139,9042,9032,9112,8952,9039,8324,9089,9037
2125,9020,9015,8977,8738,9167,9078,9027,9035,9100,8941,8988,8818,9049,8988,8993,8986,8999,9108,9047,9055,9125,9054,8949,9101,8899,8980,8976,9084,8937,9091,8699,9036,8890,9039,8975,8942,9053,9063,8828,9043,9093,8942,9073,8956,9118,9059,8959,9142,9023,8889,8494,8801,8891,9090,8980,8971,9043,8948,9033,8897,9013,8987,9012,8991,9131,8933,8856,9150,9019,8964,9050,8597,8788,9060,8891,9019,9035,9080,8862,8716,8999,9026,9037,9090,8982,9101,8815,9139,9043,9032,9112,8952,9041,8326,9091,9037
2126,9022,9015,8977,8738,9169,9079,9027,9035,9100,8941,8988,8821,9049,8988,8994,8986,8999,9110,9047,9057,9125,9055,8950,9101,8900,8981,8977,9085,8940,9094,8699,9036,8890,9040,8976,8943,9054,9064,8829,9043,9093,8943,9074,8957,9118,9060,8959,9142,9025,8889,8494,8802,8893,9090,8980,8971,9043,8948,9035,8898,9015,8989,9015,8993,9132,8934,8856,9150,9020,8964,9052,8597,8788,9061,8892,9019,9035,9080,8862,8717,9000,9027,9039,9090,8983,9101,8816,9139,9043,9032,9113,8953,9041,8326,9091,9037
2127,9022,9016,8977,8738,9170,9081,9028,9036,9101,8943,8990,8821,9050,8988,8995,8988,9001,9110,9048,9060,9127,9055,8951,9102,8900,8981,8977,9085,8940,9095,8700,9036,8890,9042,8977,8944,9054,9064,8832,9043,9096,8943,9074,8957,9119,9061,8962,9142,9025,8890,8494,8802,8894,9091,8980,8972,9044,8948,9035,8900,9015,8991,9016,8993,9132,8934,8856,9152,9020,8965,9054,8598,8788,9063,8892,9019,9037,9080,8862,8718,9000,9027,9040,9092,8983,9105,8817,9139,9043,9033,9114,8953,9042,8327,9091,9038
2128,9022,9018,8977,8738,9170,9082,9029,9037,9102,8944,8990,8824,9050,8989,8996,8988,9002,9110,9048,9061,9127,9058,8951,9102,8901,8981,8977,9086,8940,9095,8702,9037,8890,9042,8977,8946,9054,9064,8832,9044,9097,8947,9074,8958,9119,9064,8963,9143,9026,8890,8494,8802,8895,9092,8980,8973,9045,8948,9035,8901,9015,8993,9016,8994,9134,8935,8857,9153,9021,8966,9056,8599,8788,9064,8892,9019,9040,9084,8862,8718,9001,9027,9042,9094,8985,9107,8817,9139,9044,9033,9114,8953,9043,8328,9092,9038
2129,9022,9019,8977,8738,9171,9082,9029,9037,9102,8944,8990,8824,9052,8989,8996,8989,9003,9110,9050,9061,9127,9058,8951,9102,8901,8981,8977,9086,8941,9098,8702,9037,8890,9043,8978,8946,9054,9065,8832,9046,9098,8947,9076,8959,9120,9066,8963,9144,9026,8892,8494,8802,8897,9092,8980,8974,9045,8950,9036,8901,9016,8993,9017,8994,9135,8937,8857,9153,9022,8966,9057,8601,8790,9066,8893,9020,9041,9084,8862,8718,9001,9028,9044,9096,8985,9108,8817,9140,9044,9037,9115,8954,9043,8330,9092,9040
2130,9022,9019,8977,8739,9172,9084,9030,9038,9102,8947,8991,8824,9052,8991,8996,8990,9004,9112,9050,9061,9128,9058,8952,9103,8902,8982,8977,9087,8941,9098,8705,9037,8890,9044,8978,8947,9054,9065,8834,9048,9098,8949,9078,8961,9121,9067,8966,9144,9026,8892,8497,8803,8897,9093,8980,8975,9045,8951,9037,8902,9018,8994,9019,8995,9136,8937,8858,9154,9022,8967,9057,8601,8790,9069,8893,9021,9041,9085,8864,8719,9001,9028,9045,9101,8985,9111,8819,9140,9045,9037,9116,8957,9044,8330,9093,9040
2131,9022,9019,8978,8739,9174,9085,9030,9038,9102,8947,8992,8825,9052,8993,8998,8990,9004,9113,9050,9061,9129,9058,8953,9105,8902,8983,8980,9089,8941,9100,8705,9038,8890,9044,8978,8948,9054,9067,8835,9049,9099,8949,9080,8961,9122,9067,8967,9144,9026,8892,8499,8804,8897,9093,8982,8976,9046,8951,9037,8902,9019,8994,9020,8996,9139,8939,8860,9155,9023,8967,9058,8601,8790,9070,8893,9021,9044,9085,8864,8719,9002,9028,9045,9101,8985,9112,8820,9141,9045,9037,9116,8958,9044,8331,9094,9040
2132,9023,9021,8978,8739,9176,9087,9031,9038,9104,8948,8994,8825,9053,8993,8999,8990,9006,9114,9050,9062,9131,9058,8953,9105,8902,8983,8981,9090,8941,9101,8706,9039,8892,9045,8979,8949,9055,9067,8835,9050,9100,8950,9081,8963,9122,9068,8967,9144,9026,8892,8499,8805,8898,9095,8983,8976,9047,8951,9038,8904,9020,8996,9020,8997,9139,8941,8861,9155,9023,8968,9058,8601,8792,9073,8893,9024,9044,9088,8864,8721,9003,9029,9046,9101,8985,9113,8820,9142,9045,9038,9117,8958,9046,8332,9094,9040
2133,9024,9021,8978,8739,9179,9089,9033,9038,9104,8948,8995,8825,9054,8993,9000,8990,9007,9114,9051,9063,9132,9059,8953,9105,8902,8983,8981,9091,8941,9102,8708,9040,8893,9045,8980,8949,9056,9067,8836,9051,9100,8950,9082,8966,9124,9070,8967,9145,9026,8892,8499,8806,8898,9097,8984,8977,9047,8952,9039,8906,9020,8996,9020,8998,9139,8944,8862,9156,9024,8971,9059,8604,8792,9076,8893,9025,9044,9088,8864,8721,9004,9030,9048,9102,8985,9113,8821,9145,9048,9038,9118,8959,9047,8332,9094,9040
2134,9024,9021,8978,8740,9180,9091,9033,9038,9105,8948,8995,8827,9055,8994,9000,8991,9012,9115,9051,9066,9133,9059,8955,9106,8903,8984,8983,9091,8941,9104,8709,9041,8893,9046,8981,8950,9059,9067,8836,9051,9102,8950,9084,8966,9127,9070,8967,9146,9026,8893,8500,8807,8898,9097,8984,8978,9047,8952,9039,8906,9022,8996,9020,8999,9140,8945,8862,9157,9024,8971,9059,8605,8792,9076,8893,9029,9044,9089,8864,8722,9005,9030,9048,9104,8987,9113,8821,9146,9049,9038,9118,8961,9048,8335,9094,9040
2135,9025,9021,8979,8740,9183,9092,9035,9038,9107,8948,8995,8827,9057,8997,9002,8991,9013,9119,9052,9067,9133,9059,8955,9106,8904,8984,8983,9094,8941,9104,8711,9042,8894,9047,8982,8950,9061,9068,8837,9051,9104,8950,9085,8967,9128,9071,8968,9146,9027,8895,8501,8808,8901,9098,8984,8980,9048,8953,9039,8907,9022,8996,9021,8999,9140,8945,8863,9159,9025,8972,9059,8605,8792,9077,8893,9030,9044,9089,8864,8722,9007,9031,9048,9105,8988,9115,8821,9146,9051,9038,9119,8962,9050,8335,9095,9040
2136,9025,9023,8980,8741,9184,9095,9037,9039,9107,8949,8995,8827,9057,8998,9002,8992,9014,9119,9052,9068,9133,9059,8955,9106,8905,8985,8984,9094,8941,9106,8711,9044,8895,9048,8982,8951,9062,9069,8839,9051,9106,8952,9085,8968,9128,9072,8969,9147,9027,8896,8503,8809,8902,9102,8984,8980,9048,8953,9040,8909,9022,8997,9022,8999,9141,8946,8863,9160,9026,8972,9060,8606,8792,9078,8894,9030,9048,9089,8865,8722,9008,9031,9050,9105,8988,9121,8822,9146,9055,9042,9119,8962,9050,8338,9095,9041
2137,9026,9023,8980,8743,9185,9096,9037,9039,9108,8951,8997,8828,9058,8999,9004,8992,9015,9119,9052,9070,9133,9059,8955,9107,8905,8985,8984,9095,8942,9107,8713,9044,8896,9048,8982,8953,9063,9069,8840,9051,9107,8952,9085,8970,9128,9072,8969,9147,9029,8896,8503,8811,8905,9103,8984,8982,9048,8953,9041,8909,9023,9000,9025,9000,9141,8946,8865,9161,9027,8972,9061,8606,8792,9079,8894,9032,9051,9090,8866,8722,9010,9033,9050,9107,8988,9121,8822,9147,9056,9042,9120,8963,9051,8338,9099,9041
2138,9026,9024,8980,8743,9185,9100,9037,9039,9108,8951,8998,8829,9058,8999,9006,8992,9015,9119,9055,9070,9134,9060,8955,9108,8905,8987,8984,9099,8942,9108,8716,9044,8897,9048,8984,8954,9066,9071,8840,9051,9110,8952,9085,8971,9128,9073,8969,9148,9030,8896,8504,8811,8906,9104,8984,8984,9048,8953,9041,8911,9023,9001,9025,9000,9141,8947,8865,9162,9028,8973,9062,8607,8794,9081,8894,9033,9054,9092,8867,8722,9010,9033,9051,9108,8988,9127,8823,9147,9057,9043,9120,8963,9053,8338,9099,9042
2139,9026,9025,8981,8745,9185,9100,9037,9039,9108,8951,8998,8829,9058,8999,9008,8993,9015,9119,9057,9071,9134,9061,8955,9109,8905,8987,8985,9100,8942,9110,8717,9044,8899,9048,8984,8954,9066,9071,8840,9051,9111,8953,9085,8972,9131,9074,8969,9148,9030,8897,8506,8813,8907,9105,8984,8984,9048,8955,9042,8913,9024,9001,9025,9002,9142,8947,8865,9163,9028,8973,9063,8607,8794,9084,8897,9034,9055,9093,8868,8722,9010,9035,9051,9110,8988,9127,8824,9148,9058,9045,9121,8963,9053,8339,9100,9042
2140,9026,9025,8984,8747,9186,9100,9040,9039,9109,8951,8998,8831,9058,9000,9009,8993,9016,9119,9057,9071,9135,9061,8955,9110,8905,8987,8986,9100,8942,9111,8718,9045,8899,9049,8984,8955,9066,9073,8840,9051,9113,8953,9085,8973,9132,9075,8969,9148,9030,8898,8507,8813,8907,9106,8984,8984,9050,8955,9042,8913,9024,9002,9025,9002,9142,8947,8865,9163,9028,8973,9064,8609,8794,9085,8897,9034,9055,9093,8869,8722,9010,9035,9052,9111,8989,9128,8824,9148,9058,9048,9121,8963,9054,8339,9102,9044
2141,9026,9026,8985,8748,9187,9100,9040,9039,9109,8951,8998,8832,9058,9002,9009,8993,9018,9119,9059,9075,9136,9061,8955,9110,8906,8987,8987,9101,8942,9113,8719,9045,8901,9050,8985,8955,9068,9073,8840,9051,9115,8953,9086,8973,9134,9075,8969,9149,9031,8900,8507,8813,8907,9106,8985,8985,9050,8955,9045,8914,9025,9005,9025,9003,9145,8948,8865,9164,9028,8974,9065,8610,8794,9086,8898,9036,9057,9095,8869,8722,9010,9037,9053,9113,8990,9131,8826,9149,9058,9049,9122,8963,9054,8340,9103,9046
2142,9026,9030,8985,8748,9187,9101,9040,9039,9109,8952,8998,8832,9058,9003,9010,8993,9019,9119,9060,9075,9138,9061,8955,9110,8907,8987,8987,9102,8942,9115,8719,9045,8901,9050,8986,8955,9068,9075,8841,9051,9116,8953,9086,8973,9134,9076,8971,9149,9031,8901,8507,8814,8907,9109,8985,8985,9050,8955,9049,8914,9026,9005,9027,9004,9146,8948,8865,9166,9028,8974,9066,8610,8794,9087,8900,9036,9058,9096,8869,8725,9010,9038,9055,9113,8990,9131,8826,9149,9059,9049,9125,8963,9054,8341,9103,9046
2143,9026,9031,8985,8751,9188,9102,9040,9039,9109,8952,8999,8832,9059,9003,9010,8993,9019,9119,9060,9075,9139,9063,8955,9110,8909,8989,8989,9102,8942,9117,8721,9045,8902,9051,8987,8956,9068,9075,8841,9052,9117,8954,9088,8975,9134,9077,8971,9151,9031,8903,8508,8815,8909,9109,8986,8985,9050,8955,9050,8916,9028,9005,9028,9004,9147,8949,8865,9167,9028,8975,9066,8610,8795,9087,8900,9038,9059,9098,8869,8725,9011,9038,9057,9113,8991,9135,8827,9149,9059,9050,9125,8963,9054,8343,9105,9046
2144,9026,9031,8985,8751,9188,9103,9040,9039,9111,8953,9000,8832,9061,9004,9011,8993,9019,9119,9061,9077,9140,9063,8956,9111,8909,8989,8991,9103,8943,9118,8721,9045,8902,9051,8987,8958,9068,9075,8843,9053,9122,8954,9088,8976,9134,9077,8972,9151,9032,8903,8508,8816,8909,9110,8989,8985,9050,8955,9051,8916,9029,9005,9028,9004,9148,8949,8865,9167,9029,8976,9067,8611,8797,9092,8901,9038,9059,9098,8869,8725,9013,9040,9058,9113,8991,9138,8827,9149,9062,9050,9125,8965,9055,8343,9105,9048
2145,9027,9033,8985,8751,9192,9104,9040,9040,9111,8953,9001,8834,9061,9005,9012,8993,9022,9120,9062,9078,9140,9063,8957,9112,8909,8989,8992,9104,8946,9121,8721,9045,8902,9052,8988,8959,9068,9075,8843,9056,9124,8955,9089,8977,9135,9077,8974,9153,9032,8903,8509,8817,8909,9111,8989,8985,9050,8956,9051,8916,9029,9006,9028,9004,9149,8949,8865,9167,9029,8977,9067,8611,8797,9093,8902,9039,9059,9098,8869,8725,9013,9042,9059,9115,8992,9140,8827,9149,9062,9051,9125,8965,9056,8343,9107,9049
2146,9028,9036,8987,8751,9193,9105,9041,9040,9111,8954,9001,8835,9061,9005,9012,8993,9024,9120,9063,9078,9140,9064,8958,9113,8909,8989,8992,9105,8946,9122,8723,9046,8903,9052,8988,8960,9068,9076,8843,9056,9126,8956,9089,8978,9135,9078,8974,9154,9032,8904,8510,8817,8910,9112,8989,8985,9050,8957,9051,8916,9029,9006,9030,9004,9149,8949,8865,9168,9031,8978,9067,8611,8797,9094,8906,9041,9059,9100,8869,8726,9015,9042,9061,9115,8992,9141,8827,9149,9065,9051,9126,8965,9058,8344,9107,9049
2147,9028,9036,8987,8751,9194,9105,9041,9043,9111,8954,9001,8836,9061,9005,9013,8993,9025,9120,9065,9079,9144,9065,8958,9113,8910,8989,8993,9105,8946,9124,8724,9046,8903,9052,8990,8961,9069,9076,8843,9056,9127,8957,9090,8978,9136,9079,8976,9154,9032,8904,8510,8817,8912,9112,8989,8985,9051,8957,9051,8917,9030,9007,9030,9005,9149,8949,8865,9168,9033,8978,9068,8611,8798,9096,8907,9044,9059,9100,8869,8728,9016,9042,9061,9117,8992,9142,8829,9149,9065,9052,9127,8965,9058,8344,9109,9050
2148,9028,9036,8988,8751,9195,9105,9042,9043,9114,8956,9002,8836,9061,9005,9013,8994,9025,9121,9065,9080,9144,9067,8958,9114,8911,8990,8993,9105,8947,9126,8724,9046,8903,9052,8991,8961,9070,9077,8843,9058,9127,8957,9093,8978,9136,9081,8977,9155,9034,8905,8510,8817,8914,9113,8990,8986,9051,8957,9052,8918,9030,9007,9030,9005,9150,8949,8865,9168,9033,8979,9069,8611,8798,9097,8907,9045,9059,9100,8869,8730,9018,9042,9062,9117,8992,9144,8830,9150,9065,9053,9129,8965,9059,8344,9109,9050
2149,9028,9038,8990,8751,9196,9105,9043,9044,9114,8956,9003,8836,9062,9007,9016,8994,9025,9124,9065,9080,9145,9068,8959,9114,8912,8990,8994,9105,8948,9126,8724,9047,8903,9052,8991,8963,9073,9077,8844,9059,9127,8957,9094,8978,9136,9082,8977,9157,9034,8906,8511,8817,8914,9114,8991,8988,9052,8959,9053,8918,9030,9008,9030,9005,9151,8950,8865,9168,9035,8979,9070,8612,8800,9098,8907,9048,9060,9100,8869,8731,9018,9042,9063,9118,8992,9145,8830,9150,9065,9053,9130,8965,9059,8344,9109,9050
2150,9030,9038,8993,8751,9196,9105,9044,9044,9114,8956,9003,8836,9062,9008,9016,8995,9026,9124,9066,9080,9145,9069,8960,9114,8913,8992,8994,9106,8950,9127,8724,9049,8903,9052,8994,8963,9073,9077,8844,9059,9128,8957,9094,8978,9136,9083,8977,9158,9036,8908,8511,8818,8914,9116,8991,8988,9053,8961,9053,8919,9031,9009,9031,9007,9153,8950,8865,9168,9035,8979,9071,8612,8802,9099,8907,9048,9062,9103,8869,8731,9019,9044,9065,9119,8993,9148,8831,9150,9066,9054,9131,8966,9061,8345,9109,9051
2151,9031,9038,8994,8751,9197,9105,9044,9046,9114,8956,9004,8836,9062,9009,9018,8995,9027,9125,9067,9080,9146,9070,8962,9114,8914,8992,8996,9107,8950,9127,8724,9049,8903,9052,8994,8965,9073,9078,8845,9059,9128,8958,9095,8978,9138,9083,8979,9160,9036,8909,8511,8819,8914,9117,8991,8988,9053,8961,9053,8921,9031,9009,9032,9008,9153,8950,8867,9168,9035,8980,9071,8613,8802,9101,8907,9048,9063,9105,8870,8731,9020,9044,9065,9119,8996,9149,8831,9151,9068,9054,9131,8966,9062,8346,9109,9051
2152,9032,9038,8995,8751,9197,9105,9045,9046,9115,8956,9006,8836,9064,9010,9018,8995,9028,9125,9067,9083,9148,9071,8965,9114,8914,8992,8997,9108,8951,9127,8724,9049,8903,9052,8994,8966,9073,9078,8845,9062,9130,8958,9095,8978,9138,9083,8981,9160,9038,8909,8512,8819,8914,9117,8993,8989,9053,8962,9055,8922,9033,9009,9032,9008,9154,8951,8867,9169,9035,8981,9071,8614,8802,9102,8908,9048,9063,9105,8871,8732,9020,9044,9065,9119,8997,9152,8831,9151,9069,9054,9132,8966,9062,8347,9109,9052
2153,9032,9038,8996,8751,9197,9106,9045,9047,9116,8956,9006,8837,9064,9010,9020,8996,9030,9126,9067,9083,9148,9071,8967,9114,8917,8993,8998,9110,8951,9128,8724,9050,8903,9054,8994,8967,9074,9079,8845,9063,9130,8960,9095,8979,9138,9083,8982,9160,9039,8911,8512,8820,8915,9118,8994,8990,9055,8962,9056,8924,9033,9009,9033,9008,9154,8951,8867,9170,9035,8981,9071,8616,8802,9103,8908,9048,9063,9106,8872,8734,9021,9044,9067,9119,8997,9153,8832,9151,9069,9054,9134,8966,9062,8347,9109,9052
2154,9032,9039,8996,8751,9198,9107,9046,9047,9117,8956,9006,8837,9065,9010,9021,8996,9032,9127,9067,9083,9149,9071,8967,9114,8917,8995,8998,9110,8951,9131,8725,9051,8904,9054,8994,8967,9074,9080,8847,9064,9130,8961,9096,8980,9139,9083,8983,9160,9040,8911,8513,8820,8916,9119,8995,8990,9057,8962,9056,8925,9034,9009,9035,9010,9156,8951,8867,9171,9035,8981,9072,8616,8803,9104,8908,9049,9063,9106,8873,8734,9022,9044,9068,9120,8997,9154,8832,9151,9069,9055,9134,8966,9063,8351,9109,9054
2155,9034,9040,8997,8751,9199,9109,9047,9048,9118,8957,9006,8838,9065,9011,9022,8998,9032,9127,9067,9083,9151,9075,8968,9115,8918,8997,8998,9111,8951,9135,8726,9052,8904,9054,8994,8967,9074,9080,8848,9064,9131,8962,9098,8981,9140,9083,8983,9160,9042,8911,8513,8823,8916,9119,8996,8991,9058,8962,9057,8925,9035,9011,9035,9010,9157,8951,8868,9171,9035,8981,9072,8617,8804,9105,8909,9049,9064,9107,8873,8735,9023,9044,9068,9120,8999,9157,8832,9151,9069,9056,9134,8966,9064,8352,9110,9054
2156,9034,9040,8997,8751,9203,9111,9049,9049,9118,8957,9008,8839,9066,9013,9022,8998,9034,9127,9067,9083,9151,9076,8969,9115,8918,8997,8998,9112,8951,9135,8727,9052,8905,9055,8994,8968,9075,9081,8850,9064,9133,8962,9098,8981,9141,9085,8985,9161,9042,8912,8514,8823,8916,9119,8997,8992,9058,8962,9059,8926,9035,9012,9036,9011,9157,8951,8868,9171,9036,8981,9072,8618,8804,9108,8910,9050,9065,9107,8874,8735,9024,9044,9069,9120,9000,9160,8832,9154,9070,9057,9135,8967,9066,8352,9111,9055
2157,9035,9040,8997,8751,9204,9113,9049,9049,9120,8957,9009,8839,9067,9013,9023,8998,9034,9128,9067,9084,9153,9077,8969,9115,8919,8999,9000,9112,8952,9138,8728,9052,8905,9055,8994,8968,9076,9081,8851,9065,9134,8962,9100,8981,9141,9085,8985,9161,9042,8912,8514,8823,8916,9122,8998,8992,9058,8962,9059,8926,9036,9013,9036,9012,9158,8951,8868,9171,9036,8982,9073,8618,8804,9109,8910,9052,9065,9108,8875,8735,9024,9044,9069,9120,9001,9161,8833,9154,9070,9057,9136,8968,9066,8354,9112,9056
2158,9036,9040,8997,8752,9205,9115,9049,9050,9120,8957,9009,8840,9068,9013,9023,8998,9034,9128,9069,9084,9156,9078,8969,9116,8920,8999,9001,9114,8952,9139,8728,9053,8905,9056,8995,8968,9076,9081,8852,9065,9134,8962,9100,8983,9142,9087,8987,9163,9042,8912,8515,8823,8916,9123,8998,8992,9059,8963,9061,8927,9038,9013,9037,9012,9158,8951,8868,9172,9036,8982,9073,8618,8804,9109,8910,9053,9066,9108,8875,8737,9024,9044,9070,9123,9001,9161,8834,9154,9071,9057,9137,8968,9066,8355,9112,9057
2159,9038,9041,8998,8753,9205,9115,9049,9050,9120,8957,9009,8840,9069,9013,9025,8998,9034,9129,9069,9087,9156,9078,8969,9116,8920,8999,9002,9116,8952,9139,8728,9054,8905,9056,8996,8968,9077,9082,8852,9066,9136,8963,9100,8983,9144,9088,8987,9164,9044,8912,8515,8823,8916,9123,8999,8993,9059,8964,9061,8927,9038,9014,9038,9012,9158,8952,8868,9173,9037,8983,9073,8618,8804,9109,8910,9055,9067,9108,8875,8737,9024,9045,9070,9123,9001,9164,8836,9154,9071,9057,9137,8969,9066,8356,9112,9057
2160,9038,9041,8998,8753,9205,9116,9049,9050,9121,8957,9009,8840,9069,9013,9026,8998,9034,9130,9070,9088,9157,9078,8969,9118,8920,9001,9002,9116,8953,9139,8728,9054,8905,9056,8996,8969,9078,9084,8852,9068,9137,8963,9100,8983,9145,9089,8987,9165,9044,8915,8515,8823,8916,9124,8999,8995,9059,8966,9065,8927,9039,9014,9038,9014,9158,8952,8868,9174,9038,8983,9073,8619,8805,9110,8910,9056,9067,9111,8878,8737,9025,9046,9071,9123,9001,9166,8836,9155,9072,9057,9139,8970,9067,8356,9112,9057
2161,9038,9042,8998,8753,9207,9117,9050,9051,9122,8957,9009,8840,9069,9013,9026,8999,9034,9131,9071,9090,9157,9078,8970,9118,8921,9001,9003,9116,8953,9140,8728,9054,8906,9056,8996,8971,9078,9085,8853,9069,9137,8963,9101,8984,9145,9089,8988,9165,9044,8915,8516,8824,8916,9124,9001,8995,9059,8967,9067,8928,9040,9015,9038,9014,9159,8953,8869,9177,9038,8983,9074,8619,8805,9111,8910,9061,9067,9111,8878,8738,9025,9047,9073,9124,9002,9168,8836,9155,9073,9057,9139,8970,9068,8356,9114,9057
2162,9038,9042,8998,8753,9208,9118,9050,9052,9122,8957,9009,8841,9069,9013,9026,9000,9034,9131,9071,9090,9158,9079,8970,9120,8921,9002,9004,9116,8953,9141,8728,9055,8906,9057,8999,8971,9078,9086,8854,9069,9138,8963,9101,8984,9146,9090,8988,9166,9044,8915,8516,8825,8916,9124,9002,8996,9061,8967,9067,8930,9040,9015,9041,9014,9160,8954,8869,9177,9038,8984,9074,8619,8806,9112,8910,9061,9067,9112,8878,8739,9025,9050,9073,9126,9003,9169,8836,9157,9073,9057,9139,8970,9071,8356,9115,9057
2163,9039,9043,9000,8753,9210,9120,9051,9053,9122,8957,9009,8842,9069,9013,9026,9000,9035,9131,9071,9090,9159,9080,8970,9120,8921,9002,9004,9119,8954,9142,8729,9055,8906,9058,8999,8972,9078,9086,8854,9071,9139,8967,9101,8984,9146,9090,8989,9167,9046,8915,8518,8825,8916,9126,9003,8997,9062,8967,9067,8931,9040,9015,9042,9015,9161,8954,8869,9178,9038,8984,9074,8619,8806,9112,8911,9061,9067,9114,8878,8739,9025,9050,9073,9126,9004,9170,8836,9157,9073,9057,9141,8970,9072,8358,9115,9057
2164,9040,9043,9003,8753,9210,9121,9051,9054,9123,8957,9009,8843,9069,9015,9026,9000,9035,9133,9072,9091,9160,9080,8971,9120,8922,9002,9004,9120,8954,9143,8729,9057,8906,9058,9000,8974,9078,9086,8854,9071,9140,8968,9102,8984,9148,9090,8990,9167,9049,8916,8518,8825,8916,9126,9003,8998,9064,8967,9068,8931,9040,9015,9042,9016,9162,8954,8870,9179,9039,8984,9075,8620,8806,9115,8912,9061,9067,9114,8879,8739,9025,9050,9074,9126,9005,9172,8836,9157,9074,9058,9142,8970,9073,8359,9115,9057
2165,9040,9045,9003,8755,9211,9123,9051,9055,9126,8958,9009,8843,9069,9015,9027,9001,9035,9135,9072,9091,9163,9080,8972,9120,8924,9003,9004,9120,8957,9144,8730,9057,8906,9059,9001,8974,9078,9086,8855,9071,9141,8970,9102,8984,9148,9090,8990,9168,9050,8916,8518,8825,8917,9127,9004,9000,9065,8967,9068,8931,9041,9015,9042,9016,9163,8955,8871,9179,9039,8984,9075,8620,8807,9115,8912,9062,9067,9114,8880,8740,9025,9050,9077,9127,9006,9173,8836,9158,9076,9059,9143,8971,9073,8360,9116,9057
2166,9040,9047,9005,8756,9211,9123,9051,9056,9127,8959,9009,8843,9069,9016,9028,9001,9035,9135,9072,9091,9163,9082,8974,9122,8925,9003,9004,9120,8957,9145,8731,9057,8907,9060,9001,8974,9078,9088,8855,9071,9141,8970,9102,8985,9148,9091,8991,9168,9050,8916,8518,8825,8917,9127,9005,9000,9065,8967,9070,8931,9041,9015,9042,9016,9165,8957,8871,9180,9039,8984,9077,8620,8807,9117,8913,9062,9068,9115,8880,8741,9025,9050,9078,9130,9008,9174,8836,9158,9076,9060,9144,8974,9074,8361,9117,9058
2167,9041,9048,9005,8756,9211,9123,9052,9058,9127,8959,9010,8844,9069,9016,9028,9002,9036,9136,9072,9091,9163,9082,8975,9123,8925,9003,9004,9120,8957,9146,8731,9058,8908,9061,9002,8974,9078,9088,8855,9072,9141,8971,9103,8985,9148,9091,8992,9168,9052,8916,8519,8826,8917,9127,9005,9000,9065,8967,9070,8931,9041,9015,9042,9016,9167,8958,8872,9181,9040,8985,9077,8620,8807,9117,8913,9062,9068,9116,8881,8741,9026,9051,9078,9130,9008,9174,8836,9159,9076,9060,9144,8976,9074,8361,9117,9059
2168,9042,9048,9005,8757,9211,9123,9055,9059,9127,8960,9010,8844,9069,9016,9030,9002,9037,9136,9073,9091,9165,9082,8977,9123,8925,9006,9004,9120,8957,9146,8733,9058,8909,9062,9002,8974,9079,9088,8855,9072,9142,8971,9103,8985,9148,9091,8993,9169,9053,8916,8520,8826,8917,9127,9007,9001,9066,8968,9072,8931,9042,9015,9043,9016,9167,8958,8872,9181,9042,8986,9077,8621,8807,9118,8913,9063,9068,9118,8881,8741,9028,9051,9078,9132,9008,9175,8836,9160,9078,9060,9144,8976,9075,8361,9117,9060
2169,9042,9050,9006,8758,9211,9123,9055,9059,9128,8960,9011,8844,9070,9018,9031,9003,9037,9137,9074,9092,9166,9083,8977,9124,8926,9009,9004,9120,8959,9148,8734,9060,8910,9063,9002,8975,9080,9089,8855,9072,9143,8972,9103,8985,9148,9091,8994,9170,9053,8916,8520,8826,8917,9127,9009,9001,9066,8968,9072,8931,9042,9016,9043,9016,9167,8959,8872,9182,9042,8987,9078,8621,8807,9119,8913,9064,9068,9119,8882,8742,9029,9051,9078,9132,9008,9179,8836,9161,9078,9060,9145,8976,9075,8362,9119,9060
2170,9042,9051,9006,8758,9212,9124,9056,9060,9128,8960,9011,8844,9071,9018,9032,9003,9038,9137,9075,9093,9166,9084,8977,9126,8926,9011,9005,9121,8960,9149,8734,9060,8910,9063,9002,8976,9080,9089,8855,9073,9145,8972,9104,8985,9148,9091,8994,9171,9054,8917,8522,8826,8918,9128,9009,9002,9066,8968,9072,8931,9042,9017,9043,9017,9170,8959,8872,9182,9042,8988,9078,8621,8807,9119,8913,9066,9068,9119,8882,8742,9029,9053,9079,9132,9008,9181,8836,9162,9079,9061,9145,8977,9075,8363,9119,9060
2171,9043,9051,9007,8759,9214,9126,9058,9060,9128,8961,9012,8845,9072,9018,9032,9004,9038,9138,9076,9093,9166,9084,8977,9127,8926,9012,9005,9122,8960,9150,8734,9062,8911,9063,9002,8977,9081,9091,8855,9073,9146,8972,9104,8986,9148,9091,8994,9171,9054,8917,8522,8827,8918,9128,9009,9002,9067,8968,9074,8933,9043,9017,9044,9019,9170,8960,8873,9183,9042,8989,9078,8621,8809,9120,8913,9067,9068,9119,8882,8742,9030,9053,9079,9136,9008,9182,8836,9162,9079,9064,9145,8977,9075,8363,9120,9060
2172,9044,9051,9008,8759,9215,9126,9058,9060,9128,8961,9012,8845,9072,9018,9032,9004,9038,9140,9076,9093,9166,9085,8977,9128,8928,9013,9005,9123,8960,9151,8735,9062,8911,9063,9002,8978,9082,9091,8855,9074,9146,8972,9105,8987,9151,9093,8994,9172,9056,8919,8522,8827,8918,9129,9009,9002,9067,8968,9075,8933,9044,9018,9045,9020,9170,8960,8874,9183,9042,8990,9078,8621,8809,9120,8914,9068,9070,9119,8882,8743,9030,9054,9079,9137,9008,9183,8836,9162,9079,9064,9145,8978,9076,8363,9120,9060
2173,9044,9052,9009,8759,9216,9128,9058,9060,9128,8962,9012,8845,9072,9018,9032,9005,9038,9141,9077,9094,9167,9085,8977,9128,8929,9013,9005,9123,8962,9152,8735,9062,8911,9063,9003,8978,9083,9092,8855,9075,9148,8973,9106,8987,9151,9093,8994,9172,9056,8920,8522,8827,8918,9129,9011,9003,9067,8969,9076,8933,9044,9018,9046,9021,9171,8960,8874,9184,9042,8991,9078,8621,8809,9123,8914,9068,9071,9120,8882,8744,9031,9055,9079,9137,9008,9190,8836,9162,9079,9064,9145,8980,9076,8364,9120,9061
2174,9044,9052,9009,8759,9217,9129,9058,9060,9128,8962,9013,8846,9072,9018,9032,9005,9038,9141,9078,9094,9168,9087,8977,9128,8930,9013,9006,9123,8962,9154,8736,9065,8912,9063,9003,8978,9086,9092,8855,9076,9149,8973,9106,8989,9151,9093,8996,9173,9056,8920,8524,8828,8918,9130,9012,9003,9067,8969,9076,8934,9044,9018,9046,9021,9171,8960,8874,9184,9043,8991,9079,8621,8809,9124,8915,9069,9072,9120,8882,8745,9031,9055,9079,9138,9009,9191,8838,9162,9079,9066,9145,8980,9077,8364,9120,9061
2175,9044,9053,9009,8760,9218,9129,9058,9060,9128,8962,9013,8846,9072,9018,9032,9005,9038,9142,9078,9094,9168,9087,8978,9128,8931,9013,9006,9123,8962,9156,8736,9065,8912,9063,9004,8978,9088,9093,8855,9076,9150,8974,9106,8989,9151,9093,8996,9173,9057,8920,8524,8829,8918,9131,9012,9005,9068,8969,9076,8934,9044,9018,9046,9023,9171,8960,8874,9185,9043,8992,9079,8622,8809,9126,8915,9070,9073,9121,8882,8746,9031,9055,9079,9139,9009,9192,8838,9162,9080,9066,9145,8980,9077,8364,9121,9061
2176,9044,9054,9009,8760,9218,9129,9058,9061,9128,8963,9013,8847,9072,9018,9032,9007,9038,9144,9078,9094,9169,9088,8978,9128,8932,9013,9007,9123,8962,9156,8737,9067,8914,9063,9005,8978,9088,9093,8855,9076,9151,8975,9106,8989,9151,9095,8997,9174,9057,8920,8524,8829,8918,9131,9013,9005,9069,8971,9077,8934,9045,9018,9046,9024,9172,8960,8874,9185,9044,8992,9079,8622,8810,9126,8915,9071,9073,9122,8882,8747,9032,9056,9079,9139,9010,9193,8839,9162,9081,9068,9145,8980,9077,8365,9121,9061
2177,9044,9056,9009,8760,9218,9131,9058,9062,9128,8964,9014,8848,9073,9020,9032,9007,9038,9144,9078,9094,9171,9088,8978,9128,8932,9017,9008,9125,8963,9157,8737,9069,8915,9064,9008,8979,9089,9093,8857,9078,9151,8975,9106,8990,9151,9095,8998,9174,9058,8921,8525,8829,8918,9131,9013,9005,9069,8971,9077,8935,9045,9018,9046,9024,9172,8960,8874,9187,9044,8993,9080,8622,8810,9127,8915,9072,9073,9124,8884,8747,9033,9056,9079,9139,9010,9193,8840,9162,9083,9068,9145,8980,9077,8365,9121,9061
2178,9045,9056,9011,8760,9219,9131,9058,9062,9129,8964,9014,8849,9073,9020,9033,9009,9038,9144,9078,9095,9171,9089,8978,9128,8932,9018,9009,9125,8964,9157,8739,9069,8916,9065,9009,8979,9089,9093,8857,9078,9151,8975,9106,8990,9151,9095,9000,9174,9060,8921,8525,8829,8918,9132,9013,9005,9069,8972,9078,8936,9045,9018,9048,9025,9172,8960,8875,9188,9046,8993,9080,8622,8810,9128,8915,9073,9076,9124,8885,8748,9034,9056,9082,9139,9011,9196,8840,9162,9084,9069,9145,8981,9077,8366,9121,9061
2179,9046,9056,9012,8760,9219,9131,9058,9062,9131,8964,9015,8849,9073,9020,9033,9010,9039,9144,9078,9096,9172,9089,8978,9128,8932,9021,9009,9126,8964,9157,8739,9069,8916,9065,9011,8980,9089,9093,8858,9078,9151,8977,9107,8990,9151,9095,9000,9175,9062,8921,8525,8830,8918,9133,9014,9005,9069,8972,9078,8936,9045,9018,9048,9025,9172,8960,8876,9188,9047,8994,9080,8622,8812,9128,8915,9073,9077,9124,8885,8748,9035,9056,9084,9140,9012,9197,8841,9162,9086,9070,9145,8981,9077,8366,9122,9062
2180,9047,9057,9012,8761,9220,9132,9059,9062,9131,8964,9015,8849,9075,9020,9033,9010,9039,9147,9079,9097,9174,9090,8980,9129,8932,9022,9009,9126,8965,9158,8740,9069,8916,9065,9011,8980,9090,9093,8858,9078,9154,8978,9107,8992,9151,9095,9000,9176,9064,8921,8528,8832,8920,9134,9015,9005,9070,8972,9078,8936,9045,9018,9048,9025,9172,8961,8877,9188,9047,8994,9080,8622,8814,9128,8915,9075,9078,9124,8885,8749,9038,9056,9085,9140,9012,9197,8841,9162,9086,9070,9145,8982,9079,8367,9122,9063
2181,9048,9057,9012,8761,9221,9132,9059,9062,9132,8964,9016,8850,9075,9020,9033,9010,9039,9148,9080,9098,9177,9092,8980,9129,8932,9023,9009,9126,8965,9159,8740,9069,8918,9065,9011,8981,9091,9093,8858,9078,9154,8979,9107,8992,9152,9096,9000,9176,9064,8921,8528,8832,8920,9134,9015,9006,9070,8973,9078,8936,9046,9018,9049,9026,9173,8961,8878,9188,9048,8994,9080,8622,8814,9130,8915,9076,9079,9124,8885,8750,9038,9056,9085,9140,9012,9198,8841,9162,9087,9071,9145,8982,9079,8367,9123,9064
2182,9048,9058,9013,8761,9222,9132,9059,9062,9134,8964,9019,8851,9077,9021,9033,9010,9040,9148,9080,9099,9178,9093,8980,9130,8933,9023,9010,9126,8965,9160,8741,9069,8919,9066,9011,8981,9091,9093,8858,9081,9156,8979,9107,8993,9152,9098,9001,9176,9064,8922,8528,8832,8920,9135,9015,9006,9070,8974,9078,8936,9046,9018,9049,9026,9173,8962,8878,9189,9048,8994,9081,8623,8814,9130,8915,9076,9080,9125,8885,8750,9038,9057,9085,9141,9012,9198,8843,9164,9088,9071,9145,8984,9079,8368,9123,9064
2183,9048,9058,9013,8761,9222,9133,9059,9062,9134,8964,9019,8851,9077,9021,9033,9010,9042,9148,9080,9099,9179,9094,8981,9130,8933,9023,9010,9126,8965,9161,8742,9070,8919,9066,9011,8982,9091,9094,8858,9081,9157,8981,9107,8993,9152,9098,9003,9176,9064,8922,8529,8833,8921,9136,9015,9007,9071,8974,9078,8936,9047,9019,9049,9026,9173,8962,8878,9189,9048,8995,9081,8624,8815,9131,8915,9077,9080,9125,8886,8750,9038,9058,9087,9142,9012,9200,8845,9164,9088,9071,9146,8984,9079,8369,9123,9064
2184,9048,9058,9013,8762,9223,9134,9060,9062,9134,8965,9019,8852,9077,9021,9034,9010,9042,9148,9080,9099,9179,9094,8982,9130,8933,9024,9010,9127,8965,9162,8742,9073,8919,9067,9011,8982,9092,9094,8858,9082,9157,8982,9107,8993,9152,9098,9004,9176,9064,8922,8530,8833,8921,9136,9015,9008,9072,8976,9078,8936,9048,9019,9050,9027,9174,8964,8879,9190,9048,8996,9081,8625,8815,9133,8916,9077,9080,9125,8888,8750,9038,9059,9087,9142,9012,9201,8846,9164,9089,9072,9146,8985,9080,8369,9123,9064
2185,9048,9059,9014,8762,9223,9136,9060,9062,9134,8965,9021,8852,9077,9022,9035,9010,9043,9148,9080,9100,9180,9095,8982,9131,8934,9024,9010,9127,8965,9164,8742,9075,8919,9067,9011,8983,9092,9095,8858,9082,9157,8982,9107,8993,9152,9099,9004,9177,9065,8923,8530,8833,8922,9137,9016,9008,9072,8976,9080,8937,9048,9019,9051,9028,9174,8966,8879,9190,9048,8997,9084,8625,8815,9133,8917,9077,9080,9125,8888,8750,9038,9059,9087,9144,9012,9203,8848,9165,9089,9072,9147,8986,9080,8369,9123,9064
2186,9048,9059,9014,8762,9225,9138,9060,9063,9134,8965,9021,8852,9078,9022,9037,9011,9043,9148,9081,9101,9182,9095,8982,9132,8935,9026,9011,9127,8967,9166,8743,9075,8919,9068,9011,8983,9093,9095,8858,9082,9158,8982,9107,8993,9152,9099,9005,9178,9066,8923,8531,8833,8923,9137,9016,9008,9072,8977,9080,8938,9049,9019,9051,9029,9174,8967,8879,9190,9048,8998,9084,8626,8815,9134,8918,9077,9080,9125,8888,8750,9038,9061,9088,9145,9012,9204,8848,9165,9089,9073,9148,8986,9080,8371,9123,9064
2187,9048,9061,9016,8764,9226,9139,9061,9064,9135,8965,9022,8853,9081,9023,9037,9012,9046,9148,9081,9102,9185,9095,8982,9133,8936,9027,9011,9127,8968,9167,8744,9075,8920,9068,9012,8983,9093,9095,8858,9083,9159,8982,9107,8994,9152,9099,9005,9178,9067,8923,8531,8834,8924,9138,9016,9009,9072,8978,9080,8939,9050,9019,9051,9029,9174,8967,8880,9190,9049,8998,9086,8627,8815,9135,8918,9077,9080,9125,8888,8750,9038,9062,9088,9145,9015,9205,8848,9165,9089,9073,9150,8986,9080,8371,9123,9064
2188,9048,9061,9016,8764,9226,9139,9062,9066,9137,8965,9022,8853,9081,9023,9037,9013,9047,9148,9081,9105,9186,9095,8982,9133,8937,9027,9011,9128,8968,9168,8744,9076,8920,9069,9012,8983,9094,9095,8858,9084,9162,8982,9107,8994,9152,9099,9005,9179,9067,8923,8531,8834,8924,9138,9018,9009,9072,8981,9082,8939,9051,9019,9052,9030,9174,8967,8880,9190,9049,8999,9087,8628,8817,9136,8918,9077,9080,9125,8888,8751,9040,9062,9090,9145,9016,9206,8848,9165,9089,9073,9151,8987,9080,8371,9123,9064
2189,9048,9061,9016,8765,9227,9139,9062,9066,9137,8966,9022,8853,9081,9023,9037,9015,9047,9149,9082,9106,9187,9095,8983,9135,8938,9027,9011,9128,8969,9170,8744,9076,8920,9069,9012,8984,9094,9095,8859,9084,9163,8982,9108,8994,9153,9099,9005,9179,9068,8924,8532,8834,8924,9138,9018,9009,9072,8981,9082,8939,9051,9020,9053,9031,9174,8967,8880,9190,9049,8999,9087,8629,8817,9137,8918,9079,9080,9126,8888,8751,9040,9062,9090,9145,9016,9208,8848,9165,9089,9073,9152,8987,9080,8372,9123,9064
2190,9049,9062,9016,8766,9227,9142,9062,9066,9137,8966,9022,8853,9082,9023,9038,9015,9048,9150,9082,9106,9187,9095,8983,9137,8938,9027,9013,9128,8969,9171,8745,9076,8920,9070,9012,8986,9095,9095,8859,9084,9165,8982,9108,8995,9154,9099,9005,9179,9068,8924,8532,8834,8925,9139,9018,9009,9072,8981,9082,8939,9051,9020,9054,9032,9174,8967,8880,9190,9050,9002,9087,8630,8819,9138,8918,9079,9081,9127,8889,8751,9040,9062,9090,9145,9016,9208,8848,9165,9090,9073,9153,8987,9080,8373,9123,9066
2191,9050,9063,9016,8766,9227,9144,9062,9066,9137,8967,9022,8854,9082,9024,9038,9015,9048,9150,9082,9106,9189,9098,8983,9137,8938,9027,9014,9128,8969,9171,8745,9076,8920,9070,9012,8987,9096,9095,8862,9085,9165,8982,9108,8995,9154,9100,9005,9179,9068,8924,8532,8835,8925,9139,9019,9011,9072,8982,9083,8941,9051,9021,9054,9032,9174,8968,8880,9191,9051,9003,9087,8630,8819,9141,8919,9080,9082,9127,8889,8751,9041,9062,9091,9146,9016,9208,8848,9165,9091,9073,9153,8987,9080,8374,9123,9066
2192,9050,9065,9017,8767,9227,9144,9062,9066,9137,8967,9022,8854,9082,9024,9038,9015,9049,9151,9083,9106,9190,9098,8984,9137,8938,9027,9016,9130,8969,9173,8745,9077,8921,9070,9012,8989,9096,9095,8863,9086,9165,8984,9109,8996,9154,9101,9005,9181,9069,8924,8532,8836,8925,9139,9019,9011,9072,8982,9085,8941,9051,9021,9055,9032,9175,8968,8880,9191,9052,9003,9087,8630,8820,9142,8919,9085,9084,9127,8889,8751,9041,9063,9092,9146,9016,9209,8848,9166,9091,9074,9153,8987,9082,8377,9123,9066
2193,9050,9066,9017,8767,9228,9144,9062,9066,9137,8968,9022,8854,9083,9024,9040,9016,9049,9151,9084,9107,9190,9098,8984,9137,8938,9027,9016,9131,8969,9173,8745,9079,8922,9072,9012,8989,9096,9095,8863,9086,9165,8984,9110,8996,9154,9101,9005,9181,9071,8924,8533,8837,8925,9139,9020,9011,9072,8982,9088,8941,9051,9021,9055,9033,9176,8969,8881,9191,9052,9004,9089,8630,8820,9144,8919,9089,9086,9128,8889,8752,9042,9063,9094,9146,9016,9209,8848,9166,9091,9074,9153,8988,9083,8378,9124,9066
2194,9053,9066,9018,8767,9228,9144,9063,9066,9137,8968,9022,8854,9085,9024,9040,9016,9051,9151,9085,9108,9191,9098,8984,9138,8938,9030,9016,9133,8969,9174,8745,9079,8922,9072,9013,8989,9098,9096,8863,9086,9165,8984,9110,8996,9155,9102,9005,9181,9071,8924,8534,8839,8926,9139,9022,9013,9072,8982,9088,8941,9052,9021,9055,9033,9177,8970,8881,9192,9052,9004,9089,8630,8820,9145,8919,9090,9087,9129,8889,8752,9042,9064,9094,9146,9018,9209,8848,9166,9091,9074,9153,8989,9083,8380,9124,9066
2195,9053,9066,9020,8768,9229,9144,9063,9067,9138,8969,9022,8854,9085,9024,9040,9016,9054,9151,9086,9108,9192,9099,8984,9140,8938,9030,9016,9134,8970,9175,8746,9080,8922,9072,9014,8989,9099,9096,8863,9086,9166,8984,9110,8997,9155,9102,9005,9181,9072,8925,8534,8839,8927,9142,9022,9013,9072,8982,9088,8941,9052,9022,9055,9033,9177,8971,8883,9192,9052,9005,9089,8630,8820,9146,8919,9091,9088,9130,8891,8753,9043,9064,9094,9147,9018,9211,8848,9167,9092,9074,9155,8989,9083,8381,9124,9066
2196,9053,9066,9020,8768,9229,9145,9064,9067,9139,8969,9023,8855,9085,9024,9040,9016,9054,9152,9087,9108,9194,9099,8986,9140,8939,9031,9016,9135,8970,9176,8748,9080,8922,9072,9014,8989,9099,9096,8864,9086,9168,8984,9110,8997,9155,9104,9005,9182,9073,8927,8534,8839,8927,9142,9022,9013,9072,8982,9090,8941,9052,9022,9055,9033,9179,8971,8883,9192,9052,9005,9090,8631,8820,9146,8920,9092,9089,9130,8891,8753,9044,9064,9094,9147,9020,9211,8848,9167,9093,9074,9155,8990,9084,8381,9124,9066
2197,9054,9066,9020,8768,9229,9145,9064,9068,9139,8969,9023,8855,9085,9026,9040,9016,9054,9152,9088,9108,9194,9099,8987,9140,8940,9032,9016,9135,8970,9177,8748,9080,8923,9074,9015,8989,9102,9096,8866,9086,9168,8984,9110,8998,9156,9104,9005,9184,9073,8927,8537,8840,8927,9142,9022,9013,9072,8982,9092,8942,9054,9022,9055,9034,9180,8971,8883,9193,9054,9005,9090,8632,8820,9149,8920,9093,9090,9130,8891,8753,9044,9064,9094,9147,9020,9212,8848,9167,9094,9074,9156,8990,9087,8383,9125,9066
2198,9054,9068,9020,8768,9230,9149,9064,9068,9139,8970,9023,8855,9085,9027,9041,9016,9054,9153,9088,9108,9195,9101,8988,9140,8940,9032,9018,9136,8973,9178,8749,9081,8924,9074,9015,8991,9102,9098,8866,9087,9170,8985,9110,8998,9158,9104,9006,9184,9073,8927,8537,8840,8927,9142,9023,9013,9072,8983,9092,8942,9055,9023,9056,9034,9180,8971,8883,9194,9054,9006,9090,8633,8820,9150,8922,9093,9090,9131,8891,8753,9045,9064,9094,9147,9020,9214,8848,9167,9095,9075,9157,8990,9088,8383,9125,9066
2199,9054,9069,9021,8768,9230,9150,9066,9068,9139,8970,9023,8855,9086,9027,9042,9016,9054,9153,9089,9109,9196,9101,8988,9140,8940,9032,9020,9136,8974,9178,8750,9081,8925,9074,9015,8991,9102,9098,8869,9089,9174,8985,9111,8998,9159,9105,9008,9184,9073,8927,8539,8842,8927,9144,9024,9013,9072,8983,9092,8942,9055,9023,9056,9034,9180,8971,8884,9194,9054,9006,9091,8633,8820,9150,8922,9093,9090,9132,8893,8753,9045,9064,9094,9147,9021,9215,8849,9167,9096,9076,9157,8990,9088,8384,9125,9068
2200,9054,9069,9021,8768,9230,9150,9066,9069,9140,8970,9023,8856,9087,9027,9043,9016,9056,9155,9089,9110,9196,9102,8990,9141,8940,9032,9020,9136,8974,9179,8751,9082,8925,9074,9015,8991,9103,9098,8870,9090,9174,8985,9113,8999,9159,9107,9008,9184,9075,8927,8539,8842,8927,9146,9025,9014,9073,8983,9092,8943,9055,9023,9058,9034,9181,8971,8884,9195,9054,9006,9091,8634,8820,9152,8922,9094,9090,9133,8893,8754,9045,9064,9094,9147,9022,9217,8850,9168,9096,9076,9158,8991,9088,8384,9126,9068
2201,9055,9069,9021,8768,9230,9151,9068,9069,9140,8970,9024,8856,9088,9027,9043,9016,9056,9155,9089,9110,9197,9102,8991,9141,8940,9032,9020,9136,8974,9180,8752,9082,8927,9074,9015,8991,9103,9099,8870,9091,9176,8985,9114,8999,9159,9109,9011,9186,9075,8927,8539,8842,8927,9147,9025,9015,9073,8984,9094,8943,9055,9023,9058,9034,9181,8971,8884,9198,9054,9006,9091,8636,8820,9153,8922,9094,9090,9135,8893,8754,9045,9065,9094,9147,9023,9219,8850,9168,9098,9077,9158,8991,9088,8384,9126,9069
2202,9055,9069,9021,8768,9231,9152,9069,9070,9140,8971,9024,8856,9089,9029,9044,9017,9057,9156,9089,9110,9198,9102,8991,9141,8940,9032,9020,9137,8975,9180,8752,9082,8927,9074,9016,8991,9105,9099,8870,9091,9176,8985,9114,8999,9160,9110,9012,9189,9075,8927,8539,8843,8928,9148,9026,9015,9073,8984,9094,8943,9058,9023,9058,9035,9181,8971,8884,9198,9054,9007,9091,8637,8821,9155,8922,9094,9090,9135,8893,8755,9045,9065,9094,9147,9024,9219,8852,9168,9098,9077,9158,8991,9088,8384,9126,9072
2203,9055,9069,9021,8768,9231,9155,9070,9070,9140,8972,9024,8856,9089,9030,9046,9017,9057,9157,9092,9110,9199,9102,8991,9143,8940,9032,9020,9138,8975,9180,8753,9085,8928,9074,9016,8993,9105,9099,8870,9091,9178,8985,9114,8999,9160,9110,9012,9189,9075,8928,8539,8843,8928,9149,9027,9016,9074,8984,9095,8943,9058,9024,9058,9035,9182,8971,8884,9199,9054,9008,9091,8637,8821,9155,8922,9094,9091,9135,8893,8757,9046,9066,9096,9148,9024,9223,8852,9168,9098,9078,9158,8991,9088,8384,9127,9074
2204,9055,9069,9022,8769,9232,9155,9070,9070,9141,8972,9025,8856,9089,9031,9046,9017,9057,9158,9094,9111,9200,9102,8991,9143,8940,9032,9020,9138,8975,9181,8754,9085,8928,9074,9016,8995,9107,9099,8870,9091,9178,8985,9116,8999,9161,9110,9012,9190,9075,8928,8539,8844,8928,9150,9027,9017,9074,8984,9097,8943,9060,9025,9058,9035,9182,8972,8886,9200,9054,9009,9091,8637,8821,9156,8922,9094,9091,9135,8894,8758,9046,9068,9096,9148,9024,9224,8852,9169,9098,9079,9159,8991,9089,8385,9127,9075
2205,9056,9069,9022,8770,9233,9156,9071,9070,9142,8972,9025,8857,9089,9032,9047,9017,9057,9158,9095,9113,9202,9102,8992,9144,8940,9032,9020,9139,8975,9182,8754,9088,8929,9074,9017,8996,9108,9099,8871,9092,9178,8985,9116,8999,9163,9111,9012,9190,9076,8928,8539,8845,8928,9151,9027,9017,9074,8985,9097,8943,9060,9026,9060,9035,9182,8973,8886,9200,9054,9009,9091,8637,8821,9158,8923,9094,9092,9136,8894,8759,9047,9069,9098,9149,9024,9224,8853,9169,9098,9079,9161,8991,9091,8385,9128,9075
2206,9056,9069,9022,8770,9233,9158,9072,9070,9142,8972,9025,8858,9089,9033,9047,9019,9058,9158,9096,9113,9204,9103,8992,9144,8940,9032,9021,9140,8975,9182,8755,9088,8929,9074,9018,8996,9108,9099,8871,9092,9180,8986,9116,8999,9164,9111,9012,9190,9076,8929,8539,8846,8930,9152,9028,9017,9074,8985,9098,8945,9060,9027,9060,9035,9183,8973,8888,9201,9054,9010,9092,8637,8821,9159,8924,9094,9092,9136,8894,8759,9048,9070,9098,9150,9024,9225,8854,9170,9098,9079,9162,8991,9091,8388,9130,9075
2207,9056,9069,9023,8770,9234,9159,9074,9070,9144,8973,9025,8859,9089,9034,9047,9019,9059,9158,9097,9113,9207,9105,8992,9144,8942,9033,9021,9140,8975,9183,8755,9088,8929,9074,9018,8996,9109,9100,8871,9092,9181,8987,9116,9000,9164,9112,9012,9192,9077,8929,8540,8847,8930,9153,9030,9018,9075,8985,9098,8945,9060,9027,9060,9035,9183,8973,8889,9203,9054,9010,9093,8637,8821,9161,8924,9096,9092,9136,8894,8760,9048,9070,9100,9150,9026,9225,8854,9170,9098,9080,9162,8991,9092,8388,9130,9076
2208,9057,9071,9023,8770,9237,9159,9074,9071,9144,8973,9025,8860,9089,9035,9048,9019,9059,9160,9097,9113,9208,9106,8994,9145,8942,9033,9022,9141,8975,9184,8755,9089,8929,9074,9018,8996,9109,9100,8871,9093,9182,8988,9116,9001,9164,9112,9012,9192,9078,8929,8540,8847,8930,9153,9030,9019,9076,8986,9098,8946,9060,9027,9061,9035,9183,8973,8890,9204,9054,9010,9093,8637,8821,9161,8926,9097,9092,9137,8894,8760,9048,9070,9100,9151,9026,9227,8854,9170,9098,9082,9162,8992,9092,8388,9130,9077
2209,9057,9072,9023,8770,9237,9159,9075,9073,9144,8974,9026,8861,9089,9035,9049,9019,9059,9160,9097,9114,9208,9106,8996,9145,8942,9033,9022,9143,8975,9184,8755,9089,8929,9074,9019,8999,9110,9100,8871,9093,9182,8988,9117,9001,9164,9112,9013,9193,9078,8930,8540,8847,8930,9154,9030,9019,9076,8986,9099,8947,9060,9028,9061,9036,9184,8974,8890,9205,9055,9011,9093,8637,8821,9162,8926,9098,9092,9137,8894,8760,9049,9070,9101,9151,9026,9227,8854,9170,9098,9083,9162,8993,9092,8388,9131,9077
2210,9057,9073,9023,8771,9237,9159,9075,9073,9144,8975,9026,8861,9089,9035,9049,9019,9059,9161,9098,9114,9209,9107,8996,9146,8942,9033,9022,9144,8975,9184,8757,9090,8929,9075,9019,9001,9110,9100,8871,9093,9183,8989,9118,9001,9164,9112,9013,9194,9079,8930,8541,8847,8930,9156,9030,9019,9076,8986,9099,8948,9060,9028,9061,9037,9185,8974,8890,9205,9055,9011,9094,8637,8822,9162,8926,9100,9092,9137,8896,8760,9049,9070,9101,9152,9027,9228,8854,9171,9098,9083,9162,8995,9092,8388,9132,9077
2211,9057,9073,9023,8772,9237,9160,9076,9073,9144,8975,9026,8861,9089,9035,9049,9019,9059,9161,9098,9115,9210,9107,8996,9146,8942,9033,9023,9145,8976,9186,8757,9090,8929,9075,9019,9002,9110,9101,8871,9094,9185,8991,9119,9002,9165,9112,9013,9195,9079,8930,8542,8847,8930,9157,9030,9022,9078,8986,9100,8949,9062,9028,9061,9037,9185,8974,8891,9205,9055,9012,9096,8637,8822,9163,8926,9100,9092,9137,8896,8760,9049,9070,9101,9152,9028,9230,8854,9172,9098,9083,9162,8995,9093,8390,9132,9077
2212,9057,9073,9024,8772,9238,9162,9076,9073,9144,8975,9026,8862,9091,9035,9049,9019,9059,9162,9099,9115,9211,9108,8997,9146,8943,9033,9023,9145,8976,9186,8757,9090,8930,9075,9019,9002,9111,9103,8871,9094,9185,8992,9120,9002,9166,9114,9014,9195,9081,8930,8542,8847,8931,9159,9033,9022,9078,8989,9101,8949,9062,9028,9061,9037,9185,8974,8892,9205,9055,9012,9097,8637,8822,9166,8927,9101,9093,9138,8896,8761,9050,9070,9102,9152,9029,9230,8856,9173,9098,9083,9162,8995,9093,8390,9132,9077
2213,9057,9073,9024,8774,9238,9163,9076,9073,9145,8975,9026,8863,9092,9035,9049,9019,9059,9164,9099,9116,9213,9108,8999,9147,8943,9033,9023,9145,8976,9186,8757,9091,8930,9075,9019,9002,9111,9105,8871,9094,9186,8992,9120,9002,9166,9115,9014,9196,9082,8931,8543,8847,8931,9159,9034,9022,9078,8989,9101,8949,9062,9028,9062,9037,9186,8975,8893,9205,9055,9012,9098,8637,8822,9167,8928,9101,9093,9138,8896,8761,9050,9070,9102,9152,9029,9231,8858,9173,9098,9084,9163,8995,9093,8390,9132,9077
2214,9057,9073,9024,8774,9240,9163,9076,9074,9146,8976,9026,8863,9092,9035,9049,9019,9062,9165,9099,9116,9214,9109,8999,9147,8945,9034,9024,9146,8976,9186,8757,9091,8931,9075,9019,9003,9112,9105,8871,9094,9186,8992,9120,9002,9167,9115,9014,9199,9082,8932,8543,8847,8931,9160,9034,9022,9079,8989,9101,8949,9063,9028,9063,9038,9186,8975,8894,9205,9055,9013,9098,8638,8822,9169,8929,9101,9094,9138,8897,8761,9051,9070,9102,9152,9029,9232,8858,9174,9098,9085,9163,8995,9093,8390,9132,9077
2215,9057,9074,9024,8774,9241,9164,9076,9075,9146,8976,9027,8863,9092,9035,9049,9019,9062,9165,9099,9116,9214,9109,9000,9147,8945,9036,9024,9146,8977,9187,8758,9091,8931,9076,9019,9003,9112,9105,8872,9094,9186,8992,9120,9003,9168,9116,9014,9199,9082,8933,8544,8847,8934,9160,9034,9022,9079,8989,9101,8949,9063,9029,9064,9038,9187,8976,8895,9207,9055,9013,9099,8638,8822,9170,8929,9101,9094,9139,8897,8762,9051,9070,9102,9154,9029,9235,8858,9174,9098,9086,9163,8995,9093,8390,9132,9078
2216,9057,9074,9024,8774,9241,9165,9077,9075,9147,8976,9028,8867,9093,9035,9050,9019,9063,9165,9099,9116,9215,9109,9000,9147,8945,9037,9025,9146,8977,9187,8759,9091,8931,9076,9019,9003,9113,9105,8872,9095,9186,8992,9120,9003,9168,9116,9014,9199,9083,8934,8544,8847,8934,9160,9035,9023,9079,8990,9101,8950,9064,9029,9064,9038,9187,8976,8895,9207,9055,9013,9100,8638,8822,9172,8930,9101,9094,9139,8897,8762,9051,9070,9102,9154,9029,9235,8858,9174,9098,9087,9163,8995,9093,8390,9132,9078
2217,9058,9076,9024,8774,9241,9165,9077,9075,9148,8978,9029,8868,9093,9035,9051,9019,9063,9165,9100,9117,9216,9109,9000,9147,8945,9039,9026,9146,8977,9187,8759,9091,8931,9076,9019,9003,9113,9105,8872,9095,9186,8993,9120,9004,9171,9116,9014,9199,9083,8935,8544,8848,8934,9161,9035,9023,9081,8991,9102,8950,9064,9029,9064,9038,9187,8976,8896,9207,9055,9013,9100,8639,8823,9172,8931,9102,9094,9141,8898,8762,9051,9070,9102,9155,9030,9235,8859,9174,9098,9087,9164,8995,9093,8391,9132,9078
2218,9058,9076,9025,8774,9241,9166,9077,9075,9148,8980,9030,8868,9093,9035,9051,9020,9063,9165,9100,9117,9216,9109,9001,9148,8946,9039,9026,9147,8977,9187,8760,9091,8932,9077,9019,9003,9113,9106,8872,9095,9187,8994,9120,9004,9171,9116,9014,9201,9083,8935,8544,8848,8934,9161,9035,9023,9081,8991,9104,8950,9064,9029,9064,9039,9187,8976,8896,9207,9056,9013,9100,8639,8823,9172,8932,9105,9095,9142,8900,8762,9051,9070,9103,9155,9032,9237,8859,9174,9098,9087,9164,8995,9094,8392,9132,9078
2219,9058,9076,9025,8774,9241,9167,9078,9075,9148,8980,9031,8868,9093,9036,9051,9020,9065,9165,9100,9119,9216,9110,9001,9149,8946,9040,9026,9147,8978,9189,8760,9091,8933,9077,9019,9003,9116,9106,8872,9096,9189,8995,9122,9004,9171,9118,9015,9201,9084,8935,8545,8850,8934,9161,9036,9023,9081,8991,9104,8950,9066,9030,9065,9039,9187,8977,8896,9207,9057,9014,9101,8639,8824,9172,8932,9106,9096,9142,8901,8763,9051,9070,9103,9155,9032,9238,8859,9174,9098,9087,9166,8995,9094,8393,9134,9078
2220,9059,9077,9026,8774,9242,9167,9078,9075,9148,8982,9031,8868,9093,9037,9051,9022,9067,9165,9100,9120,9217,9110,9002,9149,8946,9040,9026,9148,8978,9191,8760,9091,8933,9078,9019,9004,9116,9106,8872,9096,9190,8996,9122,9005,9171,9118,9015,9202,9084,8935,8545,8851,8934,9163,9036,9023,9082,8991,9104,8950,9066,9030,9065,9039,9188,8977,8896,9207,9057,9014,9101,8639,8824,9174,8932,9107,9097,9142,8901,8763,9052,9070,9103,9155,9034,9240,8859,9175,9098,9087,9166,8995,9094,8393,9135,9078
2221,9059,9077,9026,8774,9242,9167,9080,9075,9149,8983,9032,8868,9093,9037,9051,9022,9067,9165,9100,9120,9218,9112,9003,9149,8946,9040,9026,9148,8978,9192,8760,9091,8933,9078,9019,9004,9116,9106,8872,9098,9192,8996,9122,9005,9171,9119,9015,9202,9085,8935,8545,8851,8936,9163,9036,9024,9082,8991,9105,8950,9066,9030,9065,9039,9188,8977,8896,9207,9057,9014,9101,8639,8825,9176,8933,9110,9098,9142,8901,8763,9052,9070,9103,9155,9035,9240,8860,9175,9099,9087,9167,8997,9094,8393,9135,9078
2222,9059,9077,9027,8774,9242,9167,9081,9076,9150,8983,9032,8868,9094,9037,9052,9022,9067,9165,9100,9120,9218,9112,9003,9149,8946,9040,9026,9148,8978,9192,8761,9091,8933,9080,9019,9004,9116,9106,8872,9098,9192,8997,9122,9005,9171,9119,9015,9203,9085,8935,8545,8851,8936,9166,9036,9026,9083,8991,9105,8950,9066,9030,9065,9039,9188,8977,8896,9207,9057,9014,9101,8640,8825,9177,8933,9111,9098,9142,8901,8764,9054,9070,9104,9155,9036,9241,8860,9176,9100,9087,9167,8997,9094,8396,9137,9080
2223,9061,9077,9027,8776,9243,9167,9082,9076,9150,8983,9033,8869,9094,9037,9052,9022,9067,9165,9101,9120,9219,9114,9003,9151,8946,9040,9026,9149,8978,9193,8761,9091,8933,9080,9020,9004,9117,9106,8872,9098,9192,8997,9122,9005,9171,9120,9015,9204,9087,8936,8545,8851,8936,9167,9037,9026,9084,8992,9106,8951,9067,9030,9065,9039,9188,8977,8897,9207,9057,9014,9103,8640,8825,9178,8933,9111,9100,9142,8902,8765,9055,9070,9105,9155,9036,9241,8860,9177,9101,9087,9167,8998,9094,8397,9137,9081
2224,9061,9078,9027,8776,9243,9167,9083,9078,9150,8983,9033,8869,9094,9037,9052,9023,9067,9165,9101,9120,9219,9115,9003,9151,8946,9040,9027,9149,8978,9194,8761,9091,8933,9080,9020,9005,9118,9106,8873,9098,9193,8998,9122,9005,9171,9121,9016,9204,9087,8936,8547,8851,8936,9167,9038,9026,9085,8992,9107,8951,9067,9031,9065,9039,9188,8980,8897,9207,9057,9014,9103,8640,8825,9178,8933,9111,9100,9142,8903,8766,9055,9072,9106,9156,9036,9241,8861,9177,9103,9087,9167,9001,9094,8397,9138,9081
2225,9061,9078,9027,8776,9243,9168,9084,9078,9150,8983,9033,8869,9095,9039,9054,9023,9068,9165,9101,9120,9219,9115,9003,9151,8946,9040,9027,9149,8978,9195,8762,9091,8933,9080,9020,9006,9119,9106,8874,9098,9194,8998,9123,9005,9172,9121,9018,9204,9087,8936,8547,8851,8936,9168,9038,9027,9086,8992,9107,8951,9068,9031,9065,9039,9188,8981,8897,9207,9057,9016,9103,8640,8825,9178,8933,9111,9100,9144,8904,8766,9055,9073,9106,9156,9037,9241,8863,9177,9103,9088,9168,9002,9094,8397,9138,9081
2226,9062,9078,9027,8777,9243,9168,9084,9079,9151,8984,9033,8869,9096,9039,9054,9023,9068,9165,9102,9122,9219,9115,9004,9151,8946,9040,9027,9149,8978,9195,8762,9092,8933,9081,9020,9006,9120,9106,8874,9098,9195,8998,9123,9005,9172,9123,9018,9204,9088,8936,8548,8851,8936,9168,9038,9027,9088,8992,9107,8951,9068,9031,9065,9039,9188,8981,8897,9207,9057,9016,9105,8640,8825,9181,8933,9111,9100,9144,8904,8767,9055,9074,9106,9156,9038,9243,8863,9177,9103,9088,9169,9003,9095,8397,9139,9081
2227,9063,9078,9027,8777,9244,9168,9084,9081,9151,8985,9034,8869,9097,9039,9055,9023,9069,9167,9102,9122,9220,9115,9004,9151,8947,9040,9027,9150,8978,9196,8762,9092,8934,9081,9020,9006,9120,9107,8874,9099,9195,8998,9124,9005,9172,9123,9018,9204,9088,8936,8548,8851,8936,9168,9039,9027,9088,8992,9107,8951,9069,9031,9065,9040,9189,8981,8898,9207,9057,9016,9105,8640,8826,9181,8933,9113,9100,9144,8904,8767,9055,9074,9106,9156,9038,9245,8863,9177,9104,9088,9169,9003,9095,8397,9140,9081
2228,9063,9079,9027,8777,9244,9168,9085,9081,9152,8985,9034,8869,9099,9039,9055,9024,9069,9167,9102,9123,9220,9115,9005,9152,8947,9040,9028,9154,8978,9197,8763,9092,8934,9081,9020,9007,9120,9107,8875,9099,9195,8998,9125,9006,9172,9123,9018,9204,9089,8936,8549,8851,8937,9169,9040,9027,9088,8992,9107,8951,9070,9031,9065,9041,9191,8981,8898,9208,9057,9016,9105,8641,8826,9181,8933,9113,9100,9144,8904,8768,9056,9074,9106,9156,9038,9248,8863,9178,9104,9090,9169,9004,9096,8397,9141,9081
2229,9063,9079,9027,8778,9244,9168,9086,9081,9152,8986,9034,8869,9100,9039,9055,9024,9069,9167,9103,9123,9220,9115,9005,9152,8947,9042,9028,9155,8978,9197,8764,9092,8934,9082,9020,9007,9120,9107,8875,9099,9195,8998,9126,9006,9172,9124,9019,9205,9090,8936,8550,8851,8937,9170,9040,9028,9088,8992,9108,8951,9070,9032,9066,9042,9191,8982,8898,9208,9057,9016,9105,8641,8826,9181,8933,9114,9100,9144,8904,8768,9056,9074,9106,9156,9038,9249,8863,9179,9105,9090,9169,9005,9096,8399,9142,9081
2230,9063,9079,9028,8778,9244,9168,9087,9081,9152,8986,9035,8870,9100,9039,9055,9024,9070,9167,9103,9123,9220,9115,9005,9152,8947,9042,9028,9156,8978,9198,8764,9092,8935,9082,9021,9007,9121,9107,8875,9099,9197,8998,9127,9007,9172,9125,9019,9206,9091,8936,8550,8851,8938,9170,9040,9029,9088,8992,9109,8952,9070,9033,9066,9042,9191,8982,8898,9208,9057,9016,9105,8641,8827,9181,8933,9114,9100,9144,8904,8768,9056,9074,9106,9156,9039,9249,8863,9179,9106,9090,9171,9005,9096,8399,9143,9081
2231,9063,9079,9028,8778,9244,9169,9087,9082,9152,8986,9035,8870,9101,9040,9055,9026,9071,9168,9104,9124,9220,9115,9005,9152,8947,9042,9028,9157,8979,9198,8765,9093,8935,9082,9022,9007,9121,9107,8876,9099,9197,8998,9128,9008,9172,9125,9019,9206,9091,8937,8550,8851,8939,9170,9040,9029,9088,8992,9109,8952,9071,9034,9067,9042,9191,8983,8898,9208,9059,9017,9105,8641,8829,9181,8933,9114,9100,9145,8904,8768,9057,9074,9106,9156,9039,9250,8863,9179,9106,9091,9171,9005,9096,8399,9143,9081
2232,9064,9081,9029,8778,9245,9170,9088,9083,9153,8986,9036,8870,9101,9041,9055,9026,9071,9168,9104,9124,9220,9115,9005,9153,8947,9042,9028,9157,8979,9199,8766,9095,8936,9082,9023,9007,9121,9107,8876,9100,9197,8998,9129,9008,9172,9125,9020,9206,9091,8937,8550,8851,8939,9170,9042,9031,9089,8992,9109,8952,9071,9035,9067,9042,9191,8983,8899,9208,9059,9017,9106,8642,8829,9181,8933,9115,9101,9145,8904,8768,9057,9074,9107,9156,9040,9251,8863,9179,9108,9092,9172,9005,9097,8400,9143,9081
2233,9066,9081,9029,8778,9245,9171,9088,9083,9153,8987,9036,8871,9101,9041,9055,9026,9072,9168,9104,9124,9222,9115,9005,9153,8947,9042,9028,9158,8979,9200,8766,9096,8936,9082,9023,9007,9122,9107,8876,9100,9199,8999,9130,9008,9172,9125,9020,9208,9091,8938,8551,8851,8940,9170,9043,9031,9089,8993,9110,8952,9071,9035,9068,9042,9191,8983,8899,9208,9061,9019,9106,8642,8829,9182,8933,9117,9101,9146,8904,8768,9057,9075,9107,9157,9040,9251,8863,9179,9109,9092,9173,9007,9097,8400,9143,9081
2234,9066,9081,9029,8778,9246,9171,9089,9083,9155,8987,9037,8871,9101,9041,9056,9027,9072,9168,9105,9124,9223,9115,9005,9155,8947,9042,9028,9158,8979,9200,8766,9096,8936,9082,9023,9007,9122,9109,8876,9101,9199,9000,9130,9008,9173,9125,9020,9208,9093,8938,8552,8851,8940,9170,9043,9032,9089,8994,9110,8952,9071,9035,9068,9043,9192,8983,8899,9208,9062,9020,9106,8642,8830,9184,8934,9117,9101,9146,8904,8768,9057,9075,9107,9157,9042,9251,8863,9179,9109,9092,9176,9008,9097,8400,9143,9081
2235,9066,9082,9029,8779,9247,9172,9090,9083,9155,8988,9037,8871,9101,9041,9056,9028,9072,9168,9105,9126,9223,9115,9005,9155,8947,9042,9028,9159,8979,9202,8766,9096,8936,9083,9024,9008,9124,9109,8877,9101,9201,9000,9130,9008,9173,9125,9020,9208,9093,8938,8552,8852,8940,9173,9043,9032,9089,8994,9110,8953,9071,9035,9068,9044,9192,8983,8899,9208,9062,9021,9106,8642,8830,9184,8934,9118,9101,9146,8904,8768,9057,9075,9107,9157,9043,9251,8863,9181,9109,9092,9177,9008,9097,8400,9144,9081
2236,9066,9082,9029,8780,9248,9173,9091,9083,9156,8988,9037,8871,9101,9041,9056,9029,9072,9168,9107,9126,9224,9115,9005,9155,8947,9042,9029,9159,8979,9202,8767,9096,8936,9083,9024,9009,9124,9109,8877,9101,9201,9001,9130,9009,9173,9126,9020,9208,9094,8938,8552,8852,8940,9176,9043,9033,9089,8994,9110,8953,9071,9035,9068,9045,9194,8984,8899,9209,9062,9023,9106,8642,8830,9185,8935,9118,9101,9147,8905,8768,9057,9076,9108,9158,9043,9252,8863,9181,9110,9093,9178,9008,9098,8401,9144,9081
2237,9066,9082,9029,8780,9248,9173,9092,9083,9156,8988,9037,8871,9101,9041,9056,9029,9072,9168,9107,9126,9226,9115,9005,9155,8947,9042,9029,9159,8979,9202,8767,9096,8936,9083,9024,9009,9125,9109,8877,9101,9202,9004,9130,9010,9173,9126,9020,9209,9094,8938,8553,8852,8940,9176,9043,9033,9090,8994,9110,8953,9072,9035,9068,9048,9195,8984,8899,9209,9062,9024,9106,8642,8830,9185,8937,9119,9101,9147,8905,8770,9057,9076,9108,9158,9043,9253,8864,9181,9110,9093,9178,9008,9098,8401,9144,9082
2238,9067,9082,9029,8780,9248,9174,9093,9083,9156,8988,9037,8871,9102,9042,9056,9030,9072,9170,9107,9127,9226,9115,9005,9155,8947,9042,9029,9160,8979,9203,8767,9096,8936,9084,9024,9009,9125,9109,8877,9101,9202,9004,9131,9010,9173,9127,9020,9209,9094,8939,8553,8853,8940,9178,9043,9033,9090,8994,9110,8953,9073,9035,9068,9048,9196,8985,8899,9209,9062,9024,9106,8643,8830,9186,8937,9119,9101,9147,8906,8770,9057,9077,9108,9158,9043,9253,8865,9181,9110,9093,9178,9009,9099,8401,9144,9084
2239,9067,9082,9029,8782,9249,9174,9093,9083,9156,8989,9038,8871,9103,9042,9056,9031,9073,9171,9107,9128,9226,9116,9005,9155,8948,9042,9029,9161,8981,9203,8767,9096,8936,9084,9024,9009,9126,9109,8877,9102,9203,9004,9132,9010,9173,9127,9020,9210,9094,8939,8553,8853,8940,9179,9043,9033,9091,8994,9111,8954,9073,9035,9068,9048,9196,8985,8900,9209,9062,9024,9106,8643,8830,9186,8937,9120,9101,9147,8906,8770,9059,9077,9108,9159,9043,9254,8865,9181,9110,9094,9178,9009,9099,8401,9144,9084
2240,9067,9082,9029,8782,9249,9174,9093,9083,9156,8989,9038,8872,9103,9043,9056,9031,9073,9171,9107,9129,9226,9116,9005,9155,8949,9042,9029,9161,8982,9204,8768,9098,8936,9085,9024,9009,9128,9109,8877,9102,9204,9004,9132,9010,9173,9127,9020,9211,9094,8939,8553,8854,8940,9180,9043,9034,9091,8995,9111,8954,9074,9036,9068,9049,9196,8985,8900,9209,9062,9024,9106,8643,8831,9186,8937,9121,9101,9147,8907,8770,9059,9078,9109,9161,9043,9254,8865,9181,9111,9095,9179,9009,9100,8401,9144,9084
2241,9067,9082,9029,8782,9249,9175,9093,9083,9156,8991,9039,8872,9103,9043,9056,9031,9073,9171,9107,9129,9226,9117,9005,9156,8949,9042,9030,9161,8983,9204,8768,9098,8936,9086,9024,9011,9130,9109,8877,9102,9204,9004,9132,9010,9173,9127,9020,9212,9095,8939,8553,8854,8940,9180,9044,9035,9092,8995,9111,8954,9074,9036,9068,9049,9196,8986,8900,9210,9063,9026,9107,8643,8831,9189,8937,9121,9101,9148,8908,8770,9059,9078,9110,9161,9043,9254,8865,9183,9113,9095,9179,9009,9101,8402,9144,9084
2242,9067,9083,9029,8783,9250,9176,9093,9083,9156,8992,9040,8873,9105,9043,9056,9031,9073,9171,9108,9129,9226,9118,9005,9158,8949,9043,9030,9162,8983,9205,8768,9099,8937,9086,9026,9012,9130,9109,8877,9102,9204,9004,9132,9010,9173,9127,9021,9214,9095,8941,8554,8854,8940,9180,9044,9035,9092,8996,9111,8954,9074,9037,9068,9050,9196,8986,8900,9210,9063,9027,9110,8643,8831,9190,8937,9122,9102,9148,8909,8770,9059,9078,9111,9162,9044,9255,8866,9183,9113,9095,9181,9009,9102,8404,9144,9084
2243,9067,9083,9029,8784,9250,9177,9094,9083,9157,8992,9042,8873,9105,9043,9058,9031,9073,9171,9108,9129,9226,9118,9006,9159,8949,9043,9031,9162,8983,9205,8768,9099,8938,9086,9027,9012,9130,9110,8878,9102,9205,9005,9133,9010,9173,9128,9021,9214,9095,8941,8554,8854,8940,9182,9044,9037,9093,8996,9111,8954,9074,9037,9068,9050,9196,8986,8900,9210,9063,9027,9110,8643,8831,9190,8938,9123,9103,9149,8909,8770,9059,9079,9111,9163,9044,9256,8867,9183,9114,9095,9181,9009,9103,8406,9144,9085
2244,9067,9083,9029,8784,9250,9177,9095,9084,9157,8992,9042,8874,9105,9043,9058,9031,9073,9171,9108,9129,9226,9119,9007,9159,8949,9043,9031,9162,8983,9207,8768,9099,8939,9086,9027,9012,9130,9110,8878,9103,9206,9005,9133,9011,9174,9129,9021,9214,9095,8943,8554,8854,8940,9183,9044,9037,9093,8996,9111,8954,9074,9038,9068,9051,9196,8986,8900,9211,9063,9028,9110,8643,8832,9191,8938,9124,9104,9150,8909,8770,9059,9079,9112,9163,9044,9256,8867,9183,9114,9096,9182,9009,9104,8406,9144,9085
2245,9068,9083,9029,8784,9250,9177,9095,9084,9158,8993,9042,8874,9105,9044,9059,9032,9073,9171,9108,9129,9226,9119,9007,9159,8949,9044,9031,9162,8983,9207,8768,9099,8940,9086,9027,9012,9131,9111,8878,9103,9207,9005,9135,9011,9175,9129,9021,9214,9095,8943,8554,8854,8940,9184,9044,9038,9093,8996,9111,8955,9074,9039,9068,9052,9196,8986,8900,9212,9063,9028,9110,8643,8832,9192,8938,9124,9104,9150,8909,8770,9059,9079,9112,9163,9044,9256,8867,9183,9114,9097,9182,9009,9104,8407,9144,9087
2246,9068,9084,9030,8784,9250,9178,9096,9084,9158,8993,9042,8874,9105,9044,9059,9032,9073,9171,9109,9129,9226,9120,9007,9159,8949,9044,9031,9162,8983,9208,8768,9099,8940,9086,9027,9013,9131,9111,8878,9103,9207,9005,9135,9011,9175,9132,9021,9214,9096,8943,8554,8854,8940,9185,9045,9038,9094,8996,9112,8957,9074,9040,9068,9052,9196,8986,8900,9212,9063,9028,9111,8643,8832,9192,8938,9124,9104,9150,8911,8771,9059,9079,9113,9163,9046,9256,8867,9183,9114,9097,9183,9009,9104,8407,9144,9088
2247,9068,9084,9032,8784,9250,9178,9096,9084,9159,8993,9043,8874,9105,9044,9060,9033,9073,9171,9109,9130,9228,9120,9007,9160,8949,9044,9031,9163,8983,9210,8768,9099,8940,9086,9028,9013,9131,9111,8878,9103,9208,9005,9135,9011,9175,9132,9022,9214,9096,8944,8554,8854,8941,9186,9045,9038,9094,8996,9112,8957,9074,9040,9068,9052,9196,8986,8900,9212,9063,9029,9112,8643,8832,9192,8938,9124,9104,9150,8911,8771,9060,9079,9114,9164,9047,9256,8867,9183,9114,9097,9184,9009,9104,8409,9145,9088
2248,9068,9084,9032,8784,9251,9179,9097,9084,9159,8993,9043,8874,9106,9044,9060,9033,9074,9171,9109,9130,9229,9120,9007,9160,8950,9044,9031,9163,8984,9210,8769,9099,8940,9086,9028,9013,9132,9111,8878,9104,9209,9005,9136,9012,9176,9132,9022,9214,9096,8944,8555,8855,8941,9187,9045,9038,9094,8996,9112,8957,9075,9040,9069,9052,9196,8986,8901,9212,9063,9032,9112,8643,8832,9192,8938,9125,9105,9150,8913,8771,9060,9079,9114,9164,9048,9256,8867,9183,9114,9097,9184,9010,9105,8410,9146,9088
2249,9068,9084,9032,8784,9254,9180,9097,9084,9160,8993,9043,8874,9106,9044,9060,9033,9074,9171,9109,9130,9229,9121,9007,9160,8950,9044,9031,9164,8984,9210,8769,9099,8940,9086,9028,9013,9134,9111,8878,9105,9210,9005,9136,9013,9176,9132,9024,9214,9096,8944,8555,8855,8941,9187,9046,9039,9094,8996,9112,8957,9075,9041,9069,9052,9197,8986,8902,9212,9063,9032,9112,8643,8832,9193,8938,9126,9106,9150,8913,8771,9061,9079,9114,9164,9048,9256,8867,9184,9114,9097,9184,9010,9105,8411,9147,9088
2250,9069,9084,9032,8784,9256,9181,9098,9084,9160,8994,9043,8875,9106,9045,9061,9033,9074,9171,9109,9132,9229,9124,9007,9160,8951,9044,9032,9164,8984,9211,8769,9099,8940,9087,9028,9013,9134,9111,8880,9105,9210,9005,9136,9014,9176,9132,9024,9215,9097,8944,8555,8855,8942,9188,9046,9039,9095,8996,9112,8957,9076,9042,9069,9052,9197,8986,8902,9212,9063,9032,9112,8643,8832,9193,8938,9126,9106,9150,8914,8772,9061,9080,9115,9164,9048,9257,8867,9184,9114,9097,9185,9010,9105,8412,9147,9088
2251,9069,9084,9032,8784,9257,9181,9098,9084,9160,8995,9044,8876,9108,9045,9061,9033,9074,9171,9109,9132,9229,9124,9008,9160,8951,9045,9032,9165,8984,9213,8770,9099,8940,9088,9028,9013,9135,9111,8880,9106,9211,9006,9136,9014,9177,9132,9024,9215,9097,8945,8556,8856,8943,9188,9046,9039,9095,8996,9112,8957,9076,9042,9069,9052,9197,8986,8903,9212,9063,9033,9112,8643,8832,9193,8939,9126,9106,9150,8914,8772,9061,9080,9116,9165,9049,9259,8867,9184,9115,9097,9185,9010,9107,8413,9147,9088
2252,9070,9084,9032,8784,9257,9181,9099,9084,9160,8995,9045,8876,9108,9045,9061,9033,9075,9172,9109,9132,9230,9124,9009,9161,8951,9045,9033,9165,8984,9213,8771,9099,8940,9088,9028,9013,9135,9112,8880,9106,9212,9006,9136,9015,9178,9135,9024,9216,9098,8946,8556,8856,8943,9189,9046,9039,9095,8996,9112,8959,9076,9043,9069,9052,9197,8987,8903,9212,9063,9033,9112,8643,8832,9194,8940,9128,9107,9150,8914,8773,9062,9080,9116,9165,9049,9259,8867,9184,9116,9097,9186,9010,9107,8413,9148,9089
2253,9070,9084,9032,8784,9257,9182,9099,9084,9161,8995,9045,8876,9108,9046,9061,9033,9075,9173,9109,9132,9230,9125,9010,9161,8951,9045,9033,9166,8984,9213,8771,9099,8941,9089,9028,9014,9135,9112,8880,9107,9212,9006,9136,9015,9178,9135,9024,9217,9098,8947,8556,8856,8943,9189,9047,9039,9095,8997,9113,8959,9076,9044,9069,9052,9197,8987,8904,9212,9064,9033,9112,8643,8832,9194,8941,9128,9107,9151,8915,8773,9062,9080,9117,9165,9050,9259,8867,9184,9116,9097,9186,9010,9107,8413,9149,9089
2254,9072,9085,9032,8784,9257,9182,9101,9085,9163,8996,9045,8876,9109,9048,9061,9033,9076,9173,9109,9132,9231,9126,9010,9161,8951,9045,9033,9166,8984,9213,8772,9099,8941,9090,9028,9014,9135,9112,8880,9107,9212,9007,9136,9016,9178,9136,9024,9217,9099,8947,8556,8856,8944,9189,9047,9039,9095,8997,9113,8959,9077,9044,9069,9052,9197,8987,8904,9213,9064,9033,9113,8644,8832,9194,8942,9128,9108,9151,8915,8773,9062,9080,9117,9165,9051,9261,8867,9184,9116,9097,9186,9011,9108,8414,9149,9089
2255,9073,9085,9032,8785,9257,9183,9101,9085,9163,8997,9045,8876,9109,9049,9061,9033,9076,9173,9109,9133,9231,9126,9010,9161,8951,9045,9033,9168,8984,9213,8773,9099,8941,9091,9028,9014,9135,9112,8880,9107,9213,9007,9136,9017,9178,9137,9025,9217,9099,8947,8556,8856,8944,9190,9047,9039,9095,8997,9115,8960,9080,9045,9069,9052,9197,8987,8904,9215,9066,9035,9113,8645,8833,9195,8943,9129,9108,9152,8916,8773,9062,9080,9118,9165,9052,9261,8867,9184,9116,9098,9188,9011,9108,8414,9150,9090
2256,9073,9086,9032,8785,9257,9183,9101,9086,9163,8997,9045,8876,9110,9049,9061,9033,9076,9173,9111,9135,9231,9127,9010,9161,8952,9045,9033,9168,8985,9213,8773,9099,8942,9091,9028,9015,9135,9112,8881,9107,9213,9007,9136,9018,9178,9139,9025,9217,9099,8947,8556,8856,8945,9191,9047,9039,9095,8997,9115,8960,9081,9045,9069,9052,9198,8987,8904,9215,9066,9035,9113,8645,8833,9195,8943,9130,9108,9152,8916,8773,9062,9080,9119,9165,9052,9264,8869,9185,9117,9098,9188,9011,9110,8416,9150,9090
2257,9073,9086,9032,8787,9258,9185,9102,9086,9163,8997,9045,8876,9110,9049,9061,9034,9076,9174,9111,9137,9233,9128,9010,9162,8952,9046,9033,9168,8985,9213,8773,9099,8942,9091,9029,9016,9135,9112,8882,9107,9214,9007,9136,9019,9179,9139,9025,9218,9100,8947,8557,8856,8945,9191,9047,9041,9095,8997,9116,8961,9082,9046,9069,9052,9198,8987,8904,9216,9067,9035,9113,8645,8833,9195,8943,9130,9108,9152,8916,8773,9062,9080,9119,9166,9053,9265,8869,9186,9117,9098,9189,9011,9111,8416,9150,9090
2258,9073,9086,9032,8788,9258,9185,9102,9086,9163,8997,9045,8876,9111,9049,9062,9035,9076,9175,9111,9138,9234,9128,9010,9162,8952,9046,9033,9168,8985,9213,8773,9099,8944,9091,9029,9016,9136,9112,8882,9107,9216,9007,9136,9019,9179,9140,9025,9218,9101,8947,8557,8857,8945,9192,9047,9041,9095,8997,9116,8961,9082,9046,9069,9053,9199,8987,8904,9217,9067,9035,9113,8645,8833,9195,8944,9130,9110,9152,8916,8773,9063,9080,9119,9166,9055,9265,8870,9188,9119,9098,9189,9011,9111,8416,9150,9091
2259,9073,9086,9032,8788,9258,9186,9102,9086,9163,8997,9045,8876,9112,9049,9062,9036,9076,9175,9111,9139,9234,9129,9010,9164,8952,9046,9033,9168,8985,9214,8773,9099,8944,9091,9029,9017,9137,9112,8882,9109,9219,9007,9137,9020,9179,9140,9025,9218,9101,8947,8557,8857,8945,9192,9047,9042,9096,8998,9116,8961,9084,9046,9069,9053,9199,8987,8904,9217,9067,9035,9113,8645,8833,9196,8944,9130,9110,9152,8917,8774,9063,9081,9119,9166,9055,9265,8870,9189,9119,9098,9189,9011,9111,8416,9151,9091
2260,9074,9086,9033,8788,9259,9187,9102,9086,9163,8997,9045,8876,9113,9050,9063,9036,9076,9175,9111,9140,9234,9129,9010,9164,8952,9046,9033,9169,8986,9214,8773,9100,8944,9091,9029,9017,9137,9112,8882,9109,9219,9008,9137,9020,9179,9140,9025,9218,9102,8947,8557,8857,8945,9193,9047,9043,9096,8998,9116,8961,9085,9046,9069,9053,9199,8987,8904,9217,9067,9035,9113,8645,8833,9198,8944,9130,9110,9152,8917,8775,9064,9082,9119,9166,9055,9266,8870,9189,9119,9098,9189,9011,9111,8416,9151,9092
2261,9074,9086,9033,8788,9261,9187,9103,9086,9163,8998,9045,8877,9114,9050,9063,9037,9076,9176,9112,9141,9234,9129,9010,9164,8952,9046,9034,9169,8986,9214,8773,9100,8944,9091,9030,9019,9137,9112,8882,9111,9219,9008,9137,9020,9179,9140,9025,9219,9103,8947,8557,8858,8945,9193,9047,9043,9096,8998,9116,8961,9085,9046,9069,9053,9200,8987,8904,9217,9067,9036,9113,8645,8833,9199,8945,9131,9110,9152,8917,8775,9064,9082,9119,9166,9055,9267,8870,9189,9119,9099,9189,9011,9111,8417,9152,9092
2262,9074,9087,9033,8788,9262,9187,9103,9086,9163,8998,9045,8878,9114,9050,9064,9037,9078,9176,9112,9141,9234,9129,9010,9164,8952,9046,9034,9169,8987,9214,8773,9100,8945,9091,9030,9019,9137,9113,8882,9111,9219,9009,9137,9021,9179,9140,9025,9221,9103,8947,8558,8858,8945,9194,9047,9045,9096,8999,9116,8961,9086,9048,9069,9053,9200,8987,8904,9219,9069,9036,9113,8646,8833,9199,8945,9132,9110,9152,8917,8776,9064,9082,9119,9167,9055,9269,8871,9189,9119,9100,9189,9011,9111,8419,9152,9093
2263,9074,9087,9034,8788,9262,9187,9104,9087,9163,8998,9046,8878,9114,9050,9064,9037,9080,9176,9112,9141,9234,9129,9010,9164,8953,9047,9034,9169,8987,9215,8773,9101,8945,9092,9031,9019,9138,9113,8882,9111,9219,9010,9138,9021,9180,9140,9025,9222,9103,8947,8558,8858,8945,9194,9047,9045,9096,8999,9116,8961,9087,9048,9069,9053,9200,8987,8904,9220,9069,9036,9113,8646,8833,9199,8945,9132,9110,9152,8917,8778,9065,9082,9119,9167,9055,9270,8871,9189,9119,9100,9189,9011,9112,8421,9153,9093
2264,9075,9087,9034,8788,9263,9187,9106,9087,9164,9000,9047,8878,9115,9051,9064,9038,9080,9176,9112,9142,9234,9130,9011,9164,8953,9047,9034,9169,8987,9215,8773,9102,8947,9092,9033,9021,9138,9113,8882,9112,9219,9010,9138,9021,9180,9140,9025,9222,9104,8948,8559,8858,8945,9196,9047,9045,9096,8999,9117,8961,9087,9048,9069,9054,9200,8987,8904,9220,9070,9036,9113,8646,8833,9199,8946,9133,9110,9152,8917,8778,9068,9082,9119,9167,9055,9271,8871,9189,9120,9100,9190,9011,9113,8421,9153,9093
2265,9075,9087,9035,8788,9263,9188,9107,9087,9164,9000,9049,8879,9115,9051,9064,9038,9080,9176,9113,9142,9234,9130,9011,9164,8953,9047,9034,9170,8987,9215,8774,9102,8947,9093,9033,9022,9139,9114,8882,9113,9219,9010,9139,9021,9180,9140,9027,9222,9104,8948,8559,8858,8945,9196,9048,9045,9097,8999,9118,8963,9087,9048,9069,9054,9200,8987,8904,9220,9070,9036,9113,8646,8834,9200,8946,9134,9110,9152,8917,8779,9068,9082,9119,9167,9055,9272,8872,9189,9120,9100,9190,9011,9113,8421,9153,9093
2266,9075,9087,9036,8788,9263,9190,9107,9087,9164,9000,9050,8880,9115,9051,9064,9038,9081,9176,9114,9142,9235,9132,9011,9164,8953,9047,9034,9171,8987,9215,8774,9104,8947,9093,9033,9022,9139,9114,8882,9113,9219,9010,9139,9021,9180,9140,9027,9222,9104,8948,8560,8858,8945,9196,9048,9045,9097,8999,9118,8963,9087,9048,9070,9055,9200,8987,8904,9220,9070,9037,9113,8646,8835,9201,8946,9134,9110,9152,8917,8780,9068,9082,9119,9167,9056,9273,8872,9189,9120,9100,9192,9012,9113,8422,9153,9093
2267,9075,9087,9036,8790,9264,9190,9107,9087,9164,9000,9050,8880,9115,9051,9064,9039,9081,9176,9116,9143,9235,9132,9011,9164,8953,9047,9034,9171,8987,9215,8774,9104,8947,9093,9033,9022,9139,9114,8882,9113,9220,9010,9139,9021,9181,9140,9028,9222,9104,8948,8561,8859,8945,9196,9049,9045,9097,8999,9118,8963,9087,9048,9070,9055,9200,8987,8904,9220,9070,9037,9113,8647,8835,9201,8946,9134,9110,9152,8917,8780,9068,9082,9119,9167,9056,9273,8872,9189,9122,9100,9192,9012,9113,8423,9153,9093
2268,9075,9087,9036,8790,9264,9190,9108,9087,9164,9000,9050,8881,9115,9051,9064,9039,9082,9176,9116,9143,9236,9132,9011,9164,8953,9047,9036,9171,8987,9215,8774,9105,8947,9093,9033,9023,9140,9114,8882,9113,9221,9011,9139,9022,9181,9140,9028,9222,9105,8948,8561,8859,8945,9197,9049,9046,9098,9000,9118,8963,9087,9048,9071,9055,9200,8987,8904,9220,9070,9037,9113,8647,8836,9203,8946,9134,9111,9152,8917,8780,9069,9082,9120,9167,9057,9274,8872,9189,9122,9100,9192,9012,9113,8423,9153,9093
2269,9075,9087,9037,8790,9264,9190,9109,9087,9164,9001,9050,8881,9115,9051,9064,9039,9082,9176,9117,9143,9237,9132,9011,9164,8953,9048,9036,9172,8988,9215,8774,9105,8947,9093,9033,9024,9140,9114,8882,9113,9221,9011,9139,9022,9181,9140,9028,9223,9105,8949,8561,8859,8945,9197,9050,9046,9098,9000,9118,8964,9087,9048,9072,9056,9201,8987,8904,9220,9070,9037,9113,8647,8836,9204,8946,9135,9111,9152,8917,8780,9069,9082,9120,9169,9057,9276,8872,9189,9122,9100,9192,9012,9113,8424,9153,9094
2270,9076,9087,9038,8791,9265,9190,9109,9087,9164,9001,9050,8881,9116,9051,9064,9039,9082,9177,9118,9143,9237,9133,9013,9164,8953,9048,9037,9173,8988,9217,8774,9106,8947,9093,9033,9025,9140,9114,8882,9113,9224,9011,9139,9022,9182,9141,9028,9224,9105,8951,8561,8859,8945,9197,9050,9046,9099,9000,9118,8965,9087,9049,9072,9058,9201,8988,8904,9220,9071,9037,9114,8647,8836,9204,8946,9136,9111,9153,8917,8780,9070,9082,9121,9169,9057,9276,8872,9189,9122,9102,9192,9013,9113,8424,9154,9094
2271,9076,9087,9038,8791,9266,9191,9109,9087,9165,9001,9051,8881,9117,9052,9065,9039,9083,9177,9118,9143,9237,9133,9014,9164,8953,9048,9038,9173,8988,9218,8774,9106,8947,9093,9033,9025,9140,9114,8882,9113,9224,9012,9139,9022,9182,9141,9028,9224,9105,8951,8561,8859,8946,9197,9052,9046,9099,9000,9118,8965,9087,9049,9073,9058,9201,8988,8904,9221,9071,9037,9115,8647,8836,9206,8947,9136,9112,9153,8917,8781,9070,9082,9121,9169,9057,9277,8872,9189,9122,9102,9192,9013,9114,8424,9154,9095
2272,9076,9087,9038,8791,9266,9191,9109,9087,9165,9002,9052,8881,9117,9052,9065,9039,9084,9178,9118,9143,9238,9134,9014,9164,8953,9048,9038,9173,8988,9218,8774,9106,8947,9093,9033,9025,9141,9115,8882,9113,9224,9013,9139,9022,9182,9141,9028,9224,9105,8951,8561,8859,8946,9197,9053,9046,9100,9000,9118,8965,9087,9049,9073,9058,9201,8988,8904,9221,9071,9037,9115,8647,8837,9206,8947,9138,9113,9153,8917,8781,9071,9082,9121,9172,9057,9277,8873,9189,9122,9102,9192,9013,9114,8425,9155,9095
2273,9077,9087,9039,8792,9266,9191,9109,9087,9165,9002,9052,8881,9117,9053,9066,9039,9084,9179,9119,9143,9239,9134,9015,9165,8953,9048,9038,9173,8988,9218,8774,9107,8947,9093,9033,9025,9142,9115,8882,9113,9225,9013,9139,9022,9183,9141,9028,9224,9105,8951,8561,8859,8946,9197,9054,9046,9100,9000,9119,8966,9088,9049,9074,9058,9201,8988,8904,9221,9072,9037,9115,8647,8837,9206,8947,9138,9113,9153,8918,8781,9071,9085,9121,9172,9057,9277,8873,9189,9122,9102,9192,9013,9114,8425,9155,9096
2274,9077,9087,9039,8792,9266,9191,9110,9087,9165,9002,9052,8881,9117,9053,9066,9039,9084,9181,9119,9143,9239,9134,9016,9165,8953,9050,9038,9173,8988,9220,8774,9107,8947,9093,9033,9025,9143,9115,8882,9114,9225,9013,9139,9022,9184,9142,9028,9224,9105,8952,8562,8859,8947,9197,9054,9046,9101,9000,9119,8966,9088,9049,9074,9058,9201,8988,8904,9221,9072,9037,9115,8647,8837,9206,8947,9138,9113,9153,8918,8782,9071,9085,9121,9172,9058,9278,8873,9189,9122,9102,9192,9013,9114,8425,9155,9096
2275,9077,9087,9039,8792,9266,9192,9110,9087,9165,9002,9052,8882,9118,9053,9066,9039,9086,9182,9119,9143,9239,9135,9016,9166,8953,9051,9038,9173,8989,9220,8774,9108,8947,9093,9034,9025,9143,9115,8882,9115,9226,9013,9139,9022,9184,9142,9028,9224,9105,8952,8562,8859,8947,9197,9054,9046,9101,9000,9119,8966,9088,9049,9074,9058,9201,8988,8904,9221,9073,9038,9115,8647,8838,9207,8947,9138,9114,9153,8918,8782,9072,9086,9121,9172,9058,9278,8873,9190,9123,9103,9192,9013,9114,8425,9155,9096
2276,9077,9087,9039,8792,9266,9193,9110,9087,9165,9002,9052,8882,9118,9053,9067,9039,9086,9182,9119,9144,9239,9136,9019,9166,8953,9051,9038,9173,8990,9220,8774,9108,8947,9093,9034,9026,9143,9115,8882,9116,9227,9013,9139,9023,9184,9142,9028,9224,9106,8953,8562,8859,8947,9198,9054,9046,9101,9000,9119,8966,9088,9052,9074,9058,9201,8988,8904,9221,9073,9038,9115,8647,8838,9208,8948,9139,9114,9154,8918,8782,9072,9086,9121,9173,9058,9278,8873,9190,9123,9105,9192,9014,9114,8425,9156,9096
2277,9077,9087,9039,8792,9267,9194,9110,9087,9166,9003,9052,8882,9118,9053,9068,9039,9086,9182,9119,9144,9239,9136,9019,9166,8953,9051,9038,9173,8991,9220,8774,9108,8949,9093,9034,9026,9144,9115,8882,9116,9227,9014,9139,9024,9184,9142,9028,9224,9106,8954,8562,8859,8948,9199,9054,9046,9101,9000,9120,8967,9088,9053,9074,9058,9201,8989,8904,9221,9073,9038,9115,8647,8838,9208,8948,9140,9116,9154,8918,8782,9072,9086,9121,9173,9058,9278,8873,9190,9123,9105,9193,9016,9115,8425,9156,9096
2278,9077,9087,9039,8793,9267,9195,9110,9088,9167,9003,9052,8882,9118,9053,9069,9039,9086,9183,9119,9144,9239,9136,9019,9166,8953,9051,9039,9173,8991,9220,8776,9108,8949,9093,9034,9027,9145,9115,8882,9116,9228,9014,9140,9024,9184,9143,9028,9224,9106,8956,8562,8859,8948,9200,9054,9047,9101,9000,9121,8967,9088,9053,9074,9058,9201,8989,8906,9221,9075,9039,9115,8648,8838,9208,8948,9140,9116,9154,8918,8783,9072,9086,9121,9174,9059,9278,8873,9190,9123,9105,9194,9017,9115,8425,9156,9096
2279,9077,9087,9039,8793,9267,9195,9110,9088,9170,9003,9054,8882,9118,9053,9069,9039,9086,9184,9120,9144,9241,9136,9020,9166,8953,9051,9039,9173,8991,9220,8776,9108,8950,9093,9034,9028,9146,9115,8882,9116,9228,9015,9140,9024,9184,9145,9028,9224,9106,8956,8562,8859,8948,9201,9054,9048,9101,9000,9121,8969,9088,9053,9074,9058,9202,8989,8906,9222,9075,9039,9116,8648,8838,9208,8949,9140,9116,9154,8918,8783,9072,9086,9121,9175,9059,9278,8874,9190,9123,9106,9194,9017,9115,8426,9157,9097
2280,9077,9087,9039,8793,9267,9195,9110,9088,9170,9003,9054,8882,9118,9053,9069,9040,9086,9184,9120,9144,9241,9137,9020,9166,8953,9052,9039,9173,8991,9220,8777,9108,8950,9093,9034,9028,9146,9115,8882,9116,9230,9015,9140,9024,9184,9145,9028,9224,9106,8956,8563,8859,8948,9201,9054,9048,9101,9000,9121,8969,9090,9053,9074,9058,9203,8990,8906,9222,9075,9039,9116,8648,8839,9210,8949,9140,9116,9155,8918,8783,9072,9086,9121,9175,9061,9280,8874,9190,9124,9107,9194,9017,9116,8426,9157,9097
2281,9077,9087,9039,8793,9267,9195,9111,9088,9170,9003,9054,8882,9118,9053,9069,9040,9086,9184,9121,9145,9241,9137,9020,9166,8954,9052,9039,9173,8991,9220,8777,9108,8951,9093,9034,9028,9146,9115,8882,9117,9231,9016,9141,9024,9184,9145,9028,9224,9106,8956,8563,8860,8948,9202,9054,9049,9102,9000,9121,8969,9090,9053,9074,9058,9204,8991,8906,9222,9075,9039,9116,8648,8839,9211,8949,9141,9116,9155,8919,8783,9072,9086,9121,9175,9061,9281,8874,9190,9127,9107,9195,9017,9116,8426,9158,9098
2282,9077,9088,9039,8793,9268,9196,9112,9088,9171,9004,9057,8882,9118,9053,9070,9040,9086,9186,9122,9145,9241,9137,9020,9166,8955,9052,9039,9173,8991,9220,8777,9109,8951,9093,9034,9028,9146,9116,8882,9118,9231,9016,9141,9025,9185,9145,9029,9224,9106,8956,8563,8860,8948,9202,9054,9049,9102,9000,9121,8969,9090,9053,9074,9058,9205,8991,8907,9222,9075,9039,9116,8648,8839,9211,8949,9142,9116,9156,8919,8783,9072,9086,9121,9175,9061,9281,8875,9190,9127,9107,9196,9017,9117,8427,9159,9098
2283,9077,9088,9039,8793,9268,9196,9112,9088,9172,9004,9057,8882,9118,9054,9070,9040,9087,9186,9122,9145,9241,9137,9020,9166,8955,9052,9039,9173,8991,9220,8777,9109,8951,9094,9034,9028,9146,9117,8882,9118,9231,9016,9142,9025,9186,9146,9029,9224,9106,8956,8563,8860,8948,9202,9054,9049,9102,9000,9121,8969,9091,9053,9074,9059,9205,8992,8907,9222,9076,9039,9116,8648,8840,9214,8949,9143,9116,9156,8919,8783,9072,9086,9121,9175,9061,9281,8875,9190,9127,9108,9196,9017,9117,8428,9159,9098
2284,9077,9088,9040,8793,9269,9196,9112,9088,9172,9004,9057,8882,9118,9054,9070,9040,9087,9186,9122,9145,9241,9137,9023,9166,8955,9052,9039,9174,8991,9221,8777,9109,8951,9095,9034,9028,9146,9117,8882,9118,9231,9016,9142,9026,9187,9146,9029,9225,9107,8956,8563,8860,8948,9202,9054,9049,9102,9001,9121,8969,9091,9054,9074,9059,9205,8992,8907,9222,9076,9039,9116,8649,8840,9215,8949,9143,9116,9156,8919,8783,9072,9086,9121,9175,9061,9281,8875,9190,9128,9108,9197,9017,9117,8428,9159,9099
2285,9077,9088,9040,8794,9269,9196,9112,9089,9172,9004,9058,8882,9118,9054,9070,9040,9087,9186,9122,9145,9241,9138,9024,9166,8955,9052,9040,9174,8991,9221,8778,9109,8951,9095,9034,9028,9146,9117,8882,9118,9232,9016,9142,9026,9187,9147,9029,9225,9107,8957,8563,8860,8948,9202,9054,9049,9102,9001,9121,8969,9091,9054,9074,9060,9205,8993,8908,9223,9076,9039,9116,8649,8840,9215,8950,9143,9116,9156,8919,8783,9072,9086,9121,9175,9062,9281,8875,9190,9128,9108,9197,9019,9118,8428,9159,9100
2286,9077,9088,9040,8794,9269,9196,9112,9089,9172,9004,9059,8882,9118,9054,9070,9040,9087,9187,9122,9145,9242,9138,9024,9167,8955,9052,9040,9174,8991,9221,8779,9109,8951,9095,9034,9028,9147,9118,8882,9118,9232,9016,9142,9026,9187,9147,9029,9225,9107,8957,8563,8860,8948,9202,9054,9049,9103,9001,9121,8969,9091,9055,9075,9061,9205,8993,8908,9223,9076,9039,9117,8650,8840,9215,8951,9144,9116,9157,8919,8783,9072,9086,9121,9175,9062,9281,8875,9190,9128,9109,9197,9019,9118,8428,9159,9100
2287,9079,9088,9040,8795,9269,9196,9112,9089,9172,9004,9060,8882,9118,9054,9070,9040,9088,9189,9123,9145,9242,9138,9025,9168,8955,9052,9040,9175,8991,9222,8779,9110,8951,9095,9034,9029,9148,9118,8882,9118,9233,9016,9142,9026,9187,9147,9029,9225,9107,8957,8563,8860,8948,9202,9054,9049,9103,9001,9121,8969,9091,9055,9075,9061,9205,8993,8908,9223,9076,9039,9117,8651,8840,9215,8951,9144,9116,9157,8919,8783,9072,9086,9121,9176,9062,9281,8875,9190,9128,9109,9197,9019,9118,8428,9159,9101
2288,9079,9088,9040,8795,9269,9196,9112,9090,9172,9004,9060,8882,9118,9054,9070,9040,9088,9189,9123,9145,9242,9138,9025,9169,8955,9052,9040,9175,8991,9222,8779,9110,8951,9095,9034,9029,9148,9118,8882,9118,9233,9016,9142,9026,9187,9148,9029,9225,9108,8957,8563,8861,8948,9202,9054,9049,9103,9001,9122,8969,9091,9055,9075,9061,9205,8994,8908,9225,9076,9039,9117,8652,8840,9216,8951,9144,9116,9157,8919,8783,9073,9086,9121,9177,9062,9282,8875,9191,9128,9109,9197,9019,9118,8428,9159,9102
2289,9079,9088,9040,8795,9269,9196,9112,9090,9172,9004,9060,8882,9118,9054,9070,9040,9088,9190,9123,9146,9243,9139,9025,9169,8956,9052,9040,9175,8991,9224,8780,9110,8951,9095,9034,9029,9148,9118,8883,9118,9234,9016,9142,9026,9187,9149,9029,9225,9108,8957,8564,8861,8948,9202,9055,9049,9104,9001,9122,8970,9091,9055,9075,9061,9206,8994,8908,9225,9076,9039,9117,8653,8840,9216,8951,9144,9116,9157,8919,8783,9073,9086,9121,9177,9062,9282,8875,9191,9128,9109,9197,9019,9118,8429,9159,9102
2290,9079,9088,9040,8795,9269,9196,9112,9090,9172,9004,9062,8882,9118,9055,9070,9040,9088,9190,9123,9147,9243,9139,9027,9169,8956,9052,9040,9175,8991,9224,8780,9110,8951,9095,9035,9029,9148,9118,8883,9118,9234,9016,9142,9026,9187,9149,9029,9225,9108,8957,8564,8861,8949,9202,9055,9049,9105,9001,9122,8971,9091,9055,9075,9061,9206,8994,8908,9225,9076,9039,9118,8654,8840,9217,8951,9144,9117,9157,8919,8784,9073,9086,9121,9178,9062,9283,8875,9191,9128,9110,9198,9019,9118,8430,9159,9102
2291,9079,9088,9040,8795,9269,9196,9112,9091,9173,9004,9062,8882,9118,9055,9070,9040,9088,9190,9124,9147,9244,9139,9027,9169,8956,9052,9042,9175,8991,9224,8780,9110,8951,9095,9035,9029,9148,9118,8883,9119,9235,9016,9142,9026,9187,9150,9029,9226,9108,8958,8565,8862,8949,9202,9055,9049,9105,9001,9122,8971,9091,9055,9076,9061,9206,8994,8908,9226,9076,9039,9118,8654,8840,9217,8951,9146,9117,9157,8919,8784,9073,9086,9121,9178,9063,9284,8875,9191,9128,9110,9200,9019,9119,8431,9159,9103
2292,9081,9088,9040,8796,9270,9196,9112,9091,9173,9004,9062,8882,9119,9056,9070,9040,9088,9190,9124,9147,9244,9139,9027,9169,8957,9052,9042,9176,8991,9225,8780,9112,8951,9095,9035,9029,9148,9118,8883,9120,9235,9016,9142,9026,9189,9150,9029,9226,9108,8959,8565,8862,8950,9202,9056,9049,9105,9001,9122,8971,9091,9056,9076,9061,9206,8994,8908,9226,9076,9039,9118,8654,8841,9218,8951,9146,9117,9157,8920,8784,9073,9086,9121,9178,9063,9285,8876,9191,9129,9110,9200,9020,9119,8432,9159,9103
2293,9081,9088,9040,8796,9270,9197,9112,9092,9173,9004,9062,8883,9119,9057,9071,9040,9088,9191,9126,9147,9244,9140,9027,9169,8957,9052,9042,9176,8992,9225,8781,9112,8951,9095,9035,9029,9148,9118,8883,9121,9235,9016,9142,9026,9189,9150,9029,9228,9108,8959,8565,8862,8951,9202,9056,9049,9106,9002,9122,8971,9092,9056,9077,9061,9207,8995,8909,9227,9076,9039,9118,8654,8841,9218,8951,9146,9118,9157,8921,8784,9073,9086,9121,9178,9063,9285,8876,9191,9129,9110,9201,9020,9119,8432,9160,9103
2294,9081,9088,9040,8796,9270,9197,9112,9093,9173,9004,9062,8883,9119,9057,9071,9040,9088,9191,9126,9147,9245,9140,9027,9169,8958,9053,9042,9177,8992,9225,8781,9113,8951,9095,9036,9029,9148,9118,8883,9121,9235,9016,9143,9027,9189,9150,9029,9229,9108,8959,8565,8862,8951,9202,9056,9051,9106,9002,9122,8971,9093,9056,9077,9061,9208,8995,8909,9227,9076,9039,9118,8654,8841,9219,8951,9146,9118,9157,8921,8785,9073,9086,9121,9178,9063,9285,8876,9191,9129,9111,9201,9020,9119,8432,9160,9103
2295,9081,9088,9040,8796,9271,9197,9112,9093,9173,9004,9064,8883,9120,9058,9071,9040,9088,9191,9126,9147,9245,9140,9027,9170,8958,9053,9042,9177,8993,9225,8781,9113,8952,9095,9036,9029,9148,9118,8884,9121,9235,9016,9143,9027,9189,9151,9029,9229,9109,8959,8565,8864,8951,9202,9056,9051,9106,9002,9122,8971,9093,9057,9078,9061,9208,8996,8909,9228,9076,9039,9119,8654,8841,9219,8951,9147,9118,9157,8921,8786,9074,9086,9122,9178,9063,9285,8877,9191,9129,9111,9204,9020,9119,8433,9163,9103
2296,9081,9089,9041,8796,9271,9197,9112,9093,9173,9005,9064,8884,9120,9058,9071,9040,9090,9191,9126,9147,9245,9140,9027,9170,8958,9053,9042,9177,8993,9225,8781,9113,8952,9095,9036,9029,9150,9119,8884,9122,9235,9017,9143,9027,9191,9151,9030,9230,9109,8959,8565,8864,8951,9204,9056,9052,9106,9003,9122,8971,9094,9057,9078,9061,9208,8996,8910,9228,9076,9040,9119,8654,8841,9221,8951,9148,9118,9157,8921,8786,9075,9086,9122,9179,9063,9285,8877,9191,9130,9111,9205,9020,9119,8433,9164,9103
2297,9081,9089,9042,8796,9271,9197,9112,9093,9173,9005,9064,8884,9120,9058,9071,9040,9090,9191,9126,9147,9245,9140,9027,9170,8958,9053,9042,9178,8994,9225,8782,9114,8952,9095,9036,9030,9150,9119,8884,9122,9235,9017,9144,9027,9191,9153,9030,9230,9109,8959,8565,8864,8951,9204,9056,9053,9106,9003,9122,8971,9094,9057,9078,9062,9208,8997,8910,9228,9077,9040,9120,8654,8841,9221,8951,9150,9118,9157,8921,8789,9075,9086,9122,9179,9063,9286,8877,9191,9130,9111,9205,9020,9119,8434,9164,9104
2298,9081,9089,9042,8796,9272,9197,9112,9093,9173,9006,9064,8884,9121,9058,9071,9040,9092,9191,9128,9148,9247,9140,9027,9170,8958,9053,9042,9178,8994,9226,8782,9114,8953,9096,9036,9030,9150,9120,8884,9122,9235,9017,9144,9027,9191,9153,9030,9231,9109,8960,8565,8864,8952,9204,9056,9054,9106,9003,9122,8971,9094,9058,9078,9062,9208,8997,8910,9228,9077,9040,9120,8654,8841,9221,8951,9150,9118,9157,8921,8789,9075,9087,9122,9179,9064,9287,8877,9191,9131,9111,9205,9020,9119,8434,9164,9104
2299,9081,9089,9042,8796,9272,9197,9112,9093,9174,9006,9066,8884,9121,9058,9071,9040,9092,9191,9128,9148,9247,9140,9027,9171,8958,9054,9042,9179,8994,9226,8782,9115,8953,9096,9036,9031,9150,9120,8884,9122,9235,9017,9144,9028,9192,9153,9030,9231,9110,8960,8565,8864,8952,9204,9056,9054,9106,9003,9124,8971,9095,9058,9078,9062,9208,8997,8910,9228,9077,9040,9120,8655,8841,9222,8951,9150,9118,9157,8921,8790,9075,9087,9122,9179,9064,9288,8877,9192,9131,9112,9206,9020,9119,8434,9164,9104
2300,9081,9089,9042,8797,9272,9197,9112,9093,9174,9006,9066,8884,9121,9058,9071,9040,9093,9191,9128,9148,9247,9140,9027,9171,8959,9054,9042,9179,8994,9226,8782,9115,8953,9096,9037,9031,9151,9122,8884,9122,9236,9018,9144,9028,9192,9153,9031,9232,9110,8960,8565,8864,8953,9204,9056,9055,9106,9004,9124,8971,9095,9058,9078,9062,9208,8997,8910,9228,9077,9040,9122,8655,8841,9222,8952,9150,9119,9157,8921,8790,9076,9087,9122,9179,9064,9288,8877,9192,9131,9112,9206,9020,9119,8434,9165,9104
2301,9081,9089,9042,8797,9273,9197,9112,9093,9174,9006,9067,8884,9121,9058,9072,9040,9093,9191,9128,9148,9247,9140,9027,9172,8959,9054,9043,9179,8995,9227,8783,9115,8953,9097,9037,9032,9151,9123,8884,9122,9236,9018,9144,9028,9192,9153,9031,9232,9110,8961,8566,8864,8953,9206,9056,9055,9106,9004,9124,8971,9095,9058,9079,9062,9208,8998,8910,9228,9077,9040,9122,8655,8841,9222,8952,9150,9120,9157,8922,8790,9076,9087,9122,9179,9064,9288,8878,9192,9131,9112,9206,9020,9120,8434,9165,9105
2302,9081,9089,9042,8797,9273,9197,9112,9094,9174,9007,9067,8884,9122,9058,9072,9041,9093,9191,9128,9148,9247,9140,9027,9172,8959,9054,9043,9179,8995,9227,8784,9115,8954,9097,9037,9032,9151,9123,8884,9122,9236,9018,9145,9028,9192,9154,9031,9232,9110,8961,8566,8864,8953,9208,9056,9055,9106,9004,9125,8972,9095,9058,9080,9062,9208,8999,8910,9228,9078,9040,9122,8655,8841,9223,8952,9151,9120,9157,8922,8791,9076,9087,9123,9179,9064,9288,8878,9192,9131,9112,9206,9021,9120,8435,9165,9105
2303,9081,9089,9043,8797,9273,9197,9112,9095,9174,9007,9067,8885,9123,9058,9073,9041,9095,9191,9128,9148,9248,9140,9027,9172,8959,9054,9043,9179,8997,9227,8784,9115,8955,9098,9037,9032,9151,9123,8884,9122,9237,9018,9146,9028,9193,9154,9032,9232,9110,8961,8566,8864,8953,9208,9057,9056,9106,9004,9125,8972,9095,9059,9081,9062,9208,8999,8910,9228,9078,9041,9122,8655,8841,9223,8952,9151,9121,9157,8922,8791,9076,9087,9123,9179,9065,9288,8878,9193,9131,9112,9206,9022,9120,8436,9165,9105
2304,9081,9089,9043,8797,9273,9198,9112,9096,9174,9007,9068,8885,9123,9058,9074,9041,9095,9191,9128,9148,9248,9140,9027,9173,8959,9054,9043,9181,8997,9227,8784,9115,8955,9098,9038,9032,9151,9123,8884,9122,9237,9018,9146,9028,9194,9154,9033,9232,9110,8962,8566,8864,8953,9208,9058,9056,9107,9004,9125,8972,9095,9059,9082,9062,9208,8999,8910,9228,9078,9041,9122,8655,8841,9223,8952,9152,9121,9157,8923,8791,9076,9087,9123,9179,9065,9288,8878,9193,9131,9113,9206,9022,9120,8436,9165,9105
2305,9081,9090,9043,8797,9273,9198,9112,9096,9175,9007,9068,8885,9123,9058,9074,9041,9095,9191,9128,9148,9248,9140,9028,9173,8959,9054,9043,9182,8997,9229,8785,9116,8956,9098,9038,9032,9151,9123,8884,9124,9239,9018,9146,9028,9194,9154,9033,9232,9110,8962,8567,8864,8954,9208,9058,9057,9107,9005,9125,8972,9095,9059,9083,9064,9208,8999,8911,9228,9078,9041,9122,8656,8841,9223,8952,9152,9121,9158,8923,8791,9077,9087,9123,9180,9065,9289,8878,9193,9131,9113,9206,9022,9120,8436,9165,9105
2306,9081,9090,9043,8797,9273,9198,9112,9097,9175,9007,9068,8885,9123,9058,9075,9041,9095,9191,9128,9148,9248,9140,9029,9173,8960,9054,9043,9182,8997,9231,8785,9116,8956,9098,9039,9032,9151,9123,8884,9124,9239,9018,9146,9028,9194,9154,9034,9232,9111,8962,8567,8864,8954,9208,9058,9057,9107,9005,9125,8972,9095,9059,9083,9064,9208,8999,8911,9228,9078,9041,9122,8656,8841,9224,8952,9152,9121,9158,8923,8791,9077,9087,9123,9180,9065,9291,8878,9193,9131,9113,9206,9022,9120,8436,9165,9106
2307,9081,9090,9043,8798,9273,9198,9112,9097,9177,9008,9068,8885,9123,9058,9075,9042,9095,9191,9128,9151,9248,9140,9030,9173,8960,9055,9043,9182,8997,9231,8785,9116,8956,9098,9039,9032,9151,9123,8884,9124,9239,9018,9146,9028,9194,9154,9034,9232,9111,8962,8567,8864,8954,9208,9058,9057,9107,9005,9125,8972,9095,9059,9083,9065,9208,8999,8911,9228,9078,9042,9122,8657,8841,9225,8952,9152,9121,9158,8923,8791,9077,9087,9123,9181,9065,9291,8878,9193,9132,9113,9206,9022,9120,8436,9165,9106
2308,9081,9090,9043,8798,9275,9200,9112,9097,9177,9008,9068,8886,9124,9058,9075,9042,9095,9191,9128,9152,9248,9140,9030,9173,8961,9055,9043,9182,8997,9232,8785,9116,8956,9098,9040,9033,9152,9123,8884,9124,9241,9018,9146,9029,9194,9154,9034,9232,9112,8963,8567,8864,8954,9209,9058,9057,9107,9006,9125,8972,9096,9059,9083,9065,9208,8999,8912,9228,9078,9042,9122,8657,8842,9225,8952,9152,9121,9158,8923,8791,9078,9087,9123,9181,9065,9291,8878,9193,9132,9114,9208,9022,9120,8436,9165,9106
2309,9082,9090,9043,8798,9275,9201,9112,9097,9178,9008,9068,8886,9124,9058,9075,9042,9095,9191,9128,9152,9248,9140,9030,9173,8961,9055,9043,9182,8997,9233,8785,9116,8956,9098,9040,9033,9152,9124,8884,9125,9241,9018,9146,9029,9195,9154,9034,9233,9112,8963,8567,8864,8955,9210,9058,9057,9107,9007,9125,8972,9096,9059,9083,9067,9208,8999,8912,9229,9078,9042,9123,8657,8842,9225,8952,9153,9121,9158,8923,8791,9078,9087,9123,9181,9065,9291,8878,9194,9132,9115,9208,9022,9120,8436,9167,9108
2310,9082,9090,9043,8798,9275,9201,9112,9097,9178,9008,9068,8886,9124,9059,9075,9044,9095,9191,9128,9153,9249,9140,9030,9173,8961,9055,9044,9182,8998,9234,8785,9116,8956,9098,9040,9033,9152,9124,8884,9125,9242,9018,9146,9029,9195,9154,9034,9233,9112,8963,8568,8864,8955,9210,9058,9057,9107,9007,9125,8973,9096,9059,9083,9068,9208,8999,8913,9229,9078,9043,9124,8657,8842,9225,8952,9156,9121,9158,8923,8791,9078,9087,9123,9181,9065,9291,8878,9195,9133,9115,9208,9022,9120,8436,9167,9108
2311,9082,9090,9043,8799,9275,9201,9112,9097,9178,9008,9068,8886,9124,9059,9076,9044,9095,9191,9128,9153,9250,9141,9030,9173,8961,9055,9044,9183,8998,9234,8785,9116,8956,9099,9040,9033,9152,9124,8884,9125,9244,9019,9146,9029,9196,9155,9034,9233,9114,8963,8568,8864,8955,9211,9058,9057,9107,9007,9125,8973,9096,9059,9084,9069,9209,9000,8913,9229,9078,9043,9124,8658,8842,9225,8953,9156,9121,9158,8923,8791,9078,9087,9123,9182,9065,9292,8878,9195,9133,9115,9208,9022,9120,8436,9167,9108
2312,9082,9091,9044,8799,9275,9202,9112,9097,9178,9008,9068,8887,9125,9059,9076,9044,9095,9191,9129,9153,9250,9141,9030,9174,8961,9056,9045,9183,8999,9234,8785,9116,8957,9100,9041,9034,9153,9124,8884,9125,9245,9019,9146,9029,9197,9156,9034,9233,9114,8963,8569,8865,8955,9211,9058,9057,9107,9007,9125,8973,9096,9059,9084,9069,9209,9000,8913,9229,9079,9043,9124,8658,8842,9226,8953,9157,9121,9158,8923,8791,9079,9087,9124,9182,9065,9292,8878,9196,9133,9115,9208,9022,9120,8436,9167,9108
2313,9082,9091,9044,8799,9275,9204,9112,9097,9178,9008,9068,8887,9125,9061,9077,9044,9095,9191,9130,9154,9250,9141,9030,9176,8961,9056,9045,9183,8999,9234,8785,9116,8957,9100,9041,9034,9153,9124,8884,9125,9245,9019,9146,9029,9198,9157,9034,9233,9114,8963,8569,8865,8956,9212,9058,9058,9107,9007,9125,8973,9097,9059,9084,9069,9209,9000,8913,9229,9079,9043,9125,8658,8842,9227,8953,9158,9122,9160,8923,8791,9079,9087,9124,9182,9065,9292,8878,9196,9133,9115,9209,9022,9121,8438,9167,9108
2314,9082,9091,9044,8799,9276,9204,9112,9097,9178,9009,9068,8887,9126,9061,9077,9045,9095,9191,9130,9154,9250,9141,9030,9176,8961,9056,9045,9183,8999,9234,8786,9116,8958,9100,9041,9034,9153,9124,8884,9125,9245,9019,9146,9029,9198,9158,9034,9233,9114,8963,8569,8865,8956,9212,9058,9058,9107,9007,9125,8973,9098,9059,9084,9069,9209,9000,8913,9229,9079,9043,9125,8658,8842,9228,8954,9159,9122,9160,8924,8791,9079,9087,9124,9182,9065,9293,8878,9196,9134,9115,9209,9022,9121,8439,9167,9108
2315,9082,9091,9044,8799,9276,9204,9112,9097,9178,9009,9068,8887,9126,9061,9077,9045,9095,9192,9130,9154,9251,9141,9030,9176,8961,9056,9045,9183,8999,9234,8786,9116,8959,9100,9041,9034,9153,9124,8884,9126,9245,9019,9146,9029,9198,9158,9034,9234,9116,8963,8570,8865,8956,9212,9058,9058,9107,9007,9125,8973,9098,9059,9084,9070,9210,9000,8913,9229,9079,9043,9125,8658,8842,9229,8954,9160,9122,9161,8925,8791,9079,9087,9124,9182,9065,9293,8878,9196,9134,9115,9209,9022,9122,8439,9167,9108
2316,9082,9091,9044,8799,9276,9204,9112,9097,9178,9009,9068,8887,9126,9061,9078,9045,9095,9193,9130,9155,9251,9141,9030,9176,8961,9056,9045,9183,9000,9234,8786,9116,8959,9100,9042,9034,9153,9125,8884,9126,9247,9019,9146,9029,9198,9158,9034,9235,9116,8963,8571,8865,8956,9213,9058,9058,9107,9008,9127,8975,9098,9060,9084,9070,9210,9000,8913,9229,9079,9043,9125,8658,8842,9229,8954,9160,9122,9161,8925,8791,9079,9087,9124,9182,9065,9295,8878,9197,9134,9115,9210,9022,9122,8440,9167,9108
2317,9082,9091,9044,8799,9277,9205,9112,9097,9178,9009,9068,8887,9126,9061,9078,9045,9095,9193,9130,9156,9252,9141,9030,9176,8961,9056,9045,9183,9000,9234,8786,9116,8959,9100,9043,9035,9153,9125,8884,9127,9247,9019,9146,9029,9198,9158,9034,9236,9116,8963,8571,8865,8956,9215,9058,9058,9107,9008,9127,8975,9098,9060,9084,9070,9210,9000,8913,9229,9079,9043,9125,8658,8842,9229,8954,9161,9122,9161,8925,8791,9079,9087,9124,9182,9065,9295,8878,9197,9135,9115,9210,9022,9122,8440,9167,9108
2318,9082,9091,9044,8799,9277,9205,9113,9098,9178,9009,9068,8887,9127,9061,9078,9045,9095,9193,9130,9156,9252,9141,9030,9176,8961,9057,9045,9184,9000,9234,8787,9117,8959,9100,9043,9035,9153,9125,8884,9127,9247,9019,9146,9029,9198,9158,9035,9236,9116,8963,8572,8865,8956,9215,9058,9058,9107,9008,9127,8975,9098,9060,9086,9070,9210,9000,8913,9230,9079,9043,9125,8658,8842,9229,8955,9161,9122,9161,8925,8791,9079,9087,9124,9182,9065,9295,8878,9198,9135,9115,9211,9022,9123,8440,9167,9108
2319,9082,9091,9044,8799,9277,9205,9113,9098,9178,9009,9068,8887,9127,9062,9078,9045,9096,9193,9130,9156,9252,9141,9030,9176,8961,9057,9045,9184,9000,9234,8787,9117,8959,9100,9043,9036,9153,9125,8884,9127,9247,9019,9147,9029,9198,9158,9036,9236,9116,8963,8572,8866,8956,9215,9058,9058,9107,9008,9127,8975,9098,9061,9086,9070,9211,9000,8913,9230,9079,9044,9125,8658,8842,9229,8955,9162,9122,9161,8925,8791,9079,9087,9124,9183,9065,9295,8878,9198,9135,9115,9211,9022,9123,8440,9167,9108
2320,9082,9091,9044,8799,9278,9205,9113,9098,9178,9009,9068,8887,9127,9062,9078,9045,9096,9193,9130,9156,9252,9141,9030,9176,8962,9058,9045,9184,9000,9235,8788,9117,8959,9100,9043,9036,9154,9125,8885,9127,9247,9019,9148,9029,9198,9158,9036,9237,9117,8963,8572,8866,8956,9215,9058,9058,9107,9008,9127,8976,9098,9061,9086,9070,9211,9000,8914,9230,9079,9044,9125,8658,8842,9229,8955,9163,9122,9161,8925,8791,9079,9087,9125,9183,9065,9296,8878,9198,9136,9115,9211,9022,9123,8440,9167,9108
2321,9082,9091,9045,8799,9278,9206,9113,9098,9178,9009,9068,8887,9127,9063,9078,9045,9096,9193,9130,9156,9253,9141,9030,9176,8962,9058,9045,9184,9000,9235,8788,9117,8960,9100,9044,9036,9154,9125,8885,9127,9247,9019,9148,9029,9198,9158,9036,9237,9117,8963,8572,8866,8957,9216,9058,9058,9107,9008,9128,8976,9098,9061,9086,9070,9211,9000,8914,9230,9079,9045,9125,8658,8842,9229,8955,9164,9123,9161,8926,8791,9079,9087,9125,9184,9065,9296,8878,9198,9137,9115,9211,9022,9123,8440,9167,9108
2322,9082,9091,9046,8801,9278,9206,9113,9098,9180,9009,9068,8887,9127,9063,9079,9045,9097,9193,9130,9156,9253,9142,9030,9177,8963,9058,9046,9184,9000,9235,8789,9117,8960,9100,9044,9036,9154,9125,8885,9127,9248,9019,9148,9029,9198,9158,9037,9237,9117,8964,8572,8866,8957,9216,9058,9058,9107,9008,9128,8976,9098,9061,9086,9070,9211,9000,8914,9231,9079,9046,9125,8658,8842,9230,8955,9164,9123,9161,8927,8792,9080,9087,9125,9184,9065,9296,8878,9198,9137,9115,9211,9022,9124,8440,9167,9108
2323,9082,9092,9046,8801,9278,9206,9113,9098,9180,9009,9068,8888,9128,9063,9079,9045,9098,9193,9130,9156,9253,9142,9030,9177,8963,9058,9046,9185,9000,9235,8789,9117,8961,9100,9044,9036,9154,9125,8885,9127,9248,9020,9148,9029,9198,9158,9038,9237,9117,8965,8572,8866,8957,9216,9058,9058,9107,9008,9129,8976,9098,9061,9086,9070,9211,9000,8915,9231,9079,9046,9125,8658,8842,9230,8955,9164,9123,9161,8927,8792,9080,9087,9125,9184,9065,9297,8879,9198,9137,9115,9211,9022,9124,8441,9167,9108
2324,9082,9092,9046,8801,9278,9206,9113,9098,9180,9009,9068,8889,9128,9063,9079,9045,9098,9193,9130,9156,9253,9142,9030,9177,8963,9058,9047,9185,9000,9235,8789,9118,8961,9101,9044,9036,9154,9125,8885,9127,9248,9021,9148,9029,9198,9158,9039,9237,9117,8965,8572,8866,8957,9217,9058,9058,9107,9008,9129,8976,9098,9061,9087,9071,9211,9000,8915,9231,9080,9047,9125,8658,8842,9230,8955,9166,9123,9161,8927,8792,9081,9087,9125,9184,9065,9297,8879,9198,9137,9115,9211,9022,9124,8441,9167,9108
2325,9082,9093,9046,8801,9279,9206,9113,9099,9180,9009,9069,8889,9128,9064,9079,9045,9098,9193,9130,9157,9253,9143,9030,9177,8963,9058,9047,9186,9000,9236,8789,9119,8962,9101,9044,9036,9154,9125,8885,9127,9248,9021,9149,9030,9198,9158,9039,9237,9117,8965,8573,8866,8958,9218,9058,9058,9108,9008,9130,8976,9098,9061,9087,9071,9211,9000,8915,9231,9080,9047,9125,8658,8842,9232,8955,9166,9124,9161,8927,8792,9081,9088,9125,9184,9065,9297,8880,9198,9137,9115,9211,9022,9124,8441,9167,9108
2326,9082,9094,9047,8801,9280,9207,9113,9099,9180,9010,9069,8889,9128,9064,9080,9045,9098,9193,9130,9157,9253,9143,9030,9177,8963,9058,9047,9186,9000,9236,8789,9119,8962,9101,9044,9036,9154,9126,8885,9127,9248,9022,9149,9030,9198,9158,9039,9237,9118,8965,8573,8866,8958,9218,9058,9058,9108,9008,9132,8976,9098,9061,9087,9072,9211,9000,8915,9231,9080,9047,9125,8658,8844,9232,8955,9166,9124,9161,8927,8792,9081,9088,9127,9184,9065,9297,8880,9198,9137,9115,9211,9022,9124,8441,9167,9108
2327,9082,9094,9047,8801,9280,9207,9113,9099,9180,9010,9069,8889,9129,9064,9080,9046,9098,9193,9131,9157,9254,9143,9030,9177,8963,9058,9048,9186,9000,9236,8789,9119,8962,9102,9044,9037,9154,9126,8885,9127,9249,9023,9149,9030,9198,9158,9039,9237,9118,8966,8573,8866,8959,9218,9059,9058,9108,9008,9133,8976,9098,9061,9087,9072,9212,9000,8915,9231,9080,9047,9125,8658,8844,9233,8955,9166,9124,9161,8927,8792,9082,9089,9129,9184,9065,9297,8880,9198,9138,9115,9211,9022,9124,8441,9167,9108
2328,9082,9095,9047,8801,9280,9207,9113,9099,9180,9010,9069,8889,9129,9064,9080,9046,9098,9194,9131,9157,9254,9143,9030,9177,8963,9059,9048,9186,9000,9237,8789,9119,8962,9102,9044,9037,9154,9126,8885,9127,9249,9023,9149,9030,9198,9158,9039,9237,9118,8966,8573,8867,8959,9218,9060,9058,9109,9008,9133,8976,9098,9061,9087,9072,9212,9000,8915,9231,9081,9047,9126,8658,8844,9233,8955,9166,9124,9162,8927,8792,9082,9089,9129,9184,9065,9298,8880,9198,9138,9115,9211,9022,9124,8441,9167,9108
2329,9083,9095,9047,8801,9280,9207,9115,9099,9180,9010,9069,8889,9129,9064,9080,9046,9098,9194,9131,9158,9254,9143,9031,9177,8963,9059,9048,9186,9000,9238,8789,9119,8962,9102,9044,9037,9154,9126,8885,9127,9249,9024,9149,9030,9199,9158,9041,9237,9118,8966,8574,8867,8959,9218,9060,9058,9109,9008,9133,8976,9098,9061,9087,9072,9212,9000,8915,9231,9081,9047,9126,8658,8844,9233,8957,9166,9124,9162,8928,8792,9082,9089,9130,9184,9066,9298,8880,9198,9138,9116,9211,9022,9124,8441,9167,9108
2330,9083,9095,9047,8801,9280,9208,9115,9099,9182,9010,9069,8889,9129,9064,9080,9046,9098,9194,9131,9158,9254,9143,9031,9177,8963,9060,9048,9186,9000,9238,8789,9119,8962,9102,9044,9038,9154,9126,8885,9127,9250,9024,9149,9030,9199,9158,9041,9237,9118,8966,8574,8867,8959,9219,9060,9058,9109,9008,9133,8976,9098,9061,9087,9072,9212,9000,8915,9231,9081,9047,9127,8658,8844,9234,8957,9166,9124,9163,8928,8792,9082,9089,9130,9185,9066,9299,8881,9198,9138,9116,9211,9022,9124,8441,9167,9108
2331,9083,9095,9047,8801,9281,9208,9115,9100,9182,9010,9069,8889,9131,9065,9080,9046,9098,9194,9131,9158,9254,9143,9031,9178,8963,9060,9048,9186,9000,9238,8789,9119,8962,9102,9044,9038,9155,9126,8885,9128,9250,9024,9149,9030,9200,9158,9042,9237,9119,8968,8574,8867,8959,9219,9060,9058,9110,9008,9135,8976,9098,9061,9087,9072,9212,9001,8915,9231,9081,9047,9127,8658,8844,9234,8957,9167,9124,9163,8928,8792,9082,9089,9131,9185,9067,9299,8881,9198,9138,9116,9211,9023,9124,8441,9167,9109
2332,9083,9095,9047,8801,9281,9208,9115,9100,9182,9010,9069,8890,9132,9066,9080,9047,9098,9194,9132,9158,9255,9143,9031,9178,8963,9060,9048,9187,9000,9238,8789,9119,8963,9102,9044,9038,9156,9126,8885,9129,9251,9024,9149,9030,9200,9158,9042,9237,9119,8968,8575,8867,8959,9219,9060,9058,9110,9008,9135,8976,9100,9061,9088,9072,9212,9002,8915,9231,9082,9047,9128,8658,8844,9234,8957,9167,9124,9163,8928,8792,9082,9089,9131,9185,9067,9299,8881,9198,9139,9116,9211,9024,9124,8441,9167,9109
2333,9084,9095,9047,8803,9281,9208,9115,9101,9183,9010,9069,8890,9132,9066,9080,9047,9098,9194,9132,9158,9255,9143,9031,9178,8963,9060,9048,9187,9000,9238,8789,9119,8963,9102,9044,9039,9157,9126,8886,9129,9251,9024,9149,9031,9200,9158,9042,9237,9119,8968,8575,8867,8959,9219,9060,9058,9110,9008,9135,8976,9101,9061,9088,9072,9212,9002,8915,9231,9083,9048,9128,8658,8844,9235,8957,9168,9124,9164,8928,8792,9082,9089,9131,9186,9067,9299,8881,9198,9139,9116,9212,9024,9124,8442,9167,9110
2334,9084,9095,9047,8803,9281,9208,9115,9101,9183,9010,9069,8890,9132,9067,9080,9047,9098,9194,9132,9158,9255,9143,9031,9178,8963,9060,9048,9187,9001,9238,8790,9119,8964,9103,9044,9039,9157,9126,8887,9129,9251,9024,9149,9031,9200,9158,9042,9237,9119,8969,8575,8867,8960,9219,9060,9059,9110,9008,9136,8976,9101,9061,9088,9072,9212,9002,8915,9231,9083,9048,9128,8659,8844,9235,8957,9168,9124,9164,8928,8792,9082,9089,9131,9186,9068,9299,8881,9198,9139,9116,9212,9025,9124,8443,9167,9110
2335,9084,9095,9047,8803,9281,9208,9115,9101,9183,9010,9069,8891,9132,9068,9080,9047,9098,9195,9132,9159,9256,9143,9031,9178,8963,9060,9048,9187,9001,9238,8790,9119,8964,9103,9044,9039,9157,9127,8888,9130,9251,9024,9150,9031,9200,9158,9042,9237,9119,8969,8575,8867,8961,9220,9061,9060,9110,9008,9137,8976,9101,9061,9088,9072,9212,9002,8915,9231,9083,9048,9128,8659,8844,9236,8957,9168,9124,9164,8928,8792,9082,9089,9131,9186,9068,9299,8881,9198,9139,9116,9212,9025,9124,8443,9167,9110
2336,9084,9095,9047,8803,9281,9208,9115,9101,9183,9011,9069,8891,9132,9069,9081,9047,9098,9195,9132,9159,9256,9143,9031,9178,8963,9060,9048,9187,9001,9238,8790,9119,8964,9103,9045,9039,9157,9127,8889,9130,9251,9024,9150,9031,9200,9158,9043,9237,9119,8969,8575,8867,8961,9220,9062,9060,9110,9008,9137,8976,9101,9062,9088,9072,9212,9002,8915,9231,9083,9048,9128,8660,8845,9236,8957,9168,9125,9164,8928,8792,9082,9089,9131,9186,9068,9299,8881,9198,9139,9116,9212,9026,9124,8443,9167,9110
2337,9084,9095,9047,8803,9281,9208,9115,9101,9183,9012,9069,8891,9132,9069,9081,9047,9098,9195,9132,9159,9257,9143,9031,9178,8963,9061,9048,9188,9002,9239,8790,9119,8964,9103,9045,9039,9157,9127,8889,9130,9251,9024,9150,9031,9201,9158,9043,9237,9119,8970,8575,8867,8961,9222,9062,9060,9110,9009,9137,8976,9101,9062,9088,9072,9212,9002,8915,9231,9084,9048,9128,8660,8845,9237,8957,9168,9128,9164,8928,8792,9082,9089,9131,9186,9068,9299,8881,9198,9140,9117,9212,9026,9124,8443,9167,9110
2338,9084,9095,9047,8803,9281,9208,9116,9101,9183,9012,9069,8891,9132,9069,9081,9047,9098,9195,9132,9159,9257,9143,9031,9178,8964,9061,9048,9188,9003,9239,8790,9119,8964,9104,9045,9039,9157,9127,8889,9130,9251,9025,9150,9031,9201,9158,9043,9237,9119,8970,8575,8867,8961,9222,9062,9060,9110,9009,9137,8976,9101,9062,9088,9072,9212,9002,8915,9231,9084,9048,9129,8660,8845,9237,8957,9168,9128,9164,8928,8792,9083,9090,9131,9186,9068,9299,8882,9198,9141,9117,9212,9027,9124,8443,9167,9110
2339,9084,9095,9047,8803,9281,9208,9116,9101,9183,9012,9069,8891,9132,9069,9081,9048,9098,9195,9133,9159,9258,9143,9031,9178,8964,9061,9048,9189,9003,9239,8791,9119,8964,9104,9045,9039,9157,9127,8889,9130,9252,9026,9151,9031,9202,9158,9043,9237,9119,8970,8575,8868,8962,9222,9062,9060,9110,9009,9137,8976,9102,9063,9088,9072,9212,9002,8915,9231,9084,9048,9129,8660,8845,9237,8957,9168,9128,9164,8928,8793,9083,9091,9131,9186,9069,9299,8882,9198,9141,9117,9212,9027,9124,8443,9167,9110
2340,9084,9095,9047,8804,9281,9208,9116,9101,9183,9012,9070,8891,9132,9069,9082,9048,9099,9195,9133,9159,9258,9144,9031,9179,8964,9061,9048,9189,9003,9239,8791,9119,8964,9104,9045,9039,9157,9127,8889,9131,9253,9026,9151,9031,9203,9158,9043,9237,9119,8970,8575,8868,8962,9222,9062,9060,9110,9009,9138,8977,9102,9063,9088,9072,9212,9002,8915,9231,9084,9048,9129,8660,8845,9237,8957,9169,9129,9164,8928,8793,9083,9092,9132,9186,9069,9299,8882,9198,9141,9117,9213,9027,9125,8444,9167,9110
2341,9085,9096,9047,8804,9281,9208,9116,9101,9183,9012,9071,8891,9132,9069,9082,9049,9099,9195,9133,9160,9258,9145,9031,9179,8965,9062,9048,9189,9003,9240,8792,9119,8964,9104,9045,9039,9158,9127,8889,9131,9253,9026,9151,9031,9203,9159,9043,9237,9120,8970,8576,8869,8962,9223,9062,9060,9112,9009,9139,8977,9102,9063,9088,9072,9212,9002,8915,9231,9084,9048,9129,8660,8845,9237,8957,9169,9129,9164,8928,8793,9083,9092,9132,9186,9069,9299,8882,9198,9142,9117,9213,9027,9125,8444,9168,9110
2342,9085,9096,9047,8804,9281,9209,9116,9101,9183,9014,9071,8891,9132,9069,9082,9049,9099,9196,9133,9161,9258,9145,9031,9179,8965,9062,9049,9190,9003,9240,8792,9119,8964,9104,9045,9039,9158,9127,8889,9131,9253,9026,9151,9031,9204,9159,9043,9237,9120,8970,8576,8869,8962,9223,9062,9060,9112,9009,9139,8977,9102,9064,9088,9072,9212,9002,8915,9231,9085,9049,9129,8660,8845,9237,8957,9169,9130,9165,8929,8793,9084,9092,9132,9186,9069,9299,8882,9199,9143,9117,9213,9028,9125,8444,9168,9110
2343,9086,9096,9047,8805,9281,9209,9116,9101,9183,9014,9071,8891,9132,9069,9082,9050,9100,9196,9133,9161,9259,9145,9031,9179,8965,9062,9049,9190,9003,9240,8792,9119,8964,9104,9045,9040,9158,9127,8889,9131,9253,9026,9151,9031,9204,9159,9043,9238,9121,8972,8577,8869,8963,9223,9062,9060,9112,9009,9139,8977,9103,9064,9088,9072,9212,9002,8915,9232,9085,9049,9129,8660,8845,9237,8957,9169,9130,9165,8929,8793,9085,9092,9132,9186,9070,9299,8883,9199,9144,9117,9214,9028,9125,8444,9168,9110
2344,9086,9096,9047,8805,9281,9209,9116,9101,9183,9014,9071,8891,9132,9069,9082,9050,9100,9196,9133,9164,9259,9146,9031,9179,8966,9062,9049,9190,9003,9241,8792,9119,8964,9104,9045,9040,9158,9127,8889,9131,9253,9026,9152,9031,9204,9159,9043,9238,9121,8972,8577,8869,8963,9223,9062,9060,9113,9009,9141,8977,9103,9065,9088,9073,9212,9002,8916,9232,9085,9049,9129,8660,8845,9238,8957,9169,9130,9166,8929,8793,9085,9092,9133,9186,9071,9299,8883,9199,9144,9117,9214,9028,9125,8444,9168,9110
2345,9086,9097,9047,8805,9281,9210,9116,9101,9183,9014,9071,8891,9133,9069,9082,9050,9101,9196,9133,9164,9259,9146,9031,9179,8966,9062,9049,9190,9003,9241,8792,9119,8964,9104,9046,9040,9158,9127,8889,9131,9254,9026,9152,9031,9205,9159,9043,9239,9121,8973,8577,8869,8963,9223,9062,9060,9113,9009,9141,8977,9104,9065,9088,9073,9213,9002,8916,9232,9086,9049,9129,8661,8846,9238,8958,9169,9130,9166,8929,8793,9085,9092,9133,9186,9071,9300,8883,9199,9144,9117,9214,9028,9125,8444,9168,9110
2346,9086,9097,9047,8805,9281,9210,9116,9102,9183,9014,9071,8891,9133,9070,9082,9050,9101,9196,9133,9165,9259,9146,9031,9179,8966,9062,9049,9190,9003,9241,8792,9119,8965,9104,9046,9040,9158,9127,8889,9132,9254,9027,9152,9031,9205,9159,9043,9239,9121,8974,8577,8869,8963,9223,9062,9060,9114,9009,9141,8979,9104,9065,9089,9073,9213,9002,8916,9232,9086,9049,9129,8661,8846,9238,8958,9169,9130,9166,8929,8794,9085,9092,9134,9186,9071,9301,8883,9200,9144,9118,9214,9028,9125,8444,9168,9110
2347,9087,9097,9047,8806,9281,9210,9116,9102,9183,9014,9071,8891,9133,9070,9082,9050,9101,9197,9133,9165,9259,9146,9031,9179,8966,9062,9049,9190,9003,9242,8792,9119,8965,9104,9046,9040,9158,9127,8889,9133,9254,9027,9152,9031,9205,9159,9043,9239,9121,8974,8577,8869,8963,9223,9062,9060,9114,9009,9141,8979,9104,9065,9089,9073,9213,9002,8916,9232,9086,9049,9129,8661,8847,9240,8958,9170,9130,9166,8929,8795,9085,9092,9134,9186,9071,9301,8883,9200,9144,9118,9215,9028,9125,8444,9168,9110
2348,9087,9097,9047,8806,9281,9211,9116,9102,9183,9015,9071,8891,9133,9070,9082,9050,9101,9197,9133,9165,9259,9146,9031,9179,8967,9062,9049,9191,9003,9242,8793,9119,8965,9104,9046,9040,9158,9127,8889,9133,9254,9027,9152,9031,9205,9159,9044,9239,9121,8974,8577,8869,8963,9223,9062,9060,9114,9010,9141,8979,9104,9065,9089,9073,9213,9002,8917,9233,9086,9050,9129,8661,8847,9240,8958,9170,9131,9166,8929,8795,9085,9092,9134,9186,9071,9302,8883,9200,9144,9118,9215,9029,9125,8444,9168,9110
2349,9087,9097,9047,8806,9282,9212,9116,9103,9183,9015,9071,8891,9133,9070,9082,9050,9101,9198,9133,9165,9260,9146,9031,9179,8967,9062,9050,9191,9003,9242,8793,9119,8965,9104,9046,9040,9158,9127,8889,9133,9255,9027,9153,9031,9205,9159,9044,9239,9121,8974,8578,8869,8963,9223,9062,9060,9114,9010,9141,8980,9104,9066,9089,9073,9214,9002,8917,9234,9086,9050,9129,8661,8847,9240,8958,9170,9131,9166,8930,8795,9085,9092,9134,9186,9071,9302,8884,9200,9144,9118,9215,9030,9125,8444,9168,9110
2350,9088,9098,9047,8807,9282,9212,9116,9103,9184,9015,9072,8891,9133,9070,9082,9050,9102,9198,9134,9165,9260,9146,9032,9179,8967,9062,9050,9191,9004,9242,8793,9119,8965,9104,9046,9040,9158,9127,8889,9133,9256,9027,9154,9031,9205,9159,9044,9239,9121,8974,8578,8869,8963,9223,9062,9060,9114,9010,9141,8980,9104,9067,9089,9073,9214,9002,8917,9234,9087,9050,9129,8661,8847,9240,8958,9170,9131,9166,8930,8795,9085,9092,9135,9186,9071,9302,8884,9200,9144,9118,9215,9031,9125,8444,9168,9110
2351,9088,9099,9047,8807,9282,9213,9116,9103,9184,9016,9072,8891,9133,9070,9083,9050,9102,9198,9134,9165,9260,9146,9032,9179,8967,9062,9051,9191,9004,9242,8793,9119,8965,9104,9046,9040,9160,9128,8889,9133,9256,9027,9154,9031,9205,9159,9044,9239,9121,8974,8578,8870,8963,9223,9063,9060,9114,9010,9141,8980,9104,9067,9089,9073,9214,9002,8917,9234,9087,9050,9129,8661,8847,9240,8958,9170,9131,9167,8931,8795,9085,9092,9135,9186,9071,9302,8884,9200,9145,9118,9215,9031,9126,8444,9168,9110
2352,9088,9099,9047,8807,9282,9213,9116,9103,9185,9016,9072,8892,9133,9071,9083,9050,9102,9198,9134,9166,9260,9146,9032,9179,8967,9063,9051,9191,9004,9242,8793,9120,8965,9104,9046,9040,9160,9128,8889,9133,9256,9027,9154,9031,9205,9159,9044,9239,9121,8974,8578,8870,8963,9223,9063,9061,9114,9010,9141,8980,9104,9067,9089,9073,9214,9002,8917,9234,9087,9050,9129,8662,8847,9240,8958,9170,9131,9167,8931,8795,9085,9092,9135,9186,9072,9302,8884,9200,9145,9119,9215,9031,9126,8444,9168,9110
2353,9088,9099,9047,8807,9282,9213,9116,9103,9185,9016,9072,8892,9133,9072,9083,9050,9102,9198,9134,9166,9261,9146,9032,9179,8967,9063,9051,9191,9004,9243,8793,9120,8967,9104,9047,9040,9161,9128,8889,9133,9256,9027,9154,9031,9205,9159,9044,9239,9121,8974,8578,8870,8963,9223,9063,9061,9115,9010,9141,8980,9104,9067,9089,9073,9214,9002,8917,9234,9087,9050,9129,8662,8847,9240,8958,9170,9131,9167,8931,8795,9085,9093,9135,9186,9072,9303,8884,9200,9145,9119,9215,9031,9126,8445,9168,9110
2354,9089,9099,9047,8807,9282,9213,9116,9103,9185,9017,9072,8892,9133,9073,9083,9050,9102,9198,9134,9167,9261,9146,9032,9179,8967,9063,9052,9191,9004,9243,8793,9120,8967,9104,9048,9040,9161,9128,8889,9133,9257,9027,9154,9031,9206,9159,9044,9239,9121,8974,8578,8870,8964,9223,9064,9061,9115,9010,9141,8980,9104,9067,9089,9073,9214,9002,8917,9234,9087,9050,9129,8662,8847,9240,8958,9172,9132,9167,8931,8797,9085,9093,9135,9187,9072,9303,8884,9200,9146,9119,9216,9031,9126,8445,9168,9110
2355,9089,9099,9047,8807,9282,9213,9116,9104,9185,9017,9072,8892,9133,9073,9083,9050,9102,9199,9134,9167,9261,9147,9032,9179,8967,9063,9052,9191,9004,9243,8793,9120,8967,9104,9048,9040,9161,9128,8889,9133,9259,9027,9154,9031,9206,9159,9045,9239,9122,8974,8579,8870,8964,9223,9064,9062,9115,9010,9141,8981,9104,9068,9089,9073,9214,9002,8917,9234,9087,9050,9129,8662,8847,9240,8958,9172,9132,9167,8931,8797,9085,9093,9135,9187,9072,9303,8884,9200,9146,9119,9216,9031,9126,8445,9168,9110
2356,9089,9099,9047,8807,9282,9213,9116,9105,9185,9017,9072,8892,9133,9073,9083,9050,9102,9199,9134,9167,9261,9147,9032,9179,8967,9063,9052,9191,9004,9243,8794,9120,8968,9104,9048,9040,9161,9128,8889,9133,9259,9027,9154,9031,9206,9159,9045,9239,9123,8975,8579,8870,8964,9223,9064,9062,9115,9010,9141,8981,9104,9068,9089,9073,9214,9002,8917,9235,9087,9051,9129,8662,8847,9241,8958,9172,9132,9167,8932,8797,9085,9093,9135,9188,9072,9305,8884,9200,9146,9119,9216,9031,9127,8445,9168,9110
2357,9089,9099,9047,8807,9282,9213,9117,9105,9185,9017,9072,8892,9133,9073,9083,9050,9102,9199,9134,9167,9262,9147,9032,9179,8967,9063,9052,9191,9004,9243,8794,9120,8968,9104,9048,9041,9161,9128,8889,9133,9259,9027,9154,9031,9207,9159,9045,9239,9123,8975,8579,8870,8964,9224,9064,9062,9115,9010,9141,8981,9104,9068,9089,9073,9214,9002,8917,9235,9089,9051,9129,8662,8847,9241,8959,9172,9132,9167,8932,8797,9085,9093,9135,9188,9074,9306,8884,9200,9146,9119,9216,9031,9127,8445,9168,9110
2358,9089,9100,9047,8807,9282,9213,9117,9105,9185,9018,9072,8892,9133,9073,9083,9050,9103,9200,9135,9168,9262,9148,9032,9180,8967,9063,9052,9191,9004,9244,8794,9120,8968,9104,9049,9043,9161,9129,8889,9133,9259,9027,9154,9031,9207,9159,9045,9239,9123,8975,8579,8870,8964,9225,9066,9062,9115,9010,9142,8981,9104,9069,9091,9073,9214,9002,8917,9235,9089,9052,9129,8662,8847,9241,8959,9172,9132,9168,8932,8797,9085,9093,9136,9189,9074,9306,8884,9200,9146,9119,9216,9032,9127,8445,9169,9110
2359,9089,9101,9047,8807,9282,9213,9117,9105,9186,9018,9073,8893,9134,9074,9085,9050,9103,9200,9136,9168,9262,9149,9032,9180,8967,9063,9052,9191,9004,9244,8794,9120,8968,9104,9050,9043,9161,9129,8889,9133,9259,9027,9156,9031,9207,9159,9045,9239,9124,8975,8579,8870,8964,9225,9067,9062,9115,9010,9142,8981,9105,9069,9091,9073,9214,9002,8917,9236,9089,9052,9129,8662,8847,9241,8959,9172,9132,9168,8932,8797,9085,9093,9136,9189,9074,9308,8884,9200,9146,9119,9216,9032,9127,8447,9169,9110
2360,9089,9101,9047,8807,9282,9213,9117,9105,9186,9018,9073,8893,9134,9074,9085,9050,9103,9201,9136,9168,9263,9149,9032,9180,8967,9063,9052,9191,9004,9244,8794,9120,8968,9104,9050,9044,9161,9129,8889,9133,9260,9027,9157,9031,9207,9160,9045,9239,9124,8975,8579,8871,8964,9225,9067,9062,9115,9010,9142,8981,9105,9069,9091,9073,9214,9002,8917,9236,9089,9052,9129,8662,8847,9242,8959,9172,9132,9168,8932,8797,9085,9093,9136,9189,9074,9308,8885,9200,9146,9119,9216,9032,9127,8447,9169,9110
2361,9089,9101,9047,8807,9282,9213,9118,9105,9186,9019,9073,8893,9134,9074,9085,9050,9103,9201,9136,9168,9263,9149,9032,9180,8967,9063,9052,9191,9004,9244,8794,9120,8968,9105,9050,9045,9161,9129,8889,9133,9260,9029,9157,9031,9207,9161,9045,9239,9124,8975,8579,8872,8964,9225,9067,9063,9115,9010,9142,8981,9106,9069,9091,9073,9214,9002,8917,9236,9089,9052,9129,8662,8847,9242,8959,9172,9132,9168,8932,8797,9085,9093,9136,9189,9074,9308,8885,9200,9146,9119,9216,9032,9127,8447,9169,9110
2362,9090,9101,9047,8807,9282,9213,9118,9105,9187,9019,9073,8893,9134,9075,9085,9050,9103,9201,9137,9168,9264,9149,9032,9180,8967,9063,9052,9191,9004,9244,8794,9120,8968,9105,9050,9045,9162,9130,8889,9133,9260,9030,9157,9032,9207,9161,9045,9239,9125,8975,8579,8872,8964,9225,9067,9063,9115,9010,9142,8981,9106,9069,9091,9073,9214,9002,8919,9236,9089,9052,9129,8662,8847,9242,8959,9172,9133,9168,8932,8797,9085,9093,9136,9189,9074,9308,8885,9200,9146,9119,9216,9032,9129,8447,9169,9110
2363,9090,9101,9047,8807,9282,9213,9118,9105,9187,9019,9073,8893,9134,9075,9085,9050,9103,9201,9137,9168,9265,9149,9032,9180,8967,9063,9052,9191,9004,9244,8794,9120,8968,9105,9050,9045,9162,9131,8891,9133,9260,9030,9158,9032,9207,9161,9045,9239,9125,8975,8579,8873,8965,9225,9067,9063,9115,9010,9142,8981,9107,9069,9091,9073,9215,9003,8919,9236,9089,9052,9129,8663,8847,9242,8959,9172,9133,9168,8932,8797,9085,9093,9136,9189,9074,9308,8885,9200,9147,9119,9216,9032,9129,8447,9169,9110
2364,9090,9101,9047,8807,9282,9215,9119,9105,9187,9019,9073,8894,9134,9075,9085,9050,9103,9201,9137,9168,9265,9149,9032,9180,8967,9064,9052,9191,9005,9244,8794,9120,8969,9105,9050,9045,9162,9131,8891,9133,9260,9030,9159,9032,9208,9161,9045,9239,9126,8975,8579,8873,8965,9228,9067,9064,9115,9010,9142,8981,9107,9069,9092,9073,9215,9004,8919,9236,9089,9052,9129,8663,8847,9243,8959,9172,9133,9168,8932,8797,9085,9093,9137,9189,9074,9308,8885,9200,9147,9119,9217,9032,9129,8447,9169,9110
2365,9090,9102,9047,8807,9282,9215,9119,9105,9187,9019,9073,8894,9134,9075,9085,9050,9103,9201,9137,9168,9265,9149,9032,9181,8968,9064,9052,9191,9005,9244,8794,9120,8969,9105,9050,9045,9162,9131,8892,9133,9261,9030,9159,9032,9209,9161,9045,9239,9126,8975,8579,8873,8965,9229,9067,9065,9115,9010,9142,8981,9107,9069,9092,9073,9215,9004,8920,9237,9089,9052,9129,8663,8847,9243,8959,9172,9133,9168,8932,8797,9085,9093,9137,9189,9074,9308,8885,9200,9147,9119,9218,9032,9129,8447,9169,9110
2366,9090,9102,9047,8807,9283,9215,9119,9105,9187,9019,9073,8894,9134,9075,9085,9050,9103,9201,9137,9169,9265,9149,9032,9182,8968,9065,9052,9191,9005,9244,8794,9120,8969,9105,9050,9045,9162,9131,8892,9133,9261,9030,9159,9032,9209,9161,9046,9239,9126,8975,8579,8873,8965,9229,9067,9065,9115,9011,9143,8981,9107,9069,9092,9073,9215,9004,8920,9237,9089,9052,9129,8663,8847,9243,8959,9172,9134,9168,8932,8797,9085,9093,9137,9189,9074,9308,8886,9200,9147,9119,9218,9032,9130,8447,9169,9110
2367,9090,9102,9047,8808,9283,9215,9119,9105,9187,9019,9073,8894,9136,9075,9085,9050,9103,9201,9138,9169,9265,9149,9032,9182,8968,9066,9052,9191,9005,9244,8794,9120,8969,9105,9050,9045,9162,9131,8892,9133,9261,9030,9159,9032,9209,9161,9046,9239,9126,8975,8580,8873,8965,9229,9067,9065,9115,9011,9143,8981,9107,9069,9092,9074,9215,9004,8920,9237,9089,9053,9129,8663,8847,9244,8959,9172,9134,9168,8932,8797,9085,9094,9138,9189,9074,9308,8886,9200,9147,9119,9218,9032,9130,8447,9169,9110
2368,9090,9102,9047,8808,9283,9215,9119,9105,9188,9019,9073,8894,9136,9076,9085,9050,9103,9201,9138,9169,9267,9149,9032,9182,8968,9067,9052,9191,9005,9244,8794,9120,8969,9106,9050,9046,9162,9131,8892,9133,9261,9030,9161,9032,9209,9161,9047,9239,9126,8975,8581,8873,8965,9229,9067,9065,9115,9011,9143,8981,9107,9069,9092,9074,9215,9004,8921,9237,9089,9053,9129,8663,8847,9244,8959,9172,9135,9168,8932,8797,9085,9095,9138,9189,9074,9308,8886,9200,9147,9119,9218,9032,9131,8447,9169,9110
2369,9090,9102,9047,8808,9283,9215,9119,9105,9188,9019,9073,8894,9136,9076,9086,9050,9103,9201,9138,9169,9267,9149,9032,9182,8968,9067,9052,9191,9005,9244,8794,9120,8969,9106,9050,9047,9162,9131,8892,9133,9262,9030,9161,9032,9209,9161,9047,9239,9126,8975,8581,8873,8965,9229,9067,9065,9115,9011,9143,8982,9108,9069,9092,9074,9215,9004,8921,9237,9089,9053,9129,8663,8847,9244,8959,9172,9135,9168,8932,8797,9085,9095,9138,9190,9074,9308,8886,9200,9147,9119,9219,9034,9131,8448,9169,9110
2370,9090,9103,9047,8808,9283,9215,9119,9105,9189,9019,9073,8894,9136,9076,9086,9050,9103,9201,9138,9169,9267,9149,9032,9182,8968,9068,9052,9191,9005,9245,8794,9120,8969,9106,9051,9048,9162,9131,8892,9133,9263,9030,9161,9032,9209,9162,9047,9239,9126,8975,8581,8873,8966,9229,9067,9065,9115,9011,9143,8982,9108,9069,9092,9074,9215,9004,8921,9237,9089,9053,9129,8663,8847,9244,8959,9172,9135,9168,8932,8798,9085,9095,9138,9190,9074,9308,8887,9200,9147,9119,9220,9034,9131,8448,9169,9110
2371,9090,9103,9047,8808,9284,9215,9119,9105,9189,9019,9073,8894,9136,9076,9086,9050,9103,9201,9138,9169,9267,9149,9032,9182,8968,9068,9052,9191,9005,9245,8796,9120,8969,9106,9051,9048,9162,9131,8892,9133,9263,9030,9161,9032,9209,9162,9047,9239,9126,8975,8581,8873,8966,9230,9067,9065,9115,9011,9143,8982,9108,9069,9092,9074,9215,9004,8921,9237,9089,9053,9129,8664,8847,9244,8959,9172,9135,9168,8932,8798,9085,9095,9138,9190,9074,9308,8887,9200,9147,9119,9221,9034,9131,8449,9169,9110
2372,9090,9103,9047,8808,9284,9215,9119,9105,9189,9019,9073,8894,9136,9076,9086,9050,9103,9201,9139,9170,9267,9149,9032,9182,8968,9068,9052,9191,9005,9245,8796,9120,8969,9106,9051,9048,9162,9131,8893,9133,9264,9030,9161,9032,9209,9162,9047,9240,9126,8975,8581,8873,8966,9231,9067,9065,9115,9011,9143,8982,9108,9069,9092,9074,9215,9004,8921,9237,9089,9053,9129,8665,8848,9244,8959,9172,9135,9168,8932,8798,9085,9095,9138,9190,9074,9308,8887,9200,9147,9119,9221,9034,9131,8449,9169,9110
2373,9090,9103,9048,8808,9284,9215,9120,9105,9189,9019,9073,8894,9136,9076,9087,9050,9103,9201,9139,9171,9267,9149,9032,9182,8968,9068,9052,9191,9005,9245,8796,9120,8969,9106,9051,9048,9162,9131,8893,9133,9264,9030,9162,9032,9209,9162,9047,9240,9126,8975,8581,8874,8966,9231,9067,9065,9115,9011,9143,8982,9108,9069,9092,9074,9215,9004,8921,9237,9089,9054,9129,8665,8848,9244,8960,9172,9136,9170,8932,8798,9085,9095,9138,9190,9074,9309,8887,9200,9147,9119,9221,9034,9131,8449,9170,9110
2374,9090,9103,9048,8808,9284,9215,9121,9105,9189,9019,9073,8894,9136,9076,9087,9050,9104,9201,9139,9171,9267,9149,9032,9182,8968,9068,9052,9191,9005,9245,8796,9120,8969,9106,9051,9048,9162,9131,8893,9133,9264,9030,9162,9032,9209,9162,9047,9240,9126,8975,8581,8874,8966,9231,9067,9065,9115,9011,9143,8982,9108,9069,9093,9074,9215,9005,8921,9237,9089,9054,9130,8665,8848,9244,8960,9172,9137,9170,8932,8798,9085,9095,9138,9190,9074,9309,8887,9200,9147,9119,9221,9034,9131,8449,9170,9110
2375,9090,9103,9048,8808,9284,9215,9122,9105,9189,9019,9073,8894,9136,9076,9087,9050,9104,9201,9139,9171,9268,9149,9033,9182,8968,9068,9052,9191,9005,9245,8797,9120,8969,9107,9051,9048,9162,9131,8893,9133,9264,9030,9162,9032,9209,9162,9047,9240,9126,8975,8581,8875,8966,9231,9067,9065,9115,9011,9143,8982,9108,9069,9094,9074,9216,9005,8921,9239,9089,9054,9130,8665,8848,9244,8961,9172,9137,9170,8932,8798,9085,9095,9138,9190,9074,9309,8887,9200,9148,9119,9221,9034,9131,8449,9170,9110
2376,9090,9103,9048,8808,9284,9216,9122,9105,9189,9019,9073,8894,9136,9076,9087,9052,9104,9201,9139,9171,9268,9149,9033,9183,8968,9068,9052,9191,9005,9245,8797,9121,8969,9107,9051,9048,9162,9132,8893,9133,9264,9030,9162,9032,9209,9162,9047,9240,9126,8975,8581,8875,8966,9232,9067,9065,9115,9011,9143,8982,9108,9069,9094,9074,9216,9005,8921,9239,9089,9054,9130,8665,8848,9244,8961,9172,9137,9170,8932,8798,9086,9095,9138,9190,9074,9309,8887,9200,9148,9119,9221,9034,9131,8449,9170,9110
2377,9090,9104,9048,8808,9284,9216,9122,9105,9189,9019,9073,8894,9137,9076,9087,9052,9104,9201,9139,9171,9268,9149,9033,9183,8968,9068,9052,9192,9005,9245,8797,9121,8969,9107,9051,9048,9162,9132,8893,9133,9264,9030,9162,9032,9209,9162,9047,9240,9126,8975,8581,8875,8966,9232,9067,9065,9115,9011,9143,8982,9108,9069,9094,9074,9216,9005,8921,9239,9089,9054,9130,8665,8848,9244,8961,9172,9137,9170,8932,8798,9086,9095,9139,9190,9074,9309,8887,9200,9148,9120,9221,9034,9132,8450,9170,9110
2378,9090,9104,9048,8808,9284,9216,9122,9105,9189,9020,9073,8894,9137,9076,9087,9052,9105,9201,9139,9171,9268,9149,9034,9183,8968,9068,9052,9192,9005,9245,8798,9121,8970,9107,9051,9049,9162,9132,8893,9133,9264,9030,9162,9032,9209,9162,9047,9241,9126,8975,8582,8875,8966,9233,9067,9065,9115,9011,9143,8982,9108,9069,9094,9074,9216,9005,8921,9239,9089,9054,9130,8666,8848,9244,8961,9172,9137,9170,8932,8798,9086,9095,9139,9190,9074,9309,8887,9201,9148,9121,9221,9034,9132,8450,9170,9110
2379,9090,9104,9048,8809,9284,9216,9122,9105,9189,9021,9073,8894,9137,9076,9087,9052,9106,9201,9139,9171,9268,9149,9034,9183,8968,9068,9052,9192,9005,9246,8798,9121,8970,9107,9051,9049,9162,9132,8893,9133,9265,9030,9162,9032,9209,9162,9047,9241,9126,8975,8582,8876,8966,9233,9067,9065,9115,9011,9143,8982,9108,9069,9094,9074,9216,9005,8921,9239,9089,9054,9130,8667,8848,9244,8961,9172,9137,9170,8932,8798,9086,9096,9139,9190,9074,9309,8887,9201,9148,9121,9221,9035,9132,8450,9170,9110
2380,9090,9104,9048,8810,9284,9216,9122,9105,9189,9022,9073,8894,9137,9076,9087,9053,9106,9201,9139,9171,9269,9149,9034,9183,8968,9068,9052,9192,9005,9247,8798,9121,8970,9107,9051,9049,9164,9133,8893,9133,9265,9030,9162,9032,9210,9162,9047,9241,9126,8975,8582,8876,8966,9233,9067,9065,9115,9011,9143,8982,9108,9069,9094,9074,9216,9005,8921,9239,9089,9054,9130,8667,8848,9244,8961,9172,9137,9170,8932,8798,9086,9096,9139,9190,9074,9309,8887,9201,9148,9121,9222,9035,9132,8450,9170,9110
2381,9090,9104,9048,8810,9284,9216,9122,9106,9189,9022,9073,8894,9137,9076,9087,9053,9106,9201,9139,9171,9270,9149,9034,9183,8968,9068,9052,9192,9006,9248,8798,9122,8971,9107,9051,9049,9164,9133,8893,9133,9265,9030,9162,9032,9210,9162,9047,9241,9126,8975,8582,8876,8966,9233,9067,9065,9116,9011,9143,8982,9108,9069,9094,9075,9217,9005,8921,9239,9089,9054,9130,8667,8849,9244,8961,9172,9137,9170,8932,8798,9086,9096,9139,9190,9074,9309,8887,9201,9149,9121,9223,9035,9132,8450,9170,9110
2382,9091,9104,9048,8810,9284,9217,9122,9106,9189,9022,9073,8894,9137,9076,9087,9053,9106,9201,9141,9171,9270,9150,9034,9183,8968,9069,9052,9192,9007,9248,8798,9122,8971,9107,9051,9049,9164,9133,8893,9134,9266,9030,9162,9032,9210,9162,9047,9241,9126,8975,8582,8876,8967,9233,9067,9065,9116,9011,9143,8982,9108,9069,9094,9075,9218,9005,8921,9239,9089,9054,9130,8667,8850,9245,8961,9172,9137,9170,8932,8798,9086,9096,9139,9190,9074,9309,8887,9201,9149,9121,9223,9035,9132,8450,9170,9110
2383,9091,9104,9048,8810,9284,9217,9122,9106,9189,9023,9073,8894,9137,9077,9088,9053,9106,9201,9141,9171,9270,9151,9034,9183,8968,9069,9052,9192,9007,9248,8798,9122,8971,9108,9051,9049,9164,9133,8893,9134,9266,9030,9162,9032,9210,9162,9047,9241,9127,8975,8582,8876,8967,9233,9067,9066,9116,9011,9143,8982,9108,9069,9094,9075,9218,9005,8921,9239,9089,9054,9130,8667,8850,9245,8961,9172,9137,9170,8932,8799,9086,9096,9139,9190,9074,9309,8887,9201,9149,9121,9223,9035,9132,8450,9170,9110
2384,9091,9105,9048,8810,9284,9217,9122,9106,9189,9023,9073,8894,9137,9077,9088,9053,9106,9201,9141,9171,9270,9151,9034,9183,8969,9069,9053,9193,9007,9248,8798,9122,8971,9108,9051,9049,9164,9133,8894,9134,9266,9030,9162,9032,9210,9162,9047,9241,9127,8975,8582,8876,8967,9234,9068,9066,9116,9011,9143,8982,9108,9069,9094,9075,9218,9005,8921,9239,9089,9054,9130,8667,8850,9245,8961,9173,9137,9170,8932,8800,9086,9096,9139,9190,9074,9309,8887,9201,9149,9121,9223,9035,9132,8450,9170,9110
2385,9091,9105,9048,8810,9284,9217,9122,9106,9189,9024,9073,8895,9138,9077,9088,9053,9106,9201,9141,9171,9270,9151,9034,9184,8969,9069,9053,9193,9007,9249,8798,9122,8971,9108,9051,9049,9164,9133,8894,9134,9266,9030,9162,9032,9210,9162,9047,9241,9127,8975,8582,8876,8967,9235,9068,9066,9116,9012,9143,8982,9108,9069,9094,9075,9218,9005,8921,9239,9089,9054,9130,8667,8850,9245,8962,9173,9137,9170,8932,8800,9086,9096,9139,9191,9074,9309,8888,9201,9149,9121,9223,9035,9132,8450,9170,9110
2386,9091,9105,9048,8810,9284,9217,9122,9106,9189,9025,9073,8895,9138,9077,9088,9053,9106,9202,9142,9171,9271,9151,9034,9184,8969,9070,9053,9193,9007,9249,8798,9122,8971,9108,9051,9049,9164,9133,8894,9134,9266,9030,9162,9032,9211,9162,9047,9241,9127,8975,8582,8876,8967,9235,9068,9066,9116,9012,9143,8982,9108,9069,9094,9075,9218,9006,8921,9239,9089,9054,9130,8667,8850,9245,8962,9174,9137,9170,8932,8800,9086,9096,9139,9191,9075,9309,8888,9202,9149,9121,9223,9035,9132,8452,9170,9110
2387,9091,9105,9048,8810,9285,9217,9122,9106,9189,9025,9073,8895,9138,9077,9088,9053,9106,9202,9142,9171,9271,9151,9034,9185,8969,9070,9053,9193,9007,9249,8798,9122,8971,9108,9051,9050,9164,9133,8894,9134,9266,9030,9162,9032,9212,9162,9047,9241,9127,8975,8582,8876,8967,9235,9068,9066,9116,9012,9143,8982,9109,9070,9094,9075,9218,9006,8921,9239,9089,9054,9130,8667,8850,9245,8963,9174,9137,9170,8932,8800,9086,9096,9139,9192,9075,9309,8889,9202,9149,9121,9223,9035,9132,8452,9170,9110
2388,9092,9105,9048,8810,9285,9217,9122,9107,9189,9025,9073,8895,9138,9077,9088,9053,9106,9202,9142,9172,9271,9151,9035,9185,8970,9070,9053,9193,9007,9249,8798,9122,8971,9108,9051,9050,9164,9134,8894,9135,9266,9030,9162,9033,9212,9162,9047,9242,9127,8975,8583,8877,8967,9236,9069,9066,9116,9012,9143,8982,9109,9070,9095,9075,9218,9006,8922,9239,9089,9054,9130,8668,8850,9247,8963,9174,9137,9171,8932,8800,9086,9096,9139,9193,9075,9310,8890,9203,9150,9121,9223,9035,9133,8452,9170,9110
2389,9093,9105,9048,8810,9285,9217,9122,9107,9189,9025,9073,8896,9140,9078,9088,9053,9106,9202,9142,9172,9271,9151,9035,9185,8970,9070,9053,9193,9007,9249,8798,9122,8971,9109,9051,9050,9164,9134,8894,9135,9267,9030,9162,9033,9212,9162,9047,9242,9127,8975,8583,8877,8967,9236,9069,9066,9116,9012,9143,8982,9109,9070,9095,9076,9218,9006,8922,9239,9089,9054,9130,8668,8850,9247,8963,9174,9137,9171,8932,8800,9086,9096,9139,9193,9075,9310,8890,9203,9150,9121,9223,9036,9133,8452,9170,9110
2390,9094,9105,9048,8811,9285,9217,9122,9107,9190,9025,9073,8896,9140,9078,9088,9053,9106,9202,9142,9172,9271,9151,9035,9186,8970,9070,9053,9194,9007,9249,8798,9122,8971,9109,9052,9050,9164,9134,8894,9135,9267,9031,9162,9033,9212,9162,9047,9242,9129,8975,8583,8877,8967,9237,9070,9066,9116,9012,9143,8982,9109,9070,9095,9076,9218,9006,8922,9239,9089,9054,9130,8668,8850,9247,8963,9174,9137,9171,8932,8800,9086,9096,9139,9193,9076,9310,8890,9203,9150,9121,9223,9036,9133,8453,9170,9110
2391,9094,9105,9048,8811,9285,9217,9122,9107,9190,9025,9074,8896,9140,9078,9088,9053,9106,9202,9142,9173,9271,9151,9035,9186,8971,9070,9053,9194,9007,9249,8798,9122,8971,9109,9052,9051,9164,9134,8894,9135,9268,9031,9162,9033,9212,9162,9047,9242,9129,8975,8583,8877,8967,9237,9070,9066,9117,9012,9143,8982,9109,9070,9095,9076,9218,9006,8922,9240,9089,9054,9130,8668,8850,9248,8964,9174,9137,9171,8932,8800,9086,9096,9139,9193,9076,9310,8890,9203,9150,9121,9223,9036,9133,8453,9171,9110
2392,9095,9105,9048,8811,9285,9217,9122,9107,9190,9025,9074,8896,9140,9078,9088,9053,9106,9202,9142,9173,9272,9151,9035,9186,8971,9070,9053,9194,9007,9249,8799,9122,8971,9109,9052,9051,9164,9134,8894,9135,9268,9031,9162,9033,9212,9162,9047,9242,9130,8975,8583,8877,8967,9237,9070,9067,9117,9013,9143,8983,9110,9070,9095,9076,9218,9006,8922,9241,9089,9054,9130,8668,8850,9249,8964,9174,9137,9171,8932,8800,9086,9096,9139,9193,9076,9310,8890,9203,9150,9121,9223,9036,9133,8453,9171,9110
2393,9095,9105,9048,8811,9285,9218,9122,9107,9190,9025,9074,8896,9140,9078,9089,9053,9106,9202,9142,9173,9273,9151,9035,9186,8971,9070,9053,9194,9008,9249,8799,9122,8971,9109,9052,9051,9164,9134,8894,9135,9269,9031,9162,9033,9212,9163,9047,9242,9131,8976,8584,8877,8967,9237,9070,9067,9117,9013,9143,8983,9110,9070,9095,9077,9218,9006,8922,9241,9089,9054,9130,8668,8850,9250,8964,9174,9137,9171,8932,8800,9086,9096,9139,9193,9076,9310,8890,9203,9150,9121,9223,9036,9133,8453,9171,9110
2394,9095,9105,9048,8811,9285,9218,9122,9107,9190,9025,9074,8897,9140,9078,9089,9053,9106,9202,9142,9173,9273,9151,9035,9186,8971,9070,9053,9194,9008,9249,8799,9122,8971,9109,9052,9051,9164,9134,8894,9135,9269,9031,9162,9033,9212,9163,9047,9242,9131,8976,8584,8877,8968,9237,9071,9067,9117,9013,9143,8983,9110,9070,9095,9077,9218,9006,8922,9241,9089,9054,9130,8668,8850,9250,8964,9174,9137,9171,8933,8800,9086,9096,9139,9193,9076,9310,8890,9203,9150,9121,9223,9036,9133,8453,9171,9110
2395,9095,9105,9048,8811,9285,9218,9122,9107,9190,9025,9074,8897,9140,9078,9089,9053,9106,9202,9144,9173,9273,9151,9036,9186,8971,9070,9053,9194,9008,9249,8800,9122,8971,9109,9052,9051,9164,9134,8894,9135,9269,9031,9162,9033,9213,9163,9047,9242,9132,8976,8584,8877,8968,9237,9071,9067,9117,9013,9143,8983,9110,9070,9095,9077,9218,9006,8922,9241,9089,9054,9130,8668,8850,9250,8964,9174,9137,9171,8933,8800,9086,9096,9139,9193,9076,9310,8890,9203,9150,9121,9223,9036,9133,8453,9171,9110
2396,9095,9105,9048,8811,9285,9218,9122,9107,9191,9025,9074,8897,9140,9078,9089,9053,9106,9202,9144,9173,9273,9151,9036,9186,8971,9070,9053,9195,9008,9249,8800,9122,8971,9109,9052,9051,9164,9134,8895,9135,9269,9031,9162,9033,9214,9163,9047,9242,9132,8976,8584,8877,8969,9238,9071,9067,9117,9014,9143,8984,9110,9070,9095,9077,9218,9006,8922,9241,9089,9054,9130,8668,8850,9250,8964,9175,9137,9171,8933,8800,9087,9097,9139,9193,9076,9310,8890,9203,9150,9121,9223,9036,9133,8453,9171,9110
2397,9095,9106,9048,8811,9285,9218,9122,9107,9191,9025,9075,8897,9140,9078,9089,9053,9106,9202,9144,9173,9273,9152,9037,9186,8971,9070,9053,9195,9008,9249,8800,9122,8971,9110,9052,9052,9164,9134,8895,9135,9269,9031,9162,9033,9214,9163,9047,9242,9132,8976,8584,8877,8969,9239,9071,9067,9117,9014,9143,8984,9110,9070,9095,9077,9218,9006,8923,9241,9089,9054,9130,8668,8850,9250,8964,9175,9138,9171,8933,8800,9087,9097,9139,9193,9076,9310,8891,9203,9150,9121,9223,9036,9133,8453,9171,9110
2398,9095,9106,9048,8811,9285,9218,9122,9107,9191,9025,9075,8897,9140,9078,9089,9053,9106,9202,9145,9173,9273,9152,9037,9186,8971,9070,9053,9195,9008,9249,8800,9122,8971,9111,9053,9053,9164,9134,8895,9135,9269,9031,9162,9033,9214,9163,9047,9242,9132,8976,8584,8877,8969,9239,9071,9067,9117,9014,9143,8984,9110,9070,9095,9077,9218,9006,8923,9241,9089,9054,9130,8668,8850,9250,8964,9175,9139,9171,8933,8800,9087,9097,9139,9194,9076,9310,8891,9203,9150,9122,9223,9036,9133,8453,9171,9110
2399,9095,9106,9048,8811,9285,9219,9122,9107,9191,9025,9075,8897,9140,9078,9089,9053,9106,9202,9145,9173,9273,9152,9037,9186,8971,9070,9053,9196,9008,9249,8800,9122,8971,9111,9053,9053,9164,9134,8895,9135,9269,9031,9162,9033,9214,9163,9047,9242,9132,8976,8584,8877,8969,9239,9072,9067,9117,9014,9143,8984,9110,9070,9095,9077,9219,9006,8923,9241,9089,9054,9131,8668,8850,9250,8964,9175,9140,9171,8933,8800,9087,9098,9139,9194,9076,9310,8891,9203,9150,9122,9223,9036,9133,8453,9171,9110
2400,9095,9106,9048,8811,9285,9219,9122,9107,9191,9025,9075,8897,9140,9078,9089,9053,9106,9202,9145,9174,9273,9152,9037,9186,8971,9070,9053,9196,9008,9249,8800,9122,8971,9111,9053,9053,9164,9134,8895,9135,9269,9031,9162,9033,9214,9163,9047,9242,9132,8976,8585,8877,8969,9239,9072,9067,9117,9014,9143,8984,9110,9070,9096,9077,9219,9006,8923,9241,9089,9054,9131,8668,8850,9250,8964,9175,9140,9171,8933,8800,9087,9098,9139,9194,9076,9310,8891,9203,9150,9122,9223,9036,9134,8453,9171,9110
2401,9095,9106,9048,8811,9285,9219,9122,9107,9192,9025,9075,8897,9140,9078,9089,9053,9106,9202,9145,9174,9273,9152,9037,9187,8971,9070,9053,9196,9008,9249,8801,9122,8971,9112,9053,9053,9164,9134,8895,9135,9269,9031,9163,9033,9214,9163,9047,9242,9132,8976,8585,8877,8970,9240,9072,9067,9117,9014,9143,8984,9110,9070,9096,9077,9219,9006,8923,9242,9089,9054,9131,8668,8851,9250,8964,9175,9140,9171,8933,8801,9087,9098,9139,9194,9076,9311,8891,9203,9150,9122,9223,9036,9134,8453,9171,9110
2402,9095,9106,9048,8811,9285,9220,9123,9107,9192,9025,9075,8897,9140,9078,9089,9053,9106,9202,9145,9174,9273,9152,9037,9187,8971,9071,9053,9197,9010,9249,8801,9122,8971,9112,9053,9054,9164,9134,8895,9135,9269,9031,9163,9033,9214,9163,9047,9242,9132,8976,8585,8877,8971,9240,9072,9067,9117,9014,9143,8984,9110,9070,9096,9077,9219,9006,8923,9242,9089,9054,9131,8668,8851,9250,8964,9175,9140,9171,8933,8801,9087,9098,9139,9194,9076,9311,8891,9203,9150,9122,9223,9036,9134,8453,9171,9110
2403,9095,9107,9048,8811,9285,9220,9123,9107,9192,9025,9075,8897,9140,9078,9090,9053,9106,9202,9145,9174,9273,9152,9038,9187,8971,9071,9053,9197,9010,9250,8801,9122,8971,9112,9053,9054,9164,9134,8895,9135,9270,9031,9164,9033,9214,9163,9047,9242,9132,8976,8585,8877,8971,9240,9072,9067,9117,9014,9143,8984,9110,9070,9096,9077,9219,9007,8923,9242,9089,9054,9131,8668,8851,9250,8964,9175,9140,9171,8933,8802,9087,9098,9142,9194,9076,9311,8891,9203,9150,9122,9223,9036,9135,8453,9171,9111
2404,9095,9109,9048,8811,9285,9220,9123,9107,9192,9025,9075,8897,9140,9079,9090,9053,9106,9202,9145,9174,9273,9152,9038,9187,8971,9071,9053,9197,9010,9250,8801,9122,8971,9112,9053,9054,9164,9135,8895,9135,9270,9031,9164,9033,9214,9163,9047,9242,9132,8976,8585,8877,8971,9240,9072,9067,9117,9014,9143,8984,9110,9070,9096,9078,9219,9007,8924,9242,9089,9054,9131,8669,8851,9250,8964,9176,9140,9171,8933,8803,9087,9098,9142,9194,9076,9312,8891,9203,9150,9122,9223,9036,9135,8453,9171,9112
2405,9095,9109,9048,8811,9285,9220,9123,9107,9192,9025,9075,8897,9140,9079,9090,9053,9107,9202,9145,9174,9273,9152,9038,9187,8971,9071,9053,9197,9010,9250,8801,9124,8971,9112,9053,9054,9164,9135,8895,9135,9270,9031,9164,9033,9215,9163,9047,9242,9132,8976,8585,8877,8971,9240,9072,9067,9117,9014,9143,8984,9110,9070,9096,9078,9219,9008,8924,9242,9089,9054,9131,8669,8851,9250,8965,9177,9140,9171,8933,8803,9087,9098,9142,9194,9076,9312,8891,9203,9150,9122,9223,9036,9135,8454,9171,9112
2406,9095,9109,9048,8811,9285,9220,9123,9107,9192,9025,9075,8897,9140,9079,9090,9053,9108,9202,9145,9175,9273,9152,9038,9187,8971,9071,9053,9197,9010,9250,8801,9124,8971,9112,9053,9054,9164,9135,8895,9135,9270,9031,9164,9033,9215,9163,9047,9242,9132,8976,8585,8877,8971,9241,9072,9067,9118,9014,9143,8984,9110,9070,9096,9078,9219,9008,8924,9242,9089,9054,9131,8669,8851,9250,8965,9177,9140,9171,8934,8803,9087,9098,9142,9194,9076,9312,8891,9203,9150,9123,9223,9036,9135,8454,9171,9112
2407,9096,9109,9048,8811,9285,9220,9123,9107,9192,9025,9076,8897,9140,9079,9090,9053,9108,9202,9145,9175,9274,9152,9038,9187,8971,9071,9054,9199,9010,9250,8801,9124,8971,9112,9053,9054,9164,9135,8895,9135,9270,9031,9164,9033,9215,9163,9047,9242,9132,8977,8585,8877,8971,9241,9072,9067,9118,9014,9143,8984,9111,9070,9096,9078,9219,9008,8924,9242,9089,9054,9131,8669,8851,9250,8965,9177,9140,9171,8934,8803,9088,9098,9142,9194,9076,9312,8892,9203,9150,9123,9223,9036,9135,8454,9171,9112
2408,9096,9109,9048,8811,9285,9220,9123,9107,9192,9025,9076,8897,9140,9080,9090,9053,9108,9202,9145,9175,9274,9152,9038,9187,8971,9071,9054,9199,9010,9250,8801,9124,8971,9112,9053,9054,9164,9135,8895,9135,9270,9032,9164,9033,9215,9163,9047,9242,9132,8977,8585,8877,8972,9241,9072,9067,9118,9014,9143,8984,9111,9070,9096,9078,9219,9008,8924,9243,9089,9054,9131,8669,8851,9250,8965,9177,9140,9171,8934,8803,9088,9098,9142,9194,9076,9312,8892,9203,9150,9123,9223,9036,9135,8455,9171,9112
2409,9096,9109,9048,8811,9286,9221,9123,9107,9192,9025,9076,8897,9140,9080,9091,9053,9108,9202,9145,9175,9275,9152,9038,9187,8971,9071,9054,9199,9010,9250,8801,9124,8971,9112,9053,9054,9165,9135,8895,9135,9270,9032,9164,9033,9215,9164,9047,9242,9132,8977,8585,8877,8973,9241,9072,9067,9118,9014,9143,8984,9111,9070,9096,9078,9219,9008,8925,9243,9089,9054,9131,8669,8851,9250,8965,9177,9140,9172,8934,8803,9088,9098,9142,9195,9076,9312,8892,9203,9150,9123,9223,9036,9135,8455,9171,9112
2410,9096,9109,9048,8811,9286,9221,9123,9107,9192,9025,9076,8897,9140,9081,9091,9053,9108,9202,9145,9175,9275,9152,9038,9187,8972,9071,9054,9199,9010,9251,8801,9124,8971,9112,9053,9054,9165,9136,8895,9136,9270,9032,9164,9033,9215,9164,9047,9242,9133,8977,8585,8877,8973,9241,9072,9067,9118,9014,9143,8984,9112,9070,9096,9078,9219,9009,8925,9243,9089,9054,9131,8669,8851,9250,8965,9177,9140,9172,8934,8804,9089,9098,9142,9195,9076,9314,8892,9204,9150,9123,9223,9036,9135,8455,9171,9112
2411,9096,9109,9048,8811,9286,9221,9123,9107,9192,9025,9076,8898,9140,9081,9091,9053,9108,9202,9145,9175,9275,9152,9038,9187,8972,9071,9054,9199,9010,9251,8801,9124,8971,9112,9053,9054,9165,9136,8895,9136,9270,9032,9164,9034,9215,9164,9047,9242,9133,8977,8585,8877,8973,9241,9072,9067,9118,9014,9143,8984,9112,9070,9096,9078,9219,9010,8925,9244,9090,9055,9131,8669,8851,9251,8965,9177,9140,9172,8934,8804,9089,9098,9142,9197,9076,9315,8892,9204,9150,9124,9223,9036,9135,8455,9171,9112
2412,9096,9109,9048,8811,9286,9222,9123,9107,9192,9025,9076,8898,9140,9081,9091,9053,9108,9202,9145,9175,9275,9152,9038,9187,8972,9071,9054,9199,9010,9251,8801,9124,8971,9112,9053,9054,9165,9136,8895,9136,9270,9032,9165,9034,9215,9164,9047,9242,9133,8977,8585,8877,8973,9241,9072,9067,9118,9014,9144,8984,9112,9070,9097,9078,9219,9010,8925,9244,9090,9055,9131,8669,8851,9251,8966,9178,9140,9172,8934,8804,9089,9098,9142,9197,9076,9315,8892,9204,9150,9124,9224,9036,9135,8455,9171,9112
2413,9096,9109,9048,8811,9286,9223,9123,9107,9192,9025,9076,8898,9140,9081,9091,9054,9108,9202,9145,9175,9275,9152,9039,9187,8972,9071,9054,9199,9010,9251,8802,9124,8971,9112,9053,9054,9165,9136,8896,9136,9271,9032,9165,9034,9215,9164,9047,9242,9133,8977,8585,8877,8973,9241,9072,9067,9119,9014,9144,8984,9112,9070,9097,9078,9219,9010,8925,9244,9090,9055,9131,8669,8851,9251,8966,9178,9140,9172,8934,8804,9089,9098,9142,9197,9076,9315,8892,9204,9150,9124,9224,9036,9135,8455,9171,9112
2414,9096,9109,9048,8811,9286,9223,9123,9107,9192,9025,9076,8898,9140,9081,9091,9054,9108,9202,9145,9175,9275,9152,9039,9187,8972,9071,9054,9199,9010,9251,8802,9124,8971,9112,9053,9054,9165,9136,8896,9136,9271,9032,9165,9034,9215,9164,9047,9242,9134,8977,8585,8877,8973,9241,9072,9067,9119,9014,9144,8985,9112,9070,9097,9078,9219,9010,8925,9245,9090,9055,9131,8669,8851,9251,8966,9178,9140,9172,8934,8804,9089,9098,9142,9197,9076,9315,8892,9204,9150,9124,9224,9036,9135,8455,9171,9112
2415,9096,9109,9048,8811,9286,9223,9123,9108,9192,9025,9076,8898,9140,9081,9091,9054,9108,9202,9145,9175,9275,9152,9039,9187,8972,9071,9054,9199,9010,9251,8802,9124,8971,9112,9053,9054,9166,9136,8896,9136,9271,9033,9165,9034,9215,9164,9047,9242,9134,8977,8585,8877,8973,9241,9072,9067,9119,9014,9144,8985,9112,9070,9097,9078,9219,9010,8925,9245,9090,9055,9131,8669,8852,9251,8966,9179,9140,9172,8934,8804,9089,9098,9142,9197,9076,9315,8892,9204,9150,9124,9224,9036,9135,8455,9171,9112
2416,9096,9109,9048,8811,9286,9223,9123,9109,9192,9025,9076,8898,9140,9081,9091,9054,9108,9202,9145,9176,9275,9152,9039,9187,8972,9071,9054,9199,9010,9251,8803,9124,8971,9112,9053,9054,9166,9136,8896,9137,9271,9033,9165,9034,9215,9164,9047,9242,9134,8977,8586,8877,8973,9241,9072,9068,9119,9014,9144,8985,9112,9070,9097,9078,9219,9010,8925,9245,9090,9055,9131,8669,8852,9251,8966,9179,9140,9172,8934,8804,9089,9098,9142,9197,9076,9315,8892,9204,9150,9124,9225,9036,9135,8455,9171,9112
2417,9096,9109,9048,8811,9286,9224,9123,9109,9192,9025,9077,8898,9140,9081,9091,9054,9108,9202,9145,9176,9275,9152,9039,9187,8972,9071,9054,9199,9010,9251,8803,9124,8971,9112,9053,9054,9166,9136,8896,9137,9271,9033,9166,9034,9215,9164,9047,9242,9134,8977,8586,8877,8973,9241,9072,9068,9119,9014,9144,8985,9112,9070,9097,9078,9219,9010,8925,9245,9090,9055,9131,8670,8852,9251,8966,9180,9140,9172,8934,8804,9089,9098,9142,9197,9076,9315,8892,9204,9151,9124,9225,9036,9135,8455,9171,9112
2418,9096,9109,9048,8812,9286,9225,9123,9109,9192,9025,9077,8898,9140,9081,9091,9054,9109,9202,9145,9176,9275,9152,9039,9187,8972,9071,9054,9199,9010,9251,8803,9124,8972,9112,9053,9054,9166,9136,8896,9137,9271,9033,9166,9034,9215,9165,9047,9242,9134,8977,8586,8877,8973,9241,9072,9068,9119,9014,9145,8985,9112,9070,9097,9079,9219,9010,8925,9245,9090,9055,9131,8670,8852,9251,8967,9180,9140,9172,8934,8804,9089,9098,9142,9197,9076,9315,8892,9204,9151,9124,9225,9036,9135,8455,9171,9112
2419,9096,9109,9048,8812,9286,9225,9123,9109,9192,9025,9077,8898,9141,9081,9091,9054,9109,9202,9145,9176,9276,9152,9039,9187,8972,9071,9054,9199,9010,9251,8803,9124,8973,9112,9053,9055,9166,9136,8897,9137,9271,9033,9166,9034,9215,9165,9047,9242,9134,8977,8586,8877,8973,9241,9072,9068,9119,9014,9145,8985,9112,9070,9097,9079,9219,9010,8925,9245,9090,9055,9131,8670,8852,9251,8967,9180,9140,9172,8934,8804,9089,9098,9142,9197,9076,9315,8892,9204,9151,9125,9225,9036,9135,8455,9171,9112
2420,9096,9109,9048,8813,9286,9225,9123,9109,9192,9025,9077,8898,9141,9081,9091,9054,9109,9202,9145,9177,9276,9152,9039,9187,8972,9071,9054,9199,9010,9252,8803,9124,8973,9112,9053,9055,9166,9136,8897,9137,9271,9033,9166,9034,9215,9165,9047,9242,9134,8977,8586,8877,8974,9241,9072,9068,9119,9014,9145,8985,9112,9070,9097,9079,9219,9010,8925,9245,9090,9055,9131,8670,8852,9251,8967,9180,9140,9172,8934,8804,9089,9098,9142,9197,9076,9315,8892,9204,9152,9125,9225,9036,9135,8455,9172,9112
2421,9096,9109,9048,8813,9286,9225,9123,9109,9192,9025,9077,8898,9141,9081,9091,9054,9109,9202,9145,9177,9276,9152,9039,9187,8972,9071,9054,9199,9010,9252,8803,9124,8973,9112,9053,9055,9166,9136,8897,9137,9271,9033,9166,9034,9215,9165,9047,9242,9134,8977,8586,8877,8974,9241,9072,9068,9119,9015,9145,8985,9112,9070,9097,9079,9219,9010,8925,9245,9090,9055,9131,8671,8853,9252,8967,9180,9140,9172,8935,8804,9089,9099,9142,9197,9076,9315,8892,9204,9152,9125,9225,9038,9135,8456,9172,9112
2422,9096,9109,9048,8813,9286,9225,9123,9109,9192,9025,9077,8898,9141,9081,9091,9054,9109,9202,9145,9177,9276,9152,9039,9187,8972,9071,9054,9200,9010,9252,8803,9124,8973,9112,9053,9055,9167,9136,8897,9137,9272,9033,9166,9034,9215,9165,9048,9242,9135,8977,8586,8877,8974,9241,9072,9068,9119,9015,9146,8985,9112,9070,9097,9079,9220,9010,8925,9245,9090,9055,9131,8671,8853,9252,8967,9180,9140,9172,8935,8804,9089,9099,9142,9197,9076,9315,8892,9204,9152,9126,9225,9038,9135,8456,9172,9112
2423,9096,9109,9048,8813,9287,9225,9123,9110,9192,9025,9077,8898,9141,9081,9091,9054,9109,9202,9145,9177,9276,9152,9039,9187,8972,9071,9054,9200,9010,9252,8803,9124,8973,9113,9053,9055,9167,9136,8897,9137,9272,9033,9166,9034,9215,9165,9048,9243,9135,8977,8586,8877,8974,9241,9072,9068,9119,9015,9146,8985,9112,9070,9097,9079,9220,9010,8925,9245,9090,9055,9131,8671,8853,9252,8967,9180,9140,9173,8935,8804,9089,9099,9142,9197,9076,9315,8892,9204,9152,9126,9226,9038,9135,8456,9172,9112
2424,9096,9109,9048,8813,9287,9225,9123,9110,9192,9025,9077,8899,9141,9081,9091,9054,9109,9202,9145,9177,9276,9152,9040,9187,8972,9071,9054,9200,9010,9252,8804,9125,8973,9113,9053,9055,9167,9136,8898,9138,9272,9033,9166,9034,9215,9165,9048,9243,9135,8977,8587,8877,8974,9241,9072,9068,9119,9015,9146,8985,9112,9070,9097,9079,9221,9010,8925,9245,9090,9055,9131,8672,8853,9252,8968,9181,9140,9173,8935,8804,9089,9099,9142,9197,9076,9315,8892,9204,9153,9127,9226,9038,9135,8456,9172,9112
2425,9096,9109,9048,8813,9287,9225,9123,9110,9193,9025,9077,8899,9141,9081,9091,9054,9110,9202,9145,9177,9276,9152,9040,9187,8972,9071,9055,9201,9010,9252,8804,9125,8973,9113,9053,9055,9167,9136,8898,9138,9272,9033,9166,9034,9215,9165,9048,9244,9136,8977,8587,8877,8974,9241,9072,9068,9120,9015,9146,8985,9112,9071,9097,9079,9221,9010,8925,9245,9090,9055,9131,8672,8853,9252,8968,9181,9140,9173,8935,8804,9089,9099,9142,9197,9076,9315,8892,9205,9154,9127,9226,9038,9135,8456,9172,9112
2426,9096,9109,9048,8814,9289,9225,9123,9110,9193,9025,9077,8899,9141,9081,9091,9054,9110,9202,9145,9177,9276,9152,9040,9187,8972,9071,9055,9201,9010,9253,8804,9126,8973,9113,9053,9055,9167,9136,8898,9138,9272,9033,9166,9034,9215,9165,9048,9245,9136,8977,8587,8877,8974,9241,9072,9068,9120,9015,9146,8985,9112,9071,9097,9079,9221,9010,8926,9245,9090,9055,9131,8672,8853,9253,8969,9181,9140,9173,8935,8804,9089,9099,9142,9197,9076,9315,8892,9205,9154,9127,9226,9038,9135,8456,9172,9112
2427,9096,9109,9048,8815,9289,9225,9123,9110,9193,9025,9077,8899,9142,9081,9091,9054,9110,9202,9145,9177,9276,9152,9040,9187,8972,9071,9056,9201,9010,9253,8804,9126,8973,9113,9053,9055,9167,9136,8898,9138,9272,9033,9166,9034,9215,9165,9048,9246,9136,8978,8587,8877,8974,9242,9072,9068,9120,9015,9146,8985,9113,9071,9097,9079,9221,9010,8926,9245,9090,9055,9131,8672,8853,9253,8969,9181,9140,9173,8935,8804,9089,9099,9142,9197,9076,9315,8892,9205,9154,9127,9226,9038,9135,8456,9172,9112
2428,9096,9109,9048,8815,9289,9225,9123,9110,9193,9025,9077,8899,9142,9081,9092,9054,9110,9202,9145,9177,9276,9152,9040,9187,8972,9071,9057,9201,9010,9254,8804,9126,8973,9113,9053,9055,9167,9136,8898,9138,9272,9033,9166,9034,9215,9165,9048,9246,9136,8978,8587,8877,8974,9242,9073,9068,9120,9015,9146,8985,9113,9071,9097,9079,9221,9010,8926,9245,9090,9055,9131,8672,8853,9255,8969,9181,9140,9174,8935,8804,9089,9099,9142,9197,9076,9315,8892,9205,9155,9127,9226,9038,9135,8456,9172,9112
2429,9096,9109,9048,8817,9289,9225,9123,9110,9193,9025,9077,8899,9143,9082,9092,9054,9110,9202,9145,9178,9276,9152,9040,9188,8972,9071,9057,9201,9010,9254,8804,9126,8973,9113,9053,9055,9167,9136,8898,9138,9272,9033,9166,9034,9215,9165,9048,9246,9136,8978,8587,8877,8974,9242,9073,9068,9120,9015,9146,8985,9113,9071,9097,9079,9221,9010,8926,9245,9090,9055,9131,8672,8853,9255,8969,9181,9141,9174,8935,8804,9089,9099,9142,9197,9076,9315,8892,9205,9155,9127,9226,9038,9135,8456,9172,9113
2430,9096,9109,9048,8817,9289,9225,9123,9110,9193,9025,9077,8899,9143,9082,9092,9055,9110,9202,9146,9178,9276,9152,9040,9188,8972,9071,9057,9201,9011,9254,8804,9126,8973,9113,9053,9055,9167,9136,8898,9138,9272,9033,9166,9034,9215,9165,9048,9246,9136,8978,8587,8877,8974,9242,9073,9068,9120,9015,9146,8985,9113,9071,9097,9079,9221,9010,8926,9246,9090,9055,9132,8672,8853,9255,8969,9181,9141,9174,8935,8804,9089,9099,9142,9197,9076,9315,8892,9205,9156,9127,9226,9038,9135,8456,9172,9113
2431,9096,9109,9048,8817,9289,9225,9123,9110,9193,9025,9077,8899,9143,9083,9092,9055,9110,9202,9146,9178,9276,9153,9040,9188,8972,9071,9058,9201,9011,9254,8804,9126,8973,9113,9053,9055,9167,9136,8899,9138,9272,9033,9166,9034,9215,9165,9048,9246,9136,8978,8587,8877,8974,9242,9073,9068,9120,9015,9147,8985,9113,9071,9097,9079,9221,9010,8926,9246,9090,9055,9133,8672,8853,9255,8969,9181,9141,9174,8935,8805,9089,9099,9142,9197,9076,9315,8892,9206,9156,9127,9226,9038,9135,8457,9173,9113
2432,9096,9109,9049,8817,9289,9225,9123,9110,9193,9025,9077,8899,9143,9083,9092,9055,9110,9202,9146,9178,9276,9153,9040,9188,8972,9071,9058,9201,9011,9254,8804,9126,8973,9113,9053,9055,9167,9136,8900,9138,9272,9033,9166,9034,9215,9165,9048,9246,9136,8978,8587,8877,8974,9242,9073,9068,9120,9015,9147,8985,9113,9071,9097,9079,9221,9010,8926,9246,9090,9055,9133,8672,8853,9255,8970,9181,9141,9174,8935,8805,9089,9099,9142,9197,9076,9315,8892,9206,9156,9127,9226,9038,9135,8457,9173,9114
2433,9096,9109,9049,8817,9289,9225,9123,9110,9193,9025,9077,8899,9144,9083,9092,9055,9110,9202,9146,9178,9276,9153,9040,9188,8972,9071,9058,9201,9011,9254,8804,9126,8973,9113,9053,9055,9168,9137,8900,9138,9273,9033,9166,9034,9215,9165,9048,9246,9136,8978,8588,8877,8974,9242,9073,9069,9120,9015,9147,8985,9114,9071,9097,9079,9221,9010,8926,9246,9090,9055,9133,8672,8853,9255,8970,9181,9142,9174,8935,8805,9090,9099,9142,9198,9076,9315,8892,9206,9156,9127,9226,9038,9135,8457,9173,9114
2434,9096,9109,9049,8817,9289,9225,9124,9110,9193,9025,9077,8899,9144,9083,9092,9055,9110,9202,9146,9178,9276,9153,9040,9188,8972,9071,9058,9201,9012,9254,8804,9126,8973,9113,9053,9055,9168,9137,8900,9138,9273,9034,9166,9034,9215,9165,9048,9246,9136,8978,8588,8878,8974,9242,9073,9069,9120,9015,9147,8985,9114,9071,9097,9079,9221,9010,8926,9246,9091,9055,9133,8672,8853,9255,8970,9181,9142,9174,8935,8805,9090,9099,9142,9198,9076,9315,8892,9206,9156,9127,9227,9038,9135,8457,9173,9114
2435,9096,9109,9049,8817,9289,9225,9124,9110,9193,9025,9077,8899,9144,9083,9092,9055,9110,9202,9146,9179,9276,9153,9040,9188,8972,9071,9058,9201,9012,9254,8804,9126,8973,9114,9053,9055,9168,9137,8900,9138,9273,9034,9166,9034,9215,9165,9048,9246,9136,8978,8588,8878,8974,9242,9073,9069,9120,9015,9147,8985,9114,9071,9097,9079,9221,9010,8926,9246,9091,9055,9133,8672,8853,9255,8970,9181,9142,9174,8935,8805,9090,9099,9142,9198,9076,9315,8892,9207,9156,9127,9227,9038,9135,8457,9173,9114
2436,9096,9109,9049,8817,9289,9225,9124,9110,9193,9025,9077,8899,9144,9083,9092,9056,9110,9202,9146,9179,9276,9154,9040,9188,8972,9071,9058,9202,9012,9254,8804,9127,8973,9114,9053,9055,9168,9137,8900,9138,9273,9034,9166,9034,9216,9165,9048,9246,9136,8978,8588,8878,8974,9242,9073,9069,9120,9015,9147,8985,9114,9071,9097,9079,9221,9010,8926,9246,9091,9055,9133,8672,8853,9255,8970,9182,9142,9174,8935,8805,9090,9100,9142,9198,9076,9316,8892,9207,9156,9127,9227,9038,9135,8457,9173,9114
2437,9096,9109,9049,8817,9289,9225,9125,9110,9193,9025,9077,8899,9144,9084,9092,9056,9110,9202,9146,9179,9276,9154,9040,9188,8972,9071,9058,9202,9012,9254,8804,9127,8973,9114,9053,9055,9168,9137,8900,9138,9273,9035,9166,9034,9216,9165,9048,9246,9136,8978,8588,8878,8974,9242,9073,9069,9120,9015,9147,8985,9114,9071,9098,9079,9221,9010,8926,9246,9091,9055,9133,8672,8853,9255,8970,9182,9142,9174,8935,8805,9090,9100,9142,9199,9076,9316,8892,9207,9156,9128,9228,9038,9135,8457,9173,9114
2438,9096,9109,9049,8817,9290,9225,9125,9110,9193,9025,9077,8899,9144,9084,9092,9056,9110,9202,9146,9179,9277,9154,9040,9189,8972,9071,9058,9202,9012,9254,8804,9128,8973,9114,9053,9055,9168,9137,8900,9138,9273,9035,9167,9034,9216,9165,9048,9246,9136,8978,8589,8878,8974,9242,9073,9070,9120,9015,9147,8986,9115,9071,9098,9079,9221,9010,8926,9246,9091,9055,9133,8672,8853,9257,8970,9182,9142,9174,8935,8806,9090,9100,9143,9199,9076,9316,8892,9207,9156,9128,9228,9038,9135,8457,9173,9114
2439,9096,9109,9049,8817,9290,9225,9125,9110,9193,9025,9077,8899,9144,9084,9092,9056,9110,9202,9146,9179,9277,9154,9040,9189,8972,9071,9058,9202,9012,9254,8804,9128,8973,9114,9053,9055,9168,9137,8900,9138,9273,9035,9167,9034,9216,9165,9048,9246,9136,8978,8589,8878,8974,9242,9073,9070,9120,9015,9147,8986,9115,9071,9098,9079,9221,9010,8926,9246,9091,9055,9133,8672,8853,9257,8970,9182,9142,9174,8935,8806,9090,9100,9143,9199,9076,9316,8892,9207,9156,9128,9228,9038,9135,8457,9173,9114
2440,9096,9109,9049,8817,9290,9225,9125,9110,9193,9025,9077,8899,9144,9084,9092,9056,9110,9202,9146,9179,9277,9154,9040,9189,8972,9071,9058,9202,9012,9254,8804,9128,8973,9114,9053,9055,9168,9137,8900,9138,9273,9035,9167,9034,9216,9165,9048,9246,9136,8979,8589,8878,8974,9242,9073,9070,9120,9015,9147,8987,9115,9071,9098,9079,9221,9010,8926,9246,9091,9055,9135,8672,8853,9257,8970,9182,9142,9174,8935,8806,9090,9100,9143,9199,9076,9316,8892,9207,9156,9128,9228,9038,9135,8457,9173,9114
2441,9097,9109,9049,8817,9290,9225,9125,9110,9193,9025,9077,8900,9144,9084,9092,9056,9110,9202,9146,9179,9277,9154,9040,9190,8972,9071,9058,9202,9012,9255,8804,9128,8973,9114,9053,9055,9168,9137,8900,9138,9273,9035,9167,9034,9216,9165,9048,9246,9136,8979,8589,8878,8974,9242,9073,9070,9120,9015,9147,8987,9115,9071,9098,9079,9221,9010,8926,9246,9091,9055,9135,8672,8853,9257,8970,9182,9142,9174,8935,8806,9090,9100,9143,9199,9076,9316,8892,9207,9156,9128,9229,9038,9135,8457,9173,9114
2442,9097,9109,9049,8817,9290,9225,9126,9110,9193,9025,9077,8900,9144,9084,9092,9056,9110,9202,9146,9179,9277,9154,9040,9190,8972,9071,9058,9202,9012,9256,8804,9128,8973,9114,9054,9055,9168,9137,8900,9138,9273,9035,9167,9034,9216,9165,9048,9246,9136,8979,8589,8878,8974,9242,9073,9070,9120,9015,9147,8987,9115,9071,9098,9079,9221,9010,8926,9247,9091,9055,9135,8672,8853,9257,8970,9182,9142,9174,8935,8806,9090,9100,9143,9199,9076,9316,8892,9207,9156,9128,9229,9038,9135,8457,9173,9114
2443,9097,9109,9049,8817,9290,9225,9127,9110,9193,9025,9077,8900,9145,9084,9092,9056,9110,9202,9146,9180,9277,9154,9040,9190,8972,9071,9058,9202,9012,9256,8804,9128,8973,9114,9054,9055,9168,9137,8900,9138,9273,9035,9167,9034,9216,9165,9048,9246,9136,8979,8589,8878,8974,9242,9073,9070,9120,9015,9148,8987,9115,9071,9098,9079,9221,9010,8926,9247,9091,9055,9136,8672,8853,9258,8971,9182,9142,9174,8935,8806,9090,9101,9143,9199,9076,9316,8892,9207,9156,9128,9229,9038,9135,8457,9174,9114
2444,9097,9110,9049,8817,9290,9225,9127,9110,9193,9025,9077,8900,9145,9084,9092,9056,9110,9202,9146,9180,9278,9154,9040,9190,8972,9071,9058,9202,9012,9256,8804,9128,8973,9114,9054,9055,9168,9137,8900,9138,9273,9035,9167,9034,9216,9165,9048,9247,9136,8979,8590,8878,8974,9242,9073,9070,9120,9015,9148,8987,9115,9071,9098,9079,9221,9010,8926,9247,9091,9055,9136,8672,8853,9258,8971,9182,9142,9174,8935,8806,9090,9101,9143,9199,9076,9316,8892,9207,9157,9128,9229,9038,9135,8457,9174,9114
2445,9097,9110,9049,8817,9291,9225,9128,9110,9193,9025,9077,8900,9145,9084,9092,9056,9110,9203,9146,9180,9278,9154,9040,9190,8972,9071,9058,9202,9012,9256,8805,9128,8973,9114,9054,9055,9168,9137,8900,9138,9273,9035,9167,9034,9216,9165,9048,9248,9137,8979,8590,8878,8974,9242,9074,9070,9120,9015,9148,8987,9115,9071,9098,9079,9221,9010,8926,9247,9091,9055,9136,8672,8853,9258,8971,9182,9142,9174,8935,8806,9090,9101,9143,9199,9076,9316,8892,9207,9157,9128,9229,9038,9135,8457,9174,9114
2446,9098,9110,9049,8817,9291,9225,9128,9110,9193,9025,9077,8900,9145,9084,9092,9056,9110,9203,9146,9180,9278,9154,9040,9190,8972,9071,9058,9202,9012,9256,8805,9128,8973,9114,9054,9055,9168,9137,8900,9138,9273,9035,9167,9034,9216,9165,9048,9248,9137,8979,8590,8878,8975,9242,9074,9070,9120,9015,9148,8987,9115,9071,9098,9079,9221,9010,8926,9247,9091,9055,9136,8672,8853,9258,8971,9182,9142,9174,8935,8806,9090,9101,9143,9199,9076,9316,8892,9207,9157,9128,9229,9038,9135,8457,9174,9114
2447,9098,9110,9049,8817,9291,9225,9128,9110,9193,9025,9077,8900,9145,9084,9092,9056,9111,9203,9146,9180,9278,9154,9040,9190,8972,9071,9058,9202,9012,9256,8805,9128,8973,9114,9054,9055,9168,9137,8900,9138,9273,9035,9167,9034,9216,9165,9048,9248,9137,8979,8590,8878,8975,9242,9074,9070,9120,9015,9148,8987,9115,9071,9098,9079,9221,9010,8927,9247,9091,9055,9136,8672,8853,9258,8971,9182,9142,9175,8935,8806,9090,9101,9143,9199,9076,9316,8892,9207,9157,9128,9229,9038,9135,8458,9174,9114
2448,9098,9110,9049,8817,9291,9225,9128,9110,9193,9025,9077,8900,9145,9084,9092,9056,9111,9203,9146,9180,9278,9154,9040,9190,8972,9071,9058,9202,9012,9257,8805,9128,8973,9114,9054,9055,9168,9137,8900,9138,9273,9035,9167,9034,9216,9165,9048,9248,9137,8979,8590,8878,8976,9243,9074,9070,9120,9015,9148,8987,9115,9072,9098,9079,9221,9010,8927,9247,9092,9055,9136,8672,8853,9258,8971,9182,9142,9175,8935,8806,9090,9101,9143,9199,9076,9316,8892,9207,9157,9128,9229,9038,9135,8458,9174,9114
2449,9098,9110,9049,8817,9291,9225,9128,9110,9193,9025,9077,8900,9145,9084,9092,9056,9111,9203,9146,9180,9278,9154,9041,9190,8972,9072,9058,9203,9012,9258,8805,9128,8973,9114,9054,9055,9168,9137,8900,9138,9274,9035,9167,9034,9216,9165,9048,9249,9137,8979,8590,8878,8976,9243,9075,9070,9120,9015,9148,8987,9115,9072,9098,9080,9221,9010,8927,9247,9092,9055,9136,8672,8853,9258,8971,9182,9142,9175,8935,8806,9090,9101,9143,9200,9076,9316,8892,9207,9157,9128,9229,9038,9135,8458,9174,9114
2450,9098,9110,9049,8817,9291,9225,9128,9110,9193,9025,9077,8900,9145,9084,9093,9056,9111,9203,9146,9180,9278,9154,9042,9190,8972,9072,9058,9203,9012,9258,8805,9128,8973,9114,9054,9055,9168,9137,8900,9138,9274,9035,9167,9034,9216,9165,9048,9249,9137,8979,8590,8878,8976,9243,9075,9070,9120,9015,9149,8987,9115,9072,9098,9080,9221,9010,8927,9247,9092,9055,9136,8672,8853,9258,8971,9182,9142,9175,8935,8806,9090,9101,9143,9200,9076,9316,8892,9207,9157,9128,9229,9038,9135,8459,9174,9114
2451,9098,9110,9049,8817,9291,9225,9128,9110,9193,9025,9077,8900,9145,9084,9093,9056,9111,9203,9146,9180,9278,9154,9042,9190,8973,9072,9058,9204,9012,9258,8805,9128,8973,9114,9054,9055,9168,9137,8900,9139,9274,9035,9167,9034,9216,9165,9048,9249,9137,8979,8590,8879,8976,9243,9075,9070,9120,9015,9150,8987,9115,9072,9098,9080,9221,9010,8927,9247,9092,9056,9136,8672,8853,9258,8971,9182,9142,9175,8935,8806,9090,9101,9144,9200,9076,9316,8892,9207,9157,9128,9229,9038,9135,8459,9174,9114
2452,9098,9110,9049,8817,9291,9225,9128,9110,9193,9025,9077,8900,9145,9084,9093,9056,9111,9203,9146,9180,9278,9154,9043,9190,8973,9072,9058,9204,9012,9258,8805,9128,8973,9114,9054,9055,9168,9137,8900,9139,9274,9035,9167,9034,9216,9165,9048,9249,9137,8980,8590,8880,8976,9243,9075,9070,9120,9015,9150,8987,9115,9072,9098,9080,9221,9010,8927,9247,9092,9056,9136,8672,8853,9258,8971,9182,9142,9175,8935,8806,9090,9101,9144,9200,9076,9316,8892,9207,9157,9128,9229,9038,9135,8459,9174,9114
2453,9098,9111,9049,8817,9291,9225,9128,9110,9193,9025,9077,8900,9145,9084,9093,9056,9111,9203,9146,9180,9278,9154,9043,9190,8973,9072,9058,9204,9012,9258,8805,9128,8973,9114,9055,9055,9168,9137,8900,9139,9274,9035,9168,9034,9216,9165,9048,9249,9137,8981,8590,8880,8976,9243,9075,9071,9120,9015,9150,8987,9115,9072,9098,9080,9222,9010,8927,9247,9092,9056,9136,8672,8853,9258,8971,9182,9142,9175,8935,8806,9090,9101,9144,9200,9077,9317,8892,9207,9158,9128,9229,9038,9135,8459,9174,9114
2454,9098,9111,9049,8817,9291,9226,9128,9110,9193,9025,9077,8900,9145,9084,9093,9056,9111,9203,9147,9180,9278,9155,9043,9190,8973,9072,9058,9204,9013,9258,8805,9128,8973,9114,9055,9055,9168,9137,8900,9139,9274,9035,9168,9034,9216,9165,9048,9249,9137,8982,8590,8880,8976,9244,9075,9071,9120,9015,9150,8987,9115,9072,9098,9080,9222,9010,8927,9247,9092,9056,9136,8672,8853,9258,8971,9182,9142,9175,8935,8806,9090,9101,9144,9200,9078,9317,8893,9207,9158,9128,9229,9038,9135,8459,9174,9114
2455,9098,9111,9049,8817,9291,9226,9128,9110,9193,9025,9077,8900,9145,9084,9093,9056,9111,9203,9147,9180,9278,9155,9043,9190,8973,9072,9058,9204,9013,9258,8805,9128,8973,9114,9055,9055,9168,9137,8900,9139,9274,9035,9168,9034,9216,9165,9048,9249,9137,8982,8590,8880,8976,9244,9075,9071,9120,9015,9150,8987,9115,9072,9098,9080,9222,9010,8927,9247,9092,9056,9136,8672,8853,9259,8971,9182,9142,9175,8935,8806,9090,9101,9144,9200,9078,9317,8893,9207,9158,9128,9229,9038,9135,8459,9174,9115
2456,9098,9111,9049,8817,9291,9226,9128,9110,9193,9025,9078,8900,9145,9084,9093,9056,9111,9203,9147,9180,9278,9155,9043,9190,8973,9072,9058,9204,9013,9259,8805,9128,8973,9114,9055,9055,9168,9137,8900,9139,9274,9035,9169,9034,9216,9165,9048,9249,9137,8982,8590,8880,8976,9244,9075,9071,9120,9015,9150,8987,9115,9072,9098,9080,9222,9010,8927,9247,9092,9056,9136,8672,8853,9259,8971,9182,9142,9175,8935,8806,9090,9101,9144,9200,9078,9317,8893,9207,9159,9128,9229,9038,9135,8460,9174,9115
2457,9098,9111,9050,8817,9291,9226,9128,9110,9193,9025,9078,8900,9145,9084,9093,9056,9111,9203,9147,9180,9278,9155,9043,9191,8973,9072,9058,9204,9013,9259,8805,9128,8973,9114,9055,9055,9168,9138,8900,9139,9274,9036,9169,9034,9216,9165,9048,9249,9137,8982,8590,8881,8977,9246,9075,9071,9120,9015,9150,8987,9115,9072,9098,9080,9222,9010,8927,9247,9092,9056,9136,8672,8854,9259,8971,9182,9142,9175,8935,8806,9090,9101,9144,9200,9078,9317,8893,9207,9159,9128,9229,9038,9135,8460,9174,9115
2458,9098,9111,9050,8818,9291,9227,9128,9110,9193,9025,9078,8900,9145,9084,9093,9056,9111,9203,9147,9180,9278,9155,9043,9191,8973,9072,9058,9205,9013,9259,8805,9128,8973,9114,9055,9055,9168,9138,8900,9139,9274,9036,9169,9034,9216,9165,9048,9249,9137,8982,8591,8881,8977,9246,9075,9071,9120,9015,9150,8987,9115,9072,9098,9080,9222,9010,8927,9247,9092,9056,9136,8672,8854,9259,8971,9182,9142,9175,8935,8806,9090,9101,9144,9200,9078,9317,8893,9207,9159,9128,9229,9038,9135,8460,9174,9115
2459,9098,9111,9050,8818,9291,9227,9128,9110,9193,9025,9078,8900,9145,9084,9093,9056,9112,9203,9147,9180,9279,9155,9043,9191,8973,9072,9058,9205,9013,9259,8805,9128,8973,9114,9055,9055,9168,9138,8900,9139,9274,9036,9169,9034,9216,9165,9048,9250,9137,8982,8591,8881,8977,9246,9075,9071,9120,9015,9150,8987,9115,9072,9098,9080,9222,9010,8927,9247,9092,9056,9136,8672,8854,9259,8971,9182,9142,9175,8935,8806,9091,9101,9144,9201,9078,9317,8893,9207,9159,9128,9229,9038,9135,8460,9174,9115
2460,9098,9111,9050,8818,9291,9227,9129,9110,9193,9026,9079,8900,9145,9084,9093,9056,9112,9203,9147,9180,9279,9155,9043,9191,8973,9072,9058,9205,9015,9259,8805,9128,8973,9114,9055,9055,9168,9138,8900,9139,9274,9036,9169,9034,9216,9165,9048,9250,9137,8982,8592,8881,8977,9246,9075,9071,9120,9016,9150,8987,9115,9072,9098,9080,9222,9010,8927,9247,9092,9056,9136,8672,8854,9260,8971,9182,9142,9176,8935,8806,9091,9101,9144,9201,9078,9317,8893,9207,9159,9128,9229,9038,9135,8460,9174,9115
2461,9098,9111,9050,8818,9291,9227,9129,9110,9193,9026,9079,8900,9145,9084,9093,9056,9112,9203,9147,9180,9279,9155,9043,9191,8973,9072,9058,9205,9015,9259,8805,9128,8973,9114,9055,9055,9169,9138,8900,9139,9274,9036,9169,9034,9216,9165,9048,9250,9137,8982,8592,8881,8977,9246,9075,9071,9120,9016,9150,8988,9116,9072,9098,9080,9222,9010,8927,9247,9092,9056,9136,8672,8854,9260,8971,9182,9142,9176,8935,8807,9091,9101,9144,9201,9078,9317,8893,9207,9159,9128,9229,9038,9135,8460,9174,9115
2462,9098,9111,9050,8818,9291,9227,9129,9110,9193,9026,9079,8900,9145,9084,9093,9056,9112,9203,9147,9180,9279,9155,9043,9191,8973,9072,9058,9205,9015,9259,8805,9128,8973,9114,9055,9055,9169,9138,8900,9139,9274,9036,9170,9034,9216,9165,9048,9250,9137,8983,8592,8881,8977,9246,9075,9072,9120,9016,9150,8988,9116,9072,9098,9080,9222,9010,8927,9247,9092,9056,9136,8672,8854,9261,8971,9182,9142,9176,8935,8807,9091,9101,9144,9201,9078,9317,8893,9207,9161,9128,9229,9038,9135,8460,9174,9115
2463,9098,9111,9050,8818,9292,9227,9129,9110,9193,9026,9079,8900,9145,9084,9093,9056,9112,9203,9147,9180,9279,9155,9043,9191,8973,9072,9058,9205,9015,9259,8805,9128,8973,9114,9055,9055,9169,9138,8900,9139,9274,9036,9170,9034,9217,9165,9048,9250,9137,8983,8592,8881,8977,9246,9075,9072,9120,9016,9150,8988,9116,9072,9098,9080,9222,9010,8927,9247,9092,9056,9136,8672,8854,9261,8971,9182,9142,9176,8935,8807,9091,9101,9144,9201,9078,9317,8893,9208,9161,9128,9229,9038,9135,8460,9174,9115
2464,9098,9111,9050,8818,9292,9227,9129,9110,9193,9026,9079,8900,9145,9084,9093,9056,9112,9203,9147,9180,9279,9155,9043,9191,8973,9072,9058,9205,9015,9259,8805,9128,8973,9114,9055,9055,9169,9138,8901,9139,9274,9036,9170,9034,9217,9166,9048,9250,9137,8983,8592,8881,8977,9247,9075,9072,9120,9016,9150,8988,9116,9072,9098,9080,9223,9010,8927,9247,9092,9056,9136,8672,8854,9261,8971,9182,9142,9176,8935,8807,9091,9101,9144,9201,9078,9317,8893,9208,9162,9129,9229,9038,9135,8460,9174,9115
2465,9099,9111,9050,8818,9292,9227,9129,9110,9193,9026,9079,8900,9145,9084,9093,9056,9112,9203,9147,9180,9279,9155,9043,9191,8973,9072,9058,9205,9015,9259,8805,9128,8973,9114,9055,9055,9169,9138,8901,9139,9274,9036,9170,9034,9217,9166,9048,9250,9137,8983,8592,8881,8977,9247,9075,9072,9120,9016,9150,8988,9116,9072,9098,9080,9223,9010,8927,9247,9092,9056,9136,8672,8854,9261,8971,9182,9142,9176,8935,8807,9091,9101,9144,9201,9078,9317,8893,9208,9162,9129,9229,9038,9135,8460,9175,9115
2466,9099,9111,9050,8818,9292,9227,9129,9110,9193,9026,9079,8900,9145,9084,9093,9056,9112,9203,9147,9180,9279,9155,9043,9191,8973,9072,9058,9205,9015,9259,8805,9128,8973,9114,9055,9055,9169,9138,8902,9139,9274,9036,9170,9035,9217,9166,9048,9250,9137,8983,8592,8881,8977,9247,9075,9072,9120,9016,9150,8988,9116,9072,9098,9080,9223,9010,8927,9247,9092,9056,9136,8672,8854,9261,8971,9182,9142,9176,8935,8807,9091,9101,9144,9201,9078,9317,8893,9208,9162,9129,9229,9038,9135,8460,9175,9115
2467,9099,9111,9051,8818,9292,9227,9129,9110,9194,9026,9079,8900,9145,9084,9093,9056,9112,9203,9147,9180,9279,9155,9044,9191,8973,9072,9058,9205,9015,9259,8805,9128,8973,9115,9055,9055,9169,9138,8902,9139,9274,9037,9170,9035,9217,9166,9048,9250,9137,8983,8592,8881,8977,9247,9075,9072,9120,9016,9150,8988,9116,9072,9099,9080,9223,9010,8927,9247,9092,9056,9136,8672,8854,9261,8971,9182,9142,9176,8935,8807,9091,9101,9145,9201,9078,9317,8893,9208,9162,9129,9229,9038,9135,8461,9175,9115
2468,9099,9111,9051,8818,9292,9227,9129,9110,9194,9026,9079,8900,9145,9084,9093,9056,9112,9203,9147,9180,9279,9155,9044,9191,8973,9072,9058,9205,9015,9259,8805,9128,8973,9115,9055,9056,9169,9138,8902,9139,9274,9037,9170,9035,9217,9166,9048,9251,9137,8983,8592,8881,8977,9247,9075,9072,9120,9016,9150,8988,9116,9072,9099,9080,9223,9010,8927,9247,9092,9056,9136,8672,8854,9262,8971,9182,9142,9176,8935,8807,9091,9101,9145,9201,9078,9317,8893,9208,9162,9129,9229,9038,9135,8461,9175,9115
2469,9099,9111,9051,8818,9292,9227,9129,9110,9194,9026,9079,8900,9146,9084,9093,9056,9113,9204,9147,9180,9279,9156,9044,9191,8973,9072,9058,9205,9015,9259,8805,9128,8973,9115,9055,9056,9169,9138,8902,9139,9274,9037,9170,9035,9217,9166,9048,9251,9138,8983,8592,8881,8977,9247,9075,9072,9120,9016,9150,8988,9117,9073,9099,9080,9223,9010,8927,9247,9092,9056,9136,8672,8854,9262,8971,9182,9142,9176,8935,8807,9091,9101,9145,9201,9078,9317,8893,9208,9162,9129,9229,9038,9135,8461,9175,9115
2470,9099,9111,9051,8818,9292,9227,9129,9110,9194,9026,9079,8900,9146,9085,9093,9056,9114,9204,9147,9180,9279,9156,9044,9191,8973,9072,9058,9205,9016,9259,8805,9128,8974,9115,9055,9056,9169,9138,8902,9139,9274,9037,9170,9035,9217,9166,9048,9251,9138,8983,8592,8881,8977,9247,9075,9072,9120,9016,9150,8988,9117,9073,9099,9080,9223,9010,8927,9247,9092,9056,9136,8672,8854,9262,8971,9182,9142,9176,8935,8807,9091,9101,9145,9201,9078,9317,8893,9208,9162,9129,9229,9038,9135,8461,9175,9115
2471,9099,9111,9051,8819,9292,9227,9129,9111,9194,9026,9079,8900,9146,9085,9093,9057,9114,9204,9147,9180,9279,9156,9044,9191,8973,9072,9058,9205,9017,9260,8805,9129,8975,9115,9055,9056,9169,9138,8903,9139,9274,9037,9170,9035,9217,9166,9048,9251,9138,8984,8592,8881,8977,9248,9075,9072,9120,9016,9150,8988,9118,9073,9099,9080,9224,9010,8927,9247,9092,9057,9136,8673,8854,9262,8971,9183,9142,9176,8935,8807,9091,9101,9145,9201,9078,9317,8893,9208,9162,9129,9229,9038,9135,8461,9175,9115
2472,9099,9111,9051,8819,9292,9227,9129,9111,9194,9026,9079,8900,9146,9085,9093,9057,9114,9204,9147,9180,9279,9156,9044,9191,8973,9072,9058,9205,9017,9260,8805,9129,8975,9115,9055,9056,9169,9138,8903,9139,9274,9037,9170,9035,9218,9166,9048,9251,9138,8984,8592,8881,8977,9248,9075,9072,9120,9016,9150,8988,9119,9073,9099,9080,9224,9010,8927,9247,9092,9057,9136,8673,8854,9262,8971,9183,9142,9176,8935,8807,9091,9101,9145,9201,9078,9317,8893,9208,9162,9129,9229,9038,9135,8462,9175,9115
2473,9099,9111,9051,8819,9292,9227,9129,9111,9194,9026,9079,8900,9146,9085,9093,9057,9114,9204,9147,9180,9279,9156,9044,9191,8974,9072,9058,9205,9017,9261,8805,9129,8975,9115,9055,9056,9169,9138,8903,9139,9274,9037,9170,9035,9218,9166,9048,9251,9138,8984,8592,8881,8977,9248,9075,9072,9120,9016,9150,8988,9119,9073,9099,9080,9224,9010,8927,9247,9092,9057,9136,8673,8854,9262,8971,9183,9142,9176,8935,8807,9091,9101,9145,9201,9078,9317,8893,9208,9162,9129,9229,9038,9135,8462,9175,9115
2474,9099,9111,9051,8819,9292,9227,9129,9111,9194,9026,9079,8900,9146,9085,9093,9057,9114,9204,9147,9180,9279,9156,9044,9191,8974,9072,9058,9205,9017,9261,8805,9129,8975,9115,9055,9056,9169,9138,8903,9139,9274,9037,9170,9036,9218,9166,9048,9251,9138,8984,8592,8881,8977,9249,9075,9072,9120,9016,9150,8988,9119,9073,9099,9080,9224,9010,8927,9247,9092,9057,9136,8673,8854,9262,8971,9183,9142,9176,8935,8807,9091,9101,9145,9201,9078,9317,8893,9208,9162,9129,9229,9038,9135,8462,9175,9115
2475,9099,9111,9051,8819,9292,9227,9129,9111,9194,9026,9079,8900,9146,9085,9093,9057,9114,9204,9147,9180,9279,9157,9044,9191,8974,9072,9058,9205,9017,9262,8805,9129,8975,9115,9055,9056,9169,9138,8903,9139,9274,9037,9170,9036,9218,9166,9048,9251,9138,8984,8592,8881,8977,9249,9075,9072,9120,9016,9150,8989,9119,9073,9099,9080,9224,9010,8927,9247,9092,9057,9136,8673,8854,9262,8971,9183,9142,9176,8935,8807,9091,9101,9145,9201,9078,9317,8893,9208,9162,9129,9229,9038,9135,8462,9175,9115
2476,9099,9111,9051,8819,9292,9227,9130,9111,9194,9026,9079,8900,9146,9085,9093,9057,9114,9204,9147,9180,9279,9157,9044,9191,8974,9072,9058,9205,9017,9262,8805,9129,8975,9115,9055,9056,9169,9138,8903,9139,9274,9037,9170,9036,9218,9166,9048,9251,9138,8984,8592,8881,8977,9249,9075,9072,9120,9016,9150,8990,9120,9073,9099,9080,9224,9010,8927,9247,9092,9057,9136,8673,8854,9262,8971,9183,9142,9176,8935,8807,9091,9101,9145,9201,9078,9317,8893,9208,9162,9129,9230,9038,9135,8462,9175,9115
2477,9099,9111,9051,8819,9292,9227,9130,9111,9194,9026,9079,8900,9146,9085,9093,9057,9114,9204,9147,9180,9279,9157,9044,9191,8974,9073,9058,9205,9017,9262,8805,9129,8975,9115,9055,9056,9169,9138,8903,9139,9274,9037,9170,9036,9218,9166,9048,9251,9138,8984,8592,8881,8977,9249,9075,9072,9120,9016,9150,8990,9120,9073,9099,9080,9224,9010,8927,9247,9092,9057,9136,8673,8854,9262,8971,9183,9142,9176,8935,8807,9091,9101,9145,9201,9078,9317,8893,9208,9162,9129,9230,9038,9135,8462,9175,9115
2478,9099,9111,9051,8819,9292,9227,9130,9111,9194,9026,9079,8900,9146,9085,9093,9057,9114,9204,9147,9180,9279,9157,9044,9191,8974,9073,9058,9205,9017,9262,8805,9129,8975,9115,9055,9056,9169,9138,8903,9139,9274,9037,9170,9036,9218,9166,9048,9251,9138,8984,8592,8881,8977,9249,9075,9072,9120,9016,9150,8990,9120,9073,9099,9080,9224,9010,8927,9247,9092,9057,9136,8673,8854,9263,8971,9183,9142,9176,8935,8808,9091,9101,9145,9201,9078,9317,8893,9208,9162,9129,9230,9038,9136,8462,9175,9115
2479,9099,9111,9051,8819,9292,9227,9130,9111,9194,9026,9079,8900,9146,9085,9093,9057,9114,9204,9147,9180,9279,9157,9044,9191,8974,9073,9058,9205,9017,9262,8805,9129,8975,9115,9055,9056,9169,9138,8903,9139,9274,9037,9170,9036,9218,9166,9048,9251,9138,8984,8592,8881,8977,9249,9075,9072,9120,9016,9151,8990,9120,9073,9099,9080,9224,9010,8927,9247,9092,9057,9136,8673,8854,9263,8971,9183,9142,9176,8936,8808,9091,9101,9145,9201,9078,9317,8893,9208,9162,9129,9230,9038,9136,8462,9175,9115
2480,9100,9111,9051,8819,9292,9227,9130,9111,9194,9026,9079,8901,9146,9085,9094,9057,9114,9204,9147,9180,9279,9157,9044,9191,8974,9073,9058,9205,9017,9262,8805,9129,8975,9115,9055,9056,9169,9138,8903,9139,9274,9037,9170,9036,9218,9166,9048,9251,9138,8984,8592,8881,8977,9249,9075,9072,9120,9016,9151,8991,9120,9073,9099,9080,9224,9010,8927,9247,9093,9057,9136,8673,8854,9263,8971,9183,9142,9176,8936,8808,9091,9102,9145,9201,9078,9317,8893,9208,9162,9129,9230,9038,9136,8462,9175,9115
2481,9100,9111,9051,8819,9292,9227,9130,9111,9194,9026,9079,8901,9146,9085,9094,9057,9114,9204,9147,9180,9279,9157,9044,9191,8974,9073,9058,9205,9017,9262,8805,9129,8975,9115,9055,9056,9169,9138,8903,9139,9274,9037,9170,9036,9218,9166,9048,9251,9138,8984,8592,8881,8977,9249,9075,9072,9120,9016,9151,8991,9120,9074,9099,9080,9224,9010,8927,9247,9093,9057,9136,8673,8854,9264,8971,9183,9143,9176,8936,8808,9091,9102,9145,9201,9078,9317,8893,9208,9162,9129,9230,9038,9136,8462,9175,9115
2482,9100,9111,9051,8819,9292,9227,9130,9111,9194,9026,9079,8901,9146,9085,9094,9057,9114,9204,9147,9180,9279,9157,9044,9191,8974,9073,9058,9205,9017,9262,8805,9129,8975,9115,9055,9056,9169,9138,8903,9139,9274,9037,9170,9036,9218,9166,9048,9251,9138,8984,8592,8881,8977,9249,9075,9072,9120,9016,9151,8991,9120,9074,9099,9080,9224,9010,8927,9247,9093,9057,9136,8674,8854,9264,8971,9183,9143,9176,8936,8808,9091,9102,9145,9201,9078,9317,8893,9208,9162,9129,9230,9038,9136,8462,9175,9115
2483,9100,9111,9051,8819,9292,9227,9130,9111,9194,9026,9079,8901,9146,9085,9094,9057,9114,9204,9147,9180,9279,9157,9044,9191,8974,9073,9058,9205,9017,9262,8805,9129,8975,9115,9055,9056,9169,9138,8903,9139,9274,9037,9170,9036,9218,9166,9048,9251,9138,8984,8592,8881,8977,9249,9076,9072,9120,9016,9151,8991,9120,9074,9099,9080,9225,9010,8927,9247,9093,9057,9136,8674,8854,9264,8971,9183,9143,9176,8936,8809,9091,9102,9145,9201,9078,9317,8893,9208,9162,9129,9230,9038,9136,8462,9175,9115
2484,9100,9111,9051,8819,9293,9227,9130,9111,9194,9026,9079,8901,9146,9085,9094,9058,9114,9204,9147,9180,9279,9157,9044,9191,8974,9073,9058,9205,9017,9262,8806,9129,8975,9115,9055,9056,9169,9138,8903,9139,9274,9037,9170,9036,9218,9166,9048,9251,9138,8984,8592,8881,8977,9249,9076,9072,9121,9016,9151,8991,9120,9074,9099,9080,9225,9010,8927,9247,9093,9057,9136,8674,8854,9265,8971,9183,9143,9176,8936,8809,9091,9102,9145,9201,9078,9317,8893,9208,9162,9129,9230,9038,9136,8462,9175,9115
2485,9100,9111,9051,8819,9293,9227,9130,9111,9194,9026,9079,8901,9146,9085,9094,9058,9114,9204,9147,9180,9279,9157,9044,9191,8974,9073,9058,9205,9017,9262,8806,9129,8975,9115,9055,9056,9169,9138,8903,9139,9274,9037,9170,9036,9218,9166,9048,9251,9138,8984,8592,8881,8977,9249,9076,9072,9121,9016,9151,8991,9120,9074,9099,9080,9225,9010,8927,9247,9093,9057,9136,8674,8854,9265,8971,9183,9143,9176,8936,8810,9091,9102,9145,9201,9078,9318,8893,9208,9162,9129,9230,9038,9136,8462,9175,9115
2486,9100,9111,9051,8819,9293,9227,9130,9111,9194,9026,9079,8901,9146,9085,9094,9058,9114,9204,9147,9180,9279,9157,9044,9191,8974,9073,9058,9205,9017,9262,8807,9129,8975,9115,9055,9056,9169,9138,8903,9140,9274,9037,9170,9036,9218,9166,9048,9251,9138,8984,8592,8881,8977,9249,9076,9073,9121,9016,9151,8991,9120,9074,9099,9080,9225,9010,8927,9247,9093,9057,9136,8674,8854,9265,8971,9183,9143,9176,8936,8810,9091,9103,9145,9201,9078,9318,8893,9208,9162,9129,9230,9038,9136,8462,9175,9115
2487,9100,9111,9051,8819,9293,9227,9130,9111,9194,9026,9079,8901,9146,9085,9094,9058,9114,9204,9147,9180,9279,9157,9044,9191,8974,9073,9058,9205,9017,9262,8807,9129,8975,9115,9055,9056,9169,9138,8903,9140,9274,9037,9170,9036,9218,9166,9048,9251,9138,8984,8592,8881,8977,9249,9076,9073,9121,9016,9151,8991,9120,9074,9099,9080,9225,9010,8927,9247,9093,9057,9136,8674,8854,9265,8971,9183,9143,9176,8936,8810,9091,9103,9145,9201,9078,9318,8893,9208,9162,9130,9230,9038,9136,8462,9176,9116
2488,9100,9112,9051,8819,9293,9227,9130,9111,9194,9026,9079,8901,9146,9085,9094,9058,9114,9204,9147,9180,9279,9157,9044,9191,8974,9073,9058,9205,9017,9262,8807,9129,8975,9115,9055,9056,9169,9138,8903,9140,9275,9037,9170,9036,9218,9166,9048,9251,9139,8984,8593,8881,8977,9249,9076,9073,9121,9016,9151,8991,9120,9074,9099,9080,9225,9010,8927,9247,9093,9057,9136,8674,8854,9266,8971,9183,9143,9176,8936,8810,9091,9103,9145,9201,9078,9318,8893,9208,9162,9130,9230,9038,9136,8462,9176,9116
2489,9100,9112,9051,8819,9293,9227,9130,9111,9194,9026,9079,8901,9146,9085,9094,9058,9114,9204,9147,9180,9279,9157,9044,9191,8974,9073,9058,9205,9017,9262,8807,9129,8975,9115,9055,9056,9170,9139,8903,9140,9275,9037,9170,9036,9218,9166,9048,9251,9139,8984,8593,8881,8977,9249,9077,9073,9121,9016,9151,8991,9120,9074,9099,9080,9225,9010,8927,9247,9093,9057,9136,8674,8854,9266,8971,9183,9143,9176,8936,8810,9091,9103,9145,9201,9078,9318,8893,9209,9162,9130,9230,9038,9136,8462,9177,9116
2490,9100,9112,9051,8819,9294,9227,9130,9111,9194,9026,9079,8901,9146,9085,9094,9058,9114,9204,9147,9180,9279,9157,9044,9191,8974,9073,9058,9205,9017,9262,8807,9129,8975,9115,9055,9056,9170,9139,8903,9141,9275,9037,9170,9036,9218,9166,9048,9251,9139,8984,8593,8881,8977,9249,9077,9073,9121,9016,9151,8991,9120,9074,9099,9080,9225,9010,8927,9247,9093,9057,9136,8674,8854,9266,8971,9183,9143,9176,8936,8810,9091,9103,9145,9201,9078,9318,8893,9209,9162,9130,9230,9038,9136,8462,9177,9116
2491,9100,9113,9051,8819,9294,9227,9130,9111,9194,9026,9079,8901,9146,9085,9094,9058,9114,9204,9147,9180,9279,9157,9044,9191,8974,9073,9058,9205,9017,9262,8807,9129,8975,9115,9055,9056,9170,9140,8903,9141,9275,9037,9170,9036,9218,9166,9048,9252,9139,8984,8593,8881,8977,9249,9077,9073,9121,9016,9151,8991,9120,9074,9099,9080,9225,9010,8927,9247,9093,9057,9136,8674,8854,9266,8971,9183,9143,9176,8936,8810,9091,9103,9145,9201,9078,9318,8893,9209,9162,9130,9230,9038,9136,8462,9177,9116
2492,9100,9114,9051,8819,9295,9228,9130,9111,9194,9026,9079,8901,9146,9085,9094,9058,9114,9204,9147,9180,9279,9157,9044,9191,8974,9073,9058,9205,9017,9262,8807,9129,8975,9115,9055,9056,9170,9140,8903,9141,9275,9037,9170,9036,9218,9166,9048,9252,9139,8984,8593,8881,8977,9249,9077,9073,9121,9016,9151,8991,9120,9074,9099,9080,9225,9010,8927,9247,9093,9057,9136,8674,8854,9266,8972,9184,9143,9177,8936,8810,9091,9103,9145,9201,9078,9318,8893,9209,9162,9130,9230,9038,9136,8462,9178,9116
2493,9100,9114,9051,8819,9295,9228,9130,9111,9194,9026,9079,8901,9146,9085,9094,9058,9114,9204,9147,9180,9279,9157,9044,9191,8974,9073,9058,9205,9017,9262,8807,9129,8975,9115,9055,9056,9170,9140,8903,9141,9275,9037,9170,9036,9218,9166,9048,9252,9139,8984,8593,8881,8977,9249,9077,9073,9121,9016,9152,8991,9120,9074,9099,9080,9225,9010,8927,9247,9093,9058,9136,8674,8854,9266,8972,9184,9143,9177,8936,8810,9091,9103,9145,9201,9079,9319,8893,9209,9162,9130,9230,9038,9136,8463,9178,9116
2494,9100,9114,9051,8819,9295,9228,9130,9111,9194,9026,9079,8901,9146,9085,9094,9058,9114,9204,9147,9180,9279,9157,9044,9191,8974,9073,9058,9205,9017,9262,8807,9129,8975,9115,9055,9056,9170,9140,8903,9141,9275,9037,9170,9036,9218,9166,9048,9252,9139,8984,8593,8881,8977,9249,9077,9073,9121,9016,9152,8991,9120,9074,9099,9080,9225,9010,8927,9247,9093,9058,9136,8674,8854,9266,8972,9184,9143,9177,8936,8810,9091,9103,9145,9201,9079,9319,8893,9209,9162,9130,9230,9038,9136,8463,9178,9116
2495,9101,9114,9051,8819,9295,9228,9130,9111,9194,9026,9079,8901,9146,9085,9094,9058,9114,9204,9147,9180,9280,9157,9044,9191,8974,9073,9058,9205,9017,9262,8807,9129,8975,9115,9055,9056,9170,9140,8903,9141,9276,9037,9170,9036,9218,9166,9048,9252,9139,8984,8593,8881,8977,9249,9077,9073,9121,9016,9152,8991,9120,9074,9099,9080,9225,9010,8927,9247,9093,9058,9136,8674,8855,9268,8972,9184,9143,9177,8936,8810,9091,9103,9145,9201,9079,9319,8893,9209,9162,9130,9230,9038,9136,8463,9178,9116
2496,9101,9114,9051,8819,9295,9228,9130,9111,9194,9026,9079,8901,9146,9085,9094,9058,9114,9204,9147,9180,9280,9157,9044,9191,8974,9073,9058,9205,9017,9262,8807,9129,8975,9115,9055,9056,9170,9140,8903,9141,9276,9037,9170,9036,9218,9166,9048,9252,9139,8984,8593,8881,8977,9249,9077,9073,9121,9016,9152,8991,9120,9074,9099,9080,9225,9010,8928,9248,9093,9058,9136,8674,8855,9269,8973,9184,9143,9177,8936,8810,9091,9103,9145,9201,9079,9319,8893,9209,9162,9130,9230,9038,9136,8463,9178,9116
2497,9101,9114,9051,8819,9295,9229,9130,9111,9194,9026,9079,8901,9146,9085,9095,9058,9114,9204,9147,9180,9280,9157,9044,9191,8974,9073,9058,9205,9017,9262,8807,9129,8975,9115,9055,9056,9170,9140,8903,9141,9276,9037,9170,9036,9218,9166,9048,9252,9139,8984,8593,8881,8977,9249,9077,9073,9121,9016,9152,8991,9120,9074,9099,9080,9225,9010,8928,9248,9093,9058,9136,8674,8855,9269,8973,9184,9143,9177,8936,8811,9091,9103,9145,9201,9079,9320,8893,9209,9162,9130,9230,9038,9136,8463,9178,9116
2498,9101,9114,9051,8819,9295,9229,9130,9111,9194,9026,9079,8901,9146,9085,9095,9059,9114,9204,9147,9180,9280,9157,9044,9191,8974,9073,9058,9205,9017,9262,8807,9129,8975,9115,9055,9056,9170,9140,8903,9141,9276,9037,9170,9036,9218,9166,9048,9252,9139,8984,8593,8881,8977,9249,9077,9074,9121,9016,9152,8991,9120,9074,9099,9080,9225,9010,8928,9248,9093,9058,9136,8674,8855,9269,8973,9184,9143,9177,8936,8812,9091,9103,9145,9201,9079,9320,8893,9209,9162,9130,9230,9038,9136,8463,9178,9116
2499,9101,9114,9051,8819,9295,9229,9130,9111,9194,9026,9079,8901,9146,9085,9095,9059,9114,9204,9147,9180,9281,9157,9044,9191,8974,9073,9058,9205,9017,9262,8807,9129,8975,9115,9055,9056,9170,9140,8903,9141,9276,9037,9170,9036,9218,9166,9048,9252,9139,8984,8593,8881,8977,9249,9077,9074,9121,9016,9152,8991,9120,9074,9099,9080,9225,9010,8928,9248,9093,9058,9136,8674,8855,9269,8973,9184,9143,9177,8936,8812,9091,9103,9145,9201,9080,9320,8893,9210,9162,9130,9230,9038,9136,8463,9178,9116
2500,9101,9114,9051,8819,9295,9229,9130,9111,9194,9026,9079,8901,9146,9085,9095,9059,9114,9204,9147,9180,9281,9157,9044,9191,8974,9073,9058,9205,9017,9262,8807,9129,8975,9115,9055,9056,9170,9141,8903,9141,9276,9037,9170,9036,9218,9166,9048,9252,9139,8984,8593,8881,8977,9249,9077,9074,9121,9016,9152,8991,9120,9074,9099,9080,9225,9010,8928,9248,9093,9058,9136,8674,8856,9269,8973,9184,9143,9177,8936,8812,9091,9103,9145,9201,9080,9320,8893,9210,9162,9130,9230,9038,9136,8463,9178,9116
2501,9101,9114,9051,8819,9295,9229,9130,9111,9194,9026,9079,8901,9146,9085,9095,9059,9114,9204,9148,9180,9281,9157,9044,9191,8974,9073,9058,9205,9017,9262,8807,9129,8975,9115,9055,9056,9170,9141,8903,9141,9276,9037,9170,9036,9218,9166,9048,9252,9139,8985,8593,8881,8977,9249,9077,9074,9122,9016,9152,8991,9120,9074,9099,9080,9225,9010,8928,9248,9093,9058,9136,8674,8856,9269,8973,9185,9143,9177,8936,8813,9091,9103,9145,9201,9080,9320,8893,9210,9162,9130,9230,9038,9136,8463,9178,9117
2502,9101,9114,9051,8819,9295,9229,9130,9111,9194,9026,9079,8902,9146,9085,9095,9059,9114,9204,9148,9180,9281,9157,9044,9191,8974,9073,9058,9205,9017,9262,8807,9129,8975,9115,9055,9056,9170,9141,8904,9141,9276,9037,9171,9036,9218,9166,9048,9252,9140,8985,8593,8881,8977,9249,9077,9074,9122,9016,9152,8991,9120,9074,9099,9080,9225,9010,8928,9248,9093,9058,9136,8674,8856,9269,8973,9185,9143,9177,8936,8813,9091,9103,9145,9201,9080,9320,8893,9210,9162,9130,9230,9039,9136,8463,9178,9117
2503,9101,9114,9051,8819,9295,9229,9130,9111,9194,9026,9080,8902,9146,9085,9095,9059,9114,9204,9148,9180,9281,9157,9044,9191,8974,9073,9058,9205,9017,9262,8807,9129,8975,9115,9055,9056,9170,9141,8904,9141,9277,9037,9171,9036,9218,9166,9048,9252,9140,8985,8593,8881,8977,9249,9077,9074,9122,9016,9152,8992,9120,9075,9099,9080,9225,9010,8928,9248,9093,9059,9136,8674,8856,9269,8973,9185,9143,9177,8936,8813,9092,9104,9145,9201,9080,9321,8893,9210,9162,9130,9230,9039,9136,8463,9178,9117
2504,9101,9114,9051,8819,9295,9229,9130,9111,9194,9027,9080,8902,9146,9085,9095,9059,9114,9204,9148,9180,9281,9157,9044,9191,8974,9073,9058,9205,9017,9262,8807,9129,8975,9115,9055,9056,9170,9141,8904,9141,9277,9037,9171,9036,9218,9166,9048,9252,9140,8985,8593,8881,8977,9249,9077,9074,9123,9016,9152,8992,9120,9075,9099,9080,9226,9010,8928,9248,9093,9059,9136,8674,8856,9269,8973,9185,9143,9177,8936,8813,9092,9104,9145,9201,9080,9322,8893,9210,9162,9130,9230,9039,9136,8463,9178,9117
2505,9101,9114,9051,8819,9295,9229,9130,9111,9195,9027,9080,8902,9146,9085,9095,9059,9114,9204,9148,9180,9281,9157,9044,9191,8974,9073,9058,9205,9017,9262,8807,9129,8975,9115,9055,9056,9170,9141,8904,9141,9277,9037,9171,9036,9218,9166,9048,9252,9140,8985,8593,8881,8977,9249,9077,9075,9123,9016,9152,8992,9120,9075,9099,9080,9227,9010,8928,9248,9093,9060,9136,8674,8856,9269,8973,9185,9143,9177,8936,8813,9092,9104,9145,9201,9080,9322,8893,9210,9162,9130,9230,9039,9136,8463,9178,9117
2506,9101,9114,9051,8819,9295,9229,9130,9111,9195,9027,9080,8903,9146,9085,9095,9059,9114,9204,9148,9180,9281,9157,9044,9191,8974,9073,9058,9205,9018,9262,8807,9129,8975,9115,9055,9056,9170,9141,8904,9142,9277,9037,9171,9036,9218,9166,9048,9252,9141,8985,8593,8881,8977,9249,9077,9075,9123,9016,9152,8993,9120,9075,9099,9080,9227,9010,8928,9248,9093,9060,9136,8674,8856,9269,8973,9185,9143,9177,8936,8813,9092,9104,9145,9201,9080,9322,8893,9210,9162,9130,9230,9039,9136,8463,9178,9117
2507,9101,9114,9051,8819,9295,9229,9130,9111,9195,9027,9080,8903,9146,9085,9095,9059,9114,9204,9148,9180,9281,9157,9044,9191,8974,9073,9058,9205,9018,9262,8807,9129,8975,9115,9055,9056,9170,9141,8904,9142,9277,9037,9171,9036,9218,9166,9048,9252,9141,8985,8593,8881,8977,9249,9077,9075,9123,9016,9153,8993,9120,9075,9099,9080,9227,9011,8928,9248,9093,9060,9136,8674,8856,9269,8973,9185,9143,9177,8936,8813,9092,9104,9145,9201,9080,9322,8893,9210,9162,9130,9230,9039,9136,8463,9178,9117
2508,9101,9114,9051,8819,9295,9229,9130,9111,9195,9027,9080,8903,9146,9085,9095,9059,9114,9204,9148,9180,9281,9157,9044,9191,8974,9073,9058,9205,9018,9262,8807,9129,8975,9115,9055,9056,9170,9141,8904,9142,9277,9037,9171,9036,9218,9166,9048,9252,9141,8985,8593,8881,8977,9249,9077,9075,9123,9016,9153,8993,9120,9075,9099,9081,9227,9011,8928,9248,9093,9060,9136,8674,8856,9269,8973,9185,9143,9177,8936,8813,9092,9104,9145,9201,9080,9322,8893,9210,9162,9130,9230,9039,9136,8463,9178,9117
2509,9102,9114,9051,8819,9295,9229,9130,9111,9195,9027,9080,8903,9146,9085,9095,9059,9114,9204,9148,9180,9281,9157,9044,9191,8974,9073,9058,9205,9018,9263,8807,9129,8975,9115,9055,9056,9171,9141,8904,9142,9277,9037,9172,9036,9218,9166,9048,9252,9141,8985,8593,8881,8977,9249,9077,9075,9123,9016,9153,8993,9120,9075,9099,9081,9227,9011,8928,9248,9093,9060,9136,8674,8856,9269,8973,9186,9143,9177,8936,8813,9092,9104,9146,9201,9080,9322,8893,9210,9162,9130,9230,9039,9136,8464,9178,9118
2510,9102,9114,9051,8819,9295,9229,9130,9111,9195,9027,9080,8903,9146,9085,9095,9059,9114,9204,9148,9181,9281,9157,9044,9191,8974,9073,9058,9205,9019,9263,8807,9129,8975,9115,9055,9056,9171,9141,8904,9142,9277,9037,9172,9036,9218,9166,9048,9252,9141,8985,8593,8881,8977,9249,9077,9075,9123,9016,9153,8993,9120,9076,9099,9081,9227,9011,8928,9248,9093,9060,9136,8675,8856,9269,8973,9186,9143,9177,8936,8813,9092,9104,9147,9201,9080,9322,8893,9210,9162,9130,9230,9039,9136,8464,9178,9118
2511,9102,9114,9051,8819,9295,9229,9130,9111,9195,9027,9080,8903,9146,9085,9095,9060,9114,9204,9148,9181,9281,9158,9044,9191,8974,9073,9059,9205,9019,9263,8807,9129,8975,9115,9055,9056,9171,9141,8904,9142,9277,9037,9172,9036,9218,9166,9048,9252,9141,8985,8593,8881,8977,9249,9077,9075,9123,9016,9153,8993,9120,9076,9099,9081,9227,9011,8928,9249,9093,9060,9136,8675,8857,9269,8973,9186,9143,9177,8936,8813,9092,9105,9147,9201,9080,9322,8894,9210,9162,9130,9230,9039,9136,8464,9178,9118
2512,9103,9114,9051,8819,9295,9229,9130,9111,9195,9027,9080,8903,9146,9085,9095,9060,9114,9204,9148,9181,9281,9158,9044,9191,8974,9073,9059,9205,9019,9263,8807,9129,8975,9115,9055,9056,9171,9141,8904,9142,9277,9037,9172,9036,9218,9166,9048,9252,9141,8985,8593,8881,8977,9249,9077,9075,9123,9016,9153,8993,9120,9076,9099,9081,9227,9011,8928,9249,9093,9060,9136,8675,8857,9269,8973,9186,9143,9177,8936,8813,9092,9105,9147,9201,9080,9322,8894,9210,9162,9130,9230,9039,9136,8464,9178,9118
2513,9103,9114,9051,8819,9295,9229,9130,9111,9195,9027,9080,8903,9146,9085,9095,9060,9114,9204,9148,9181,9281,9158,9044,9191,8974,9073,9059,9205,9019,9263,8807,9129,8975,9115,9055,9056,9171,9141,8904,9142,9277,9037,9172,9036,9218,9166,9048,9252,9141,8985,8593,8881,8977,9250,9077,9075,9123,9016,9153,8993,9120,9076,9099,9081,9227,9011,8928,9249,9093,9060,9136,8676,8857,9269,8973,9187,9143,9177,8936,8813,9092,9105,9147,9201,9080,9322,8894,9210,9162,9130,9230,9039,9136,8464,9178,9118
2514,9103,9114,9051,8819,9295,9229,9130,9111,9195,9027,9080,8903,9146,9085,9095,9060,9114,9204,9149,9181,9281,9158,9044,9191,8974,9073,9059,9205,9019,9263,8807,9129,8976,9115,9055,9056,9171,9141,8904,9142,9277,9037,9172,9036,9218,9166,9048,9252,9141,8985,8593,8881,8977,9250,9077,9075,9123,9016,9153,8993,9120,9076,9099,9082,9227,9011,8928,9249,9093,9060,9136,8676,8857,9269,8973,9187,9143,9177,8936,8813,9092,9105,9147,9201,9080,9322,8894,9210,9162,9130,9230,9039,9136,8464,9178,9118
2515,9103,9114,9051,8819,9295,9230,9130,9111,9195,9027,9080,8904,9146,9085,9095,9060,9114,9204,9149,9181,9281,9158,9044,9191,8975,9073,9059,9205,9019,9263,8807,9129,8976,9115,9055,9056,9171,9141,8904,9142,9277,9037,9172,9036,9218,9166,9048,9252,9141,8985,8593,8881,8977,9250,9077,9075,9123,9016,9154,8993,9120,9076,9099,9082,9227,9011,8928,9249,9093,9060,9136,8676,8857,9269,8973,9187,9143,9177,8936,8813,9092,9105,9147,9202,9080,9322,8894,9210,9162,9130,9230,9039,9136,8464,9178,9118
2516,9103,9114,9051,8819,9295,9230,9130,9111,9195,9027,9080,8904,9146,9085,9095,9060,9114,9204,9149,9181,9281,9158,9044,9191,8975,9073,9059,9205,9019,9263,8807,9129,8976,9115,9055,9056,9171,9141,8904,9142,9277,9037,9172,9036,9218,9166,9048,9252,9141,8985,8593,8881,8977,9250,9077,9075,9123,9016,9154,8993,9121,9077,9099,9082,9227,9011,8928,9249,9093,9060,9136,8676,8857,9269,8973,9187,9143,9177,8936,8813,9092,9105,9147,9202,9080,9322,8894,9210,9162,9130,9230,9039,9136,8464,9178,9118
2517,9103,9114,9051,8819,9295,9230,9130,9111,9195,9027,9080,8904,9146,9085,9095,9060,9114,9204,9149,9181,9281,9158,9044,9191,8975,9073,9059,9205,9019,9263,8807,9129,8976,9115,9055,9056,9171,9141,8904,9142,9278,9037,9172,9036,9218,9166,9049,9252,9141,8985,8593,8881,8977,9250,9077,9075,9123,9016,9154,8993,9121,9077,9099,9082,9227,9011,8928,9249,9093,9060,9136,8676,8857,9269,8973,9187,9143,9177,8936,8813,9092,9105,9147,9202,9080,9322,8894,9210,9162,9130,9230,9039,9136,8464,9178,9118
2518,9103,9114,9051,8819,9295,9230,9130,9111,9196,9027,9080,8904,9146,9085,9095,9060,9114,9204,9149,9181,9281,9158,9044,9191,8976,9073,9059,9205,9019,9263,8807,9129,8976,9115,9055,9056,9171,9141,8904,9142,9278,9037,9172,9036,9218,9166,9049,9253,9141,8985,8593,8881,8977,9250,9077,9075,9123,9016,9154,8993,9121,9077,9099,9082,9227,9011,8928,9249,9093,9060,9136,8676,8857,9269,8973,9188,9143,9177,8936,8813,9092,9105,9147,9202,9080,9322,8894,9210,9162,9130,9230,9039,9136,8464,9178,9118
2519,9103,9114,9051,8819,9295,9231,9130,9111,9196,9027,9080,8904,9146,9085,9095,9060,9114,9204,9149,9181,9281,9158,9045,9191,8976,9073,9059,9205,9019,9263,8807,9129,8976,9115,9055,9056,9171,9141,8904,9142,9278,9037,9172,9036,9218,9166,9049,9253,9141,8985,8593,8881,8977,9250,9077,9075,9123,9016,9154,8993,9121,9077,9099,9082,9227,9011,8928,9249,9093,9060,9136,8676,8857,9269,8973,9188,9143,9177,8936,8813,9092,9105,9147,9202,9080,9322,8894,9210,9162,9130,9230,9039,9136,8464,9178,9118
2520,9104,9114,9051,8819,9295,9231,9130,9111,9196,9027,9080,8904,9146,9085,9095,9060,9114,9204,9149,9181,9281,9158,9045,9191,8976,9073,9059,9205,9019,9263,8807,9129,8976,9115,9055,9056,9171,9141,8904,9142,9278,9037,9172,9036,9218,9166,9049,9253,9141,8985,8593,8881,8978,9251,9077,9075,9123,9016,9154,8993,9121,9077,9099,9082,9227,9011,8928,9249,9093,9060,9136,8676,8857,9269,8973,9188,9143,9177,8936,8813,9092,9105,9147,9202,9080,9322,8894,9210,9162,9130,9230,9039,9136,8464,9178,9118
2521,9104,9114,9051,8819,9295,9231,9130,9111,9196,9027,9080,8904,9146,9085,9095,9060,9114,9204,9149,9181,9281,9158,9045,9191,8976,9073,9059,9205,9019,9263,8807,9129,8976,9115,9055,9056,9171,9141,8904,9142,9278,9037,9172,9036,9218,9166,9050,9253,9141,8985,8593,8881,8978,9251,9077,9075,9123,9016,9154,8993,9121,9077,9099,9082,9227,9011,8928,9249,9093,9060,9136,8676,8858,9269,8973,9188,9143,9177,8936,8813,9092,9105,9147,9202,9080,9322,8894,9210,9162,9130,9230,9040,9136,8464,9178,9118
2522,9104,9114,9051,8819,9295,9231,9130,9111,9196,9027,9080,8905,9146,9085,9095,9060,9114,9204,9149,9181,9281,9158,9045,9191,8976,9073,9059,9205,9019,9263,8807,9129,8976,9115,9055,9056,9171,9142,8904,9142,9278,9037,9172,9036,9218,9166,9050,9253,9141,8985,8593,8881,8978,9251,9077,9075,9123,9016,9154,8993,9121,9077,9099,9082,9227,9011,8928,9249,9093,9060,9136,8676,8858,9269,8973,9188,9143,9177,8936,8813,9092,9105,9147,9202,9080,9322,8894,9210,9162,9130,9230,9040,9136,8464,9178,9118
2523,9104,9114,9051,8819,9295,9231,9130,9111,9196,9027,9080,8905,9146,9085,9095,9060,9114,9204,9149,9181,9281,9158,9045,9191,8976,9073,9059,9205,9019,9263,8807,9129,8976,9115,9055,9056,9171,9142,8904,9142,9278,9037,9172,9036,9218,9166,9050,9254,9141,8985,8593,8881,8978,9251,9077,9075,9123,9016,9154,8993,9121,9077,9099,9082,9227,9011,8928,9249,9093,9060,9136,8676,8858,9269,8973,9188,9143,9177,8936,8813,9092,9105,9147,9202,9080,9322,8894,9210,9162,9130,9230,9040,9137,8464,9178,9118
2524,9104,9114,9051,8819,9295,9231,9130,9111,9196,9027,9081,8905,9146,9085,9095,9060,9114,9204,9149,9181,9281,9158,9045,9191,8976,9073,9059,9205,9019,9263,8807,9129,8976,9115,9055,9056,9171,9142,8904,9142,9278,9037,9172,9036,9218,9166,9050,9254,9141,8985,8593,8881,8978,9251,9077,9075,9123,9016,9154,8993,9121,9077,9099,9082,9227,9011,8928,9249,9093,9060,9136,8676,8858,9269,8973,9188,9143,9177,8936,8813,9092,9105,9147,9202,9080,9323,8894,9210,9162,9130,9230,9040,9137,8464,9178,9118
2525,9104,9115,9051,8819,9295,9231,9130,9111,9196,9027,9081,8905,9146,9085,9096,9060,9114,9204,9149,9181,9281,9158,9045,9191,8976,9073,9059,9205,9019,9263,8807,9129,8976,9115,9055,9056,9171,9142,8904,9142,9278,9037,9172,9036,9218,9166,9050,9254,9141,8985,8593,8881,8978,9251,9077,9075,9123,9016,9154,8993,9121,9077,9099,9083,9227,9011,8928,9249,9093,9060,9136,8676,8858,9269,8973,9188,9143,9177,8936,8813,9092,9105,9147,9202,9080,9323,8894,9210,9162,9130,9230,9040,9137,8464,9178,9118
2526,9104,9115,9051,8820,9295,9231,9130,9111,9196,9027,9081,8905,9146,9085,9096,9060,9115,9204,9149,9181,9281,9158,9045,9191,8976,9073,9059,9205,9019,9263,8807,9129,8976,9115,9055,9056,9171,9142,8905,9142,9278,9037,9172,9036,9218,9166,9050,9254,9141,8985,8593,8881,8978,9251,9077,9075,9123,9016,9155,8993,9121,9077,9099,9083,9227,9011,8928,9249,9093,9060,9136,8676,8858,9269,8973,9188,9143,9177,8936,8813,9092,9105,9147,9202,9080,9323,8894,9210,9162,9130,9230,9040,9137,8464,9178,9118
2527,9104,9115,9051,8820,9295,9232,9130,9111,9196,9027,9081,8905,9146,9085,9096,9060,9115,9204,9149,9181,9281,9158,9045,9191,8976,9073,9059,9205,9019,9263,8807,9129,8976,9115,9055,9056,9171,9142,8905,9142,9278,9037,9172,9036,9218,9166,9050,9254,9141,8985,8594,8881,8978,9251,9077,9075,9123,9016,9155,8993,9121,9078,9099,9084,9227,9011,8928,9249,9093,9060,9136,8676,8858,9269,8973,9188,9143,9177,8936,8813,9092,9105,9147,9202,9080,9323,8894,9210,9163,9130,9230,9040,9137,8465,9178,9118
2528,9104,9115,9051,8820,9295,9232,9130,9111,9196,9027,9081,8906,9146,9085,9096,9060,9115,9204,9149,9181,9281,9158,9045,9191,8976,9073,9059,9205,9019,9263,8807,9129,8976,9116,9055,9056,9171,9142,8905,9142,9278,9037,9172,9036,9218,9166,9050,9254,9141,8985,8594,8881,8978,9251,9077,9075,9123,9016,9155,8993,9121,9078,9099,9084,9227,9011,8928,9249,9093,9060,9136,8676,8858,9269,8973,9188,9143,9177,8936,8813,9092,9105,9147,9202,9080,9323,8894,9210,9163,9130,9230,9040,9137,8465,9178,9118
2529,9104,9115,9051,8820,9295,9232,9130,9111,9196,9027,9081,8906,9146,9085,9096,9060,9115,9204,9149,9181,9281,9158,9045,9191,8976,9073,9059,9205,9019,9263,8807,9129,8976,9116,9055,9056,9171,9142,8905,9142,9278,9037,9172,9036,9218,9166,9050,9254,9141,8985,8595,8881,8978,9251,9077,9075,9123,9016,9155,8993,9121,9078,9099,9084,9227,9011,8928,9249,9093,9060,9136,8676,8858,9269,8973,9188,9143,9177,8936,8813,9092,9105,9147,9202,9080,9323,8895,9210,9163,9130,9230,9040,9137,8465,9178,9118
2530,9104,9115,9051,8820,9295,9232,9130,9111,9196,9027,9081,8906,9146,9085,9096,9061,9115,9204,9149,9181,9281,9158,9045,9191,8976,9073,9059,9205,9019,9263,8807,9129,8976,9116,9055,9056,9171,9142,8905,9142,9278,9037,9172,9036,9218,9166,9050,9254,9141,8985,8595,8881,8978,9251,9077,9075,9123,9016,9155,8993,9121,9078,9099,9084,9227,9011,8928,9249,9093,9060,9136,8676,8858,9269,8973,9188,9143,9177,8936,8813,9092,9105,9147,9202,9080,9324,8895,9210,9163,9130,9230,9040,9137,8465,9178,9119
2531,9104,9115,9051,8821,9296,9232,9130,9111,9196,9027,9081,8906,9146,9085,9096,9061,9115,9204,9149,9181,9281,9158,9045,9191,8976,9074,9059,9205,9019,9263,8807,9129,8976,9116,9055,9056,9171,9142,8905,9142,9278,9037,9172,9036,9218,9166,9050,9254,9141,8985,8595,8881,8978,9251,9077,9075,9123,9016,9155,8993,9121,9078,9099,9084,9227,9011,8928,9249,9093,9060,9136,8676,8858,9269,8973,9188,9143,9177,8936,8813,9092,9105,9147,9202,9081,9324,8895,9210,9163,9130,9230,9040,9137,8465,9178,9119
2532,9104,9115,9051,8821,9296,9232,9130,9111,9196,9027,9081,8906,9146,9085,9096,9061,9115,9204,9149,9181,9281,9158,9045,9191,8976,9074,9059,9205,9019,9263,8807,9129,8976,9116,9055,9056,9171,9142,8905,9142,9278,9037,9172,9037,9218,9166,9050,9254,9141,8985,8595,8881,8978,9251,9077,9075,9123,9016,9155,8993,9121,9078,9099,9084,9227,9011,8928,9249,9093,9060,9136,8676,8858,9269,8973,9188,9143,9177,8936,8813,9092,9105,9147,9202,9081,9324,8895,9210,9163,9130,9230,9040,9137,8467,9178,9119
2533,9104,9115,9051,8821,9296,9232,9130,9111,9196,9027,9082,8906,9146,9085,9096,9061,9115,9204,9149,9181,9281,9158,9045,9191,8976,9074,9059,9205,9019,9263,8807,9129,8976,9116,9055,9056,9171,9142,8905,9142,9278,9037,9172,9037,9218,9166,9050,9254,9141,8985,8595,8881,8978,9251,9077,9075,9123,9016,9155,8993,9121,9078,9099,9084,9227,9011,8928,9249,9093,9060,9136,8676,8858,9269,8973,9188,9143,9177,8936,8813,9092,9105,9147,9202,9081,9324,8895,9210,9163,9130,9230,9040,9138,8467,9178,9119
2534,9104,9115,9051,8822,9296,9232,9130,9111,9196,9027,9082,8906,9146,9085,9096,9061,9115,9204,9149,9181,9281,9158,9045,9191,8976,9074,9059,9205,9019,9263,8807,9129,8976,9116,9055,9056,9171,9142,8905,9142,9278,9037,9172,9037,9218,9167,9051,9254,9141,8985,8595,8881,8978,9251,9077,9075,9123,9016,9155,8993,9121,9078,9099,9084,9227,9011,8928,9249,9093,9060,9136,8676,8858,9269,8973,9188,9143,9177,8936,8813,9092,9105,9147,9202,9082,9324,8895,9210,9163,9130,9230,9040,9138,8467,9178,9119
2535,9104,9115,9051,8822,9296,9232,9130,9111,9196,9028,9082,8906,9146,9085,9096,9061,9115,9204,9149,9181,9281,9158,9045,9191,8976,9074,9059,9205,9019,9263,8807,9129,8976,9116,9055,9056,9171,9142,8905,9142,9278,9037,9172,9037,9218,9167,9051,9254,9141,8985,8595,8881,8978,9251,9077,9075,9123,9016,9155,8993,9121,9078,9099,9084,9227,9011,8928,9249,9093,9060,9136,8676,8858,9269,8973,9188,9143,9177,8936,8813,9092,9105,9148,9202,9082,9324,8895,9210,9163,9130,9230,9040,9138,8468,9178,9119
2536,9104,9115,9051,8822,9296,9232,9130,9111,9196,9028,9082,8906,9146,9085,9096,9061,9115,9204,9149,9181,9281,9158,9045,9191,8976,9074,9059,9205,9019,9263,8807,9129,8976,9116,9055,9056,9171,9142,8905,9142,9278,9037,9172,9037,9218,9167,9051,9254,9141,8985,8595,8881,8978,9251,9077,9075,9123,9016,9155,8993,9121,9078,9100,9084,9227,9011,8928,9249,9093,9061,9136,8676,8858,9269,8973,9188,9143,9177,8936,8813,9092,9105,9148,9202,9082,9324,8895,9210,9163,9130,9230,9040,9138,8469,9178,9119
2537,9104,9115,9051,8822,9297,9232,9130,9111,9196,9028,9082,8906,9146,9085,9097,9061,9115,9204,9149,9181,9281,9158,9045,9191,8976,9074,9059,9206,9019,9263,8807,9129,8976,9116,9055,9056,9171,9142,8905,9142,9278,9037,9172,9037,9218,9167,9051,9255,9141,8985,8595,8881,8978,9251,9077,9075,9123,9016,9155,8993,9121,9078,9100,9084,9227,9011,8928,9249,9093,9061,9136,8676,8858,9269,8973,9188,9143,9177,8936,8813,9092,9105,9149,9202,9082,9324,8895,9210,9163,9130,9230,9040,9138,8469,9178,9119
2538,9104,9115,9051,8822,9297,9232,9130,9111,9196,9028,9082,8906,9146,9085,9097,9061,9115,9204,9149,9181,9281,9158,9045,9191,8977,9074,9059,9206,9019,9263,8807,9129,8976,9116,9055,9056,9172,9142,8905,9142,9278,9037,9172,9037,9218,9167,9051,9255,9141,8986,8595,8881,8979,9251,9077,9075,9123,9016,9155,8993,9121,9078,9100,9084,9227,9011,8928,9249,9093,9061,9136,8676,8858,9269,8973,9188,9143,9178,8936,8813,9092,9105,9149,9202,9082,9324,8895,9210,9163,9130,9230,9040,9139,8469,9178,9119
2539,9104,9115,9051,8822,9297,9232,9130,9112,9196,9028,9082,8906,9146,9085,9097,9061,9115,9204,9149,9181,9281,9158,9045,9191,8978,9074,9059,9206,9019,9263,8807,9129,8977,9116,9055,9056,9172,9142,8905,9142,9278,9037,9172,9037,9218,9167,9051,9255,9141,8986,8595,8881,8979,9251,9077,9075,9123,9016,9155,8993,9121,9078,9100,9084,9227,9011,8928,9249,9093,9061,9136,8676,8858,9269,8973,9188,9143,9178,8936,8813,9092,9105,9149,9202,9082,9324,8895,9210,9163,9130,9230,9040,9139,8469,9178,9119
2540,9104,9115,9051,8822,9297,9232,9130,9112,9196,9028,9082,8906,9146,9085,9097,9061,9115,9204,9149,9181,9282,9158,9045,9191,8979,9074,9059,9206,9019,9263,8807,9129,8977,9117,9055,9056,9172,9142,8905,9142,9278,9037,9172,9037,9218,9167,9051,9255,9141,8986,8595,8881,8979,9251,9077,9075,9124,9017,9155,8993,9121,9078,9100,9084,9227,9011,8928,9249,9093,9061,9136,8676,8858,9269,8973,9188,9143,9178,8936,8813,9092,9105,9149,9202,9082,9324,8895,9210,9163,9130,9230,9040,9139,8469,9178,9119
2541,9104,9115,9051,8822,9297,9232,9130,9112,9196,9028,9082,8907,9146,9085,9097,9061,9115,9204,9149,9181,9282,9158,9045,9191,8979,9074,9059,9206,9019,9263,8807,9130,8977,9117,9055,9056,9172,9142,8905,9142,9278,9037,9172,9037,9218,9167,9051,9255,9141,8986,8596,8881,8979,9251,9077,9075,9124,9017,9155,8993,9121,9078,9100,9084,9227,9011,8928,9249,9093,9061,9136,8676,8858,9269,8973,9188,9143,9178,8936,8813,9092,9105,9149,9202,9082,9324,8895,9210,9163,9130,9230,9040,9139,8469,9178,9119
2542,9104,9115,9051,8822,9297,9232,9130,9112,9196,9028,9082,8907,9146,9085,9097,9061,9115,9204,9149,9181,9282,9158,9045,9191,8979,9074,9059,9206,9019,9263,8807,9130,8977,9117,9055,9056,9172,9142,8905,9142,9278,9037,9172,9037,9218,9167,9051,9255,9141,8986,8596,8881,8979,9251,9077,9075,9124,9017,9155,8993,9121,9078,9100,9084,9227,9011,8928,9249,9093,9061,9136,8676,8858,9269,8974,9189,9143,9178,8936,8813,9092,9105,9149,9202,9082,9324,8895,9210,9163,9131,9230,9040,9139,8469,9178,9119
2543,9104,9115,9051,8822,9297,9233,9130,9112,9196,9028,9082,8907,9146,9085,9097,9061,9115,9204,9149,9181,9282,9158,9045,9191,8979,9074,9059,9206,9019,9263,8807,9130,8977,9117,9055,9056,9172,9142,8905,9142,9278,9037,9173,9037,9218,9167,9051,9255,9141,8986,8596,8881,8979,9251,9077,9075,9124,9017,9155,8993,9121,9078,9100,9084,9227,9011,8928,9249,9093,9061,9136,8676,8858,9269,8974,9189,9143,9178,8936,8813,9092,9105,9149,9202,9082,9324,8895,9210,9163,9131,9230,9040,9139,8469,9178,9119
2544,9104,9115,9051,8822,9297,9233,9130,9112,9196,9028,9082,8907,9146,9085,9097,9061,9115,9204,9149,9181,9282,9158,9045,9191,8979,9074,9059,9206,9019,9263,8807,9130,8977,9117,9055,9056,9172,9142,8905,9142,9278,9037,9173,9037,9218,9167,9051,9255,9141,8986,8596,8881,8979,9251,9077,9075,9124,9017,9155,8993,9121,9078,9100,9084,9227,9011,8928,9249,9093,9061,9136,8676,8858,9269,8974,9189,9143,9178,8936,8813,9092,9105,9149,9202,9082,9324,8895,9210,9163,9131,9231,9040,9139,8469,9178,9119
2545,9104,9115,9051,8822,9297,9233,9130,9112,9197,9028,9082,8908,9146,9085,9097,9061,9115,9204,9149,9181,9282,9158,9045,9191,8979,9074,9060,9206,9019,9263,8807,9130,8977,9117,9055,9056,9172,9142,8905,9142,9278,9037,9173,9037,9218,9167,9051,9255,9141,8986,8596,8881,8979,9251,9077,9075,9124,9017,9155,8993,9121,9078,9101,9084,9227,9011,8928,9249,9093,9061,9136,8677,8858,9269,8974,9189,9143,9178,8936,8814,9092,9105,9149,9202,9082,9324,8895,9210,9163,9131,9232,9040,9139,8469,9178,9119
2546,9104,9115,9051,8822,9297,9234,9130,9112,9197,9028,9082,8908,9146,9085,9097,9062,9115,9204,9149,9181,9282,9158,9045,9191,8979,9074,9060,9206,9019,9263,8807,9130,8977,9117,9055,9056,9172,9142,8905,9142,9278,9037,9173,9037,9218,9167,9052,9255,9141,8986,8596,8881,8979,9251,9077,9075,9124,9017,9155,8994,9121,9078,9101,9084,9227,9012,8928,9249,9093,9061,9136,8677,8858,9269,8974,9189,9143,9178,8936,8814,9092,9105,9149,9202,9082,9324,8895,9210,9163,9131,9232,9040,9139,8469,9178,9119
2547,9104,9115,9052,8822,9297,9234,9130,9112,9197,9028,9082,8909,9146,9085,9097,9062,9115,9204,9149,9181,9282,9158,9045,9191,8979,9074,9060,9206,9019,9263,8807,9130,8978,9117,9055,9056,9172,9142,8905,9142,9278,9037,9173,9037,9218,9167,9052,9255,9141,8986,8596,8881,8979,9251,9077,9075,9124,9017,9155,8994,9121,9078,9101,9084,9227,9012,8928,9249,9093,9061,9136,8677,8858,9269,8974,9189,9143,9178,8936,8814,9092,9105,9149,9202,9082,9324,8895,9210,9163,9131,9233,9040,9139,8469,9178,9119
2548,9104,9115,9052,8822,9297,9234,9130,9112,9197,9028,9082,8910,9146,9085,9097,9062,9115,9204,9149,9181,9282,9158,9045,9191,8979,9074,9060,9206,9019,9263,8807,9130,8978,9117,9055,9056,9172,9142,8905,9142,9278,9037,9173,9037,9218,9167,9052,9255,9141,8986,8596,8881,8980,9251,9077,9076,9124,9017,9155,8994,9121,9078,9101,9084,9227,9012,8928,9250,9093,9061,9136,8677,8858,9269,8974,9189,9143,9178,8936,8814,9092,9105,9149,9202,9082,9324,8895,9210,9163,9131,9233,9040,9139,8469,9178,9120
2549,9104,9115,9052,8822,9297,9234,9130,9112,9197,9028,9082,8910,9146,9085,9097,9062,9115,9204,9149,9181,9282,9158,9045,9191,8979,9074,9060,9206,9019,9263,8807,9130,8978,9117,9056,9056,9172,9142,8905,9142,9279,9037,9173,9037,9218,9167,9052,9255,9141,8986,8596,8881,8980,9251,9077,9076,9124,9017,9155,8994,9121,9078,9101,9084,9227,9012,8928,9250,9093,9061,9136,8677,8858,9270,8974,9189,9143,9178,8936,8814,9092,9105,9149,9202,9082,9324,8895,9210,9163,9131,9233,9040,9139,8469,9178,9120
2550,9104,9115,9052,8822,9297,9234,9130,9112,9197,9028,9082,8910,9146,9085,9097,9062,9115,9204,9149,9181,9282,9158,9045,9191,8979,9074,9060,9206,9019,9263,8807,9130,8978,9117,9056,9056,9172,9142,8905,9142,9279,9037,9173,9037,9218,9167,9052,9255,9141,8986,8596,8881,8980,9251,9077,9076,9124,9017,9155,8994,9121,9078,9101,9084,9227,9012,8928,9250,9093,9061,9136,8677,8858,9270,8974,9189,9143,9178,8936,8814,9092,9105,9149,9202,9082,9324,8895,9210,9163,9131,9233,9040,9139,8469,9178,9120
2551,9104,9115,9052,8822,9297,9234,9130,9112,9197,9028,9082,8910,9146,9085,9097,9062,9115,9204,9149,9181,9282,9158,9045,9191,8979,9074,9060,9206,9019,9263,8807,9130,8978,9117,9056,9056,9172,9142,8905,9142,9279,9037,9173,9037,9218,9167,9052,9255,9141,8986,8596,8881,8980,9251,9077,9076,9124,9017,9155,8994,9121,9078,9101,9084,9227,9012,8928,9250,9093,9061,9136,8677,8858,9270,8974,9189,9143,9178,8937,8814,9092,9105,9149,9202,9082,9324,8895,9210,9163,9131,9233,9040,9139,8469,9178,9120
2552,9104,9115,9052,8822,9297,9234,9130,9112,9197,9028,9082,8910,9146,9085,9097,9062,9115,9204,9149,9181,9282,9158,9045,9191,8979,9074,9060,9206,9019,9263,8807,9130,8978,9117,9056,9056,9172,9142,8905,9142,9279,9037,9173,9037,9218,9167,9052,9255,9141,8986,8596,8881,8980,9251,9077,9076,9124,9017,9155,8994,9121,9078,9101,9084,9227,9012,8928,9250,9093,9061,9136,8677,8858,9271,8974,9189,9143,9178,8937,8814,9092,9105,9149,9202,9082,9324,8895,9210,9163,9131,9233,9040,9139,8469,9178,9120
2553,9104,9115,9052,8822,9297,9234,9130,9112,9197,9028,9082,8910,9146,9085,9097,9062,9115,9204,9149,9181,9282,9158,9045,9191,8979,9074,9060,9206,9020,9263,8807,9130,8978,9117,9056,9056,9172,9142,8905,9142,9279,9037,9173,9037,9218,9167,9052,9255,9141,8986,8596,8881,8980,9251,9077,9076,9124,9017,9155,8994,9121,9078,9101,9084,9227,9012,8928,9250,9093,9061,9136,8677,8858,9271,8975,9189,9143,9178,8937,8814,9092,9105,9149,9202,9082,9324,8895,9210,9163,9131,9233,9040,9139,8469,9178,9120
2554,9104,9115,9052,8822,9297,9234,9131,9112,9197,9028,9082,8910,9146,9085,9097,9062,9115,9204,9149,9181,9282,9158,9045,9191,8979,9074,9060,9206,9020,9263,8807,9130,8978,9117,9056,9056,9172,9142,8905,9142,9279,9037,9173,9037,9218,9168,9052,9255,9141,8986,8596,8881,8980,9251,9077,9076,9124,9017,9155,8994,9121,9078,9101,9084,9227,9012,8928,9250,9093,9061,9136,8677,8858,9271,8975,9189,9143,9178,8937,8814,9092,9106,9149,9202,9082,9324,8895,9210,9163,9131,9233,9040,9139,8469,9178,9120
2555,9104,9115,9052,8822,9297,9234,9131,9112,9197,9028,9082,8910,9146,9085,9097,9062,9115,9204,9149,9181,9282,9158,9045,9191,8979,9074,9060,9206,9020,9263,8807,9130,8978,9117,9056,9056,9172,9142,8905,9142,9279,9037,9173,9037,9218,9168,9052,9255,9141,8986,8596,8881,8980,9251,9078,9076,9124,9017,9155,8994,9121,9078,9101,9084,9227,9012,8928,9250,9093,9061,9136,8677,8858,9271,8975,9189,9143,9178,8937,8814,9092,9106,9149,9202,9082,9324,8895,9210,9163,9131,9233,9040,9139,8469,9178,9120
2556,9104,9115,9052,8822,9297,9234,9131,9112,9197,9028,9082,8910,9146,9085,9097,9062,9115,9204,9149,9181,9282,9158,9045,9191,8979,9074,9060,9206,9020,9263,8807,9130,8979,9117,9056,9056,9172,9142,8905,9142,9279,9037,9173,9037,9218,9168,9052,9255,9141,8986,8596,8881,8980,9251,9078,9076,9124,9017,9155,8994,9121,9078,9101,9084,9227,9012,8928,9250,9093,9061,9136,8677,8858,9271,8975,9189,9143,9178,8937,8814,9092,9106,9149,9202,9082,9324,8895,9210,9163,9131,9233,9040,9139,8469,9178,9120
2557,9104,9115,9052,8822,9297,9234,9131,9112,9197,9028,9082,8910,9146,9085,9097,9062,9115,9204,9149,9181,9282,9158,9045,9191,8979,9074,9061,9207,9020,9263,8807,9130,8979,9117,9056,9056,9172,9142,8905,9142,9279,9037,9173,9037,9218,9168,9052,9255,9141,8986,8596,8881,8980,9251,9078,9076,9124,9017,9155,8994,9121,9078,9101,9084,9227,9012,8928,9250,9093,9061,9137,8677,8858,9271,8975,9189,9143,9178,8937,8814,9092,9106,9149,9202,9082,9325,8895,9210,9163,9131,9233,9040,9139,8469,9178,9120
2558,9104,9115,9052,8822,9297,9234,9131,9112,9197,9028,9082,8910,9146,9085,9097,9062,9115,9204,9149,9181,9282,9158,9045,9191,8979,9074,9061,9207,9020,9263,8807,9130,8979,9118,9056,9056,9172,9142,8905,9142,9279,9037,9173,9037,9218,9168,9052,9255,9141,8986,8596,8881,8980,9251,9078,9076,9124,9017,9155,8994,9121,9078,9101,9084,9227,9012,8928,9250,9093,9061,9137,8677,8858,9271,8975,9189,9143,9178,8937,8814,9092,9106,9149,9202,9082,9325,8895,9210,9163,9131,9233,9040,9139,8469,9178,9120
2559,9104,9115,9052,8822,9297,9234,9131,9112,9197,9028,9082,8910,9146,9085,9097,9062,9115,9204,9149,9181,9282,9158,9045,9191,8979,9074,9061,9207,9020,9263,8807,9130,8979,9118,9056,9056,9172,9142,8906,9142,9279,9038,9173,9037,9218,9168,9052,9255,9141,8986,8596,8881,8980,9251,9078,9076,9124,9017,9155,8994,9121,9078,9101,9084,9227,9012,8928,9250,9093,9061,9137,8677,8858,9271,8975,9189,9143,9178,8937,8814,9092,9106,9149,9202,9082,9325,8895,9210,9163,9131,9233,9040,9139,8469,9178,9120
2560,9104,9115,9053,8822,9297,9234,9131,9112,9197,9028,9082,8911,9146,9085,9097,9062,9115,9204,9149,9181,9282,9158,9045,9191,8979,9074,9061,9208,9020,9263,8807,9130,8979,9118,9056,9056,9172,9142,8906,9142,9279,9038,9173,9037,9218,9168,9052,9255,9141,8986,8596,8881,8980,9251,9078,9076,9124,9017,9155,8994,9121,9078,9101,9084,9227,9012,8928,9250,9093,9061,9137,8677,8858,9272,8975,9189,9143,9178,8937,8814,9092,9106,9149,9202,9082,9325,8895,9210,9163,9131,9233,9040,9139,8469,9178,9120
2561,9104,9115,9053,8822,9297,9234,9131,9112,9197,9028,9082,8911,9147,9085,9097,9062,9115,9204,9149,9181,9282,9158,9045,9191,8979,9074,9061,9208,9020,9263,8807,9130,8979,9118,9056,9057,9172,9142,8906,9142,9279,9038,9173,9037,9218,9168,9052,9255,9141,8986,8596,8881,8980,9251,9078,9076,9124,9017,9155,8994,9121,9078,9101,9084,9228,9012,8928,9250,9093,9061,9137,8677,8858,9272,8975,9189,9143,9178,8937,8814,9092,9106,9149,9202,9082,9325,8895,9210,9163,9131,9233,9040,9139,8469,9178,9120
2562,9104,9115,9053,8822,9297,9234,9131,9112,9197,9028,9082,8911,9147,9085,9097,9062,9115,9204,9149,9181,9282,9159,9045,9191,8979,9074,9061,9208,9020,9263,8807,9130,8979,9118,9056,9057,9172,9142,8906,9142,9279,9038,9173,9037,9218,9168,9052,9255,9141,8986,8597,8881,8980,9251,9078,9076,9124,9017,9155,8994,9121,9079,9101,9084,9228,9012,8928,9250,9094,9061,9137,8677,8858,9272,8975,9189,9143,9178,8937,8815,9092,9106,9149,9202,9082,9325,8895,9210,9163,9131,9233,9040,9139,8469,9178,9120
2563,9104,9115,9054,8822,9297,9234,9131,9112,9197,9028,9082,8911,9147,9085,9097,9062,9115,9204,9149,9181,9282,9159,9045,9191,8979,9074,9061,9208,9020,9263,8807,9130,8979,9118,9056,9057,9172,9142,8906,9142,9279,9038,9173,9037,9218,9168,9052,9255,9141,8986,8597,8881,8980,9251,9078,9076,9124,9017,9155,8994,9121,9079,9101,9084,9228,9012,8928,9250,9094,9061,9137,8677,8858,9272,8975,9189,9143,9178,8937,8815,9092,9106,9149,9202,9082,9325,8895,9210,9163,9131,9233,9040,9139,8469,9178,9120
2564,9104,9116,9054,8822,9297,9234,9131,9112,9197,9028,9082,8911,9147,9085,9097,9062,9115,9204,9149,9181,9282,9159,9045,9191,8979,9074,9061,9208,9020,9263,8807,9130,8979,9118,9056,9057,9172,9142,8906,9142,9279,9038,9173,9037,9218,9168,9052,9255,9141,8986,8597,8881,8980,9251,9078,9076,9124,9017,9155,8994,9121,9079,9101,9084,9228,9012,8928,9250,9094,9061,9137,8677,8858,9272,8975,9189,9144,9178,8937,8815,9092,9106,9149,9202,9082,9325,8895,9210,9163,9131,9233,9040,9139,8469,9178,9120
2565,9104,9116,9054,8822,9297,9234,9131,9112,9197,9028,9082,8911,9147,9085,9097,9062,9115,9204,9149,9181,9282,9159,9045,9191,8979,9074,9061,9208,9020,9263,8807,9130,8979,9118,9056,9057,9172,9142,8906,9142,9279,9038,9173,9037,9218,9168,9052,9255,9141,8986,8597,8881,8980,9251,9078,9076,9124,9017,9155,8994,9121,9079,9101,9084,9228,9012,8928,9250,9094,9061,9137,8677,8858,9272,8975,9189,9144,9178,8937,8815,9092,9106,9149,9202,9082,9325,8895,9210,9163,9131,9233,9040,9139,8469,9178,9120
2566,9104,9116,9054,8822,9297,9234,9131,9112,9197,9028,9082,8911,9147,9085,9097,9062,9115,9204,9149,9181,9282,9159,9045,9191,8979,9074,9061,9208,9020,9263,8807,9130,8979,9118,9056,9057,9172,9142,8906,9142,9279,9038,9173,9037,9218,9168,9052,9255,9141,8986,8597,8881,8980,9251,9078,9076,9124,9017,9155,8994,9121,9079,9101,9084,9228,9012,8928,9250,9094,9061,9137,8677,8858,9272,8975,9189,9144,9178,8937,8815,9092,9106,9149,9202,9082,9325,8895,9210,9163,9131,9233,9040,9139,8469,9178,9120
2567,9104,9117,9054,8822,9297,9234,9131,9112,9197,9028,9082,8911,9147,9085,9097,9062,9115,9204,9149,9181,9282,9159,9045,9191,8979,9074,9061,9208,9020,9263,8807,9131,8979,9118,9056,9057,9172,9142,8906,9142,9279,9038,9173,9037,9218,9168,9052,9255,9141,8986,8599,8881,8980,9251,9078,9076,9124,9017,9155,8994,9121,9079,9101,9084,9228,9012,8928,9250,9094,9061,9137,8677,8858,9272,8975,9189,9144,9178,8937,8815,9092,9106,9149,9202,9082,9325,8895,9210,9163,9131,9233,9040,9139,8469,9178,9120
2568,9104,9117,9054,8822,9297,9234,9131,9112,9197,9028,9082,8911,9147,9085,9097,9062,9115,9204,9149,9181,9282,9159,9045,9192,8979,9074,9061,9208,9020,9263,8807,9131,8979,9118,9056,9057,9172,9142,8906,9142,9279,9038,9173,9037,9218,9168,9052,9255,9141,8986,8599,8881,8980,9251,9078,9076,9124,9017,9155,8994,9121,9079,9101,9084,9228,9012,8928,9250,9094,9061,9137,8677,8858,9272,8975,9189,9144,9178,8937,8815,9092,9106,9149,9202,9082,9325,8895,9210,9163,9131,9233,9040,9139,8469,9178,9120
2569,9104,9117,9054,8822,9298,9234,9131,9112,9197,9028,9082,8911,9147,9085,9097,9062,9115,9204,9149,9181,9282,9159,9045,9192,8979,9074,9061,9208,9020,9263,8807,9131,8979,9118,9056,9057,9172,9142,8906,9142,9279,9038,9173,9037,9218,9168,9052,9255,9141,8986,8599,8881,8980,9252,9078,9076,9124,9017,9155,8994,9121,9079,9101,9084,9228,9012,8928,9251,9094,9061,9137,8677,8858,9272,8975,9189,9144,9178,8937,8815,9092,9106,9149,9203,9082,9325,8895,9210,9163,9131,9233,9040,9139,8469,9178,9120
2570,9104,9117,9054,8822,9298,9234,9131,9112,9197,9028,9082,8911,9147,9085,9097,9062,9115,9204,9149,9181,9282,9159,9045,9192,8979,9074,9061,9208,9020,9263,8807,9131,8979,9118,9056,9057,9172,9142,8906,9142,9279,9038,9173,9037,9218,9168,9052,9255,9141,8986,8599,8881,8980,9252,9078,9076,9124,9017,9155,8994,9121,9079,9101,9084,9228,9012,8928,9251,9094,9061,9137,8677,8858,9272,8975,9189,9144,9178,8937,8815,9092,9106,9149,9203,9082,9325,8895,9210,9163,9131,9233,9040,9139,8469,9178,9120
2571,9104,9117,9054,8822,9298,9234,9131,9112,9197,9028,9082,8911,9147,9085,9097,9062,9115,9204,9149,9181,9282,9159,9045,9192,8979,9074,9061,9208,9020,9263,8807,9131,8979,9118,9056,9057,9172,9142,8906,9142,9279,9038,9173,9037,9218,9168,9052,9255,9141,8986,8599,8881,8980,9252,9078,9076,9124,9017,9155,8994,9121,9079,9101,9084,9228,9012,8928,9251,9094,9061,9137,8677,8858,9272,8975,9189,9144,9178,8937,8815,9092,9106,9149,9203,9082,9325,8895,9210,9163,9131,9233,9040,9139,8469,9178,9120
2572,9104,9117,9054,8822,9298,9234,9131,9112,9197,9028,9082,8911,9147,9085,9097,9062,9115,9204,9149,9181,9282,9159,9045,9192,8980,9074,9061,9208,9020,9263,8807,9131,8979,9118,9056,9057,9172,9142,8906,9142,9279,9038,9173,9037,9218,9168,9052,9255,9141,8986,8599,8881,8980,9252,9078,9076,9124,9017,9155,8994,9121,9079,9101,9084,9228,9012,8928,9251,9094,9061,9137,8677,8858,9272,8975,9189,9144,9178,8937,8815,9092,9106,9149,9203,9082,9325,8895,9210,9163,9131,9233,9040,9139,8469,9178,9120
2573,9104,9117,9054,8822,9298,9234,9131,9112,9197,9028,9082,8911,9147,9085,9097,9062,9115,9204,9149,9181,9282,9159,9045,9192,8980,9074,9061,9208,9020,9263,8807,9131,8979,9118,9056,9057,9172,9142,8906,9142,9279,9038,9173,9037,9218,9168,9052,9255,9141,8986,8599,8881,8980,9253,9078,9076,9124,9017,9155,8994,9121,9079,9101,9084,9228,9012,8928,9251,9094,9061,9137,8677,8858,9272,8975,9189,9144,9178,8937,8815,9092,9106,9149,9203,9082,9325,8895,9210,9163,9131,9233,9040,9139,8470,9178,9120
2574,9104,9117,9054,8822,9298,9234,9132,9112,9197,9028,9082,8911,9147,9085,9097,9062,9115,9204,9149,9181,9282,9159,9045,9192,8980,9074,9061,9208,9020,9263,8807,9131,8979,9118,9056,9057,9172,9142,8906,9142,9279,9038,9173,9037,9218,9168,9052,9255,9141,8986,8599,8881,8980,9253,9078,9076,9124,9017,9155,8994,9121,9079,9101,9084,9228,9012,8928,9251,9094,9061,9137,8677,8858,9272,8975,9189,9144,9178,8937,8815,9092,9106,9149,9203,9082,9325,8895,9210,9163,9131,9233,9040,9139,8470,9178,9120
2575,9104,9117,9054,8822,9298,9234,9132,9112,9197,9028,9082,8911,9147,9085,9097,9062,9115,9204,9149,9181,9282,9159,9045,9192,8980,9074,9061,9208,9020,9263,8807,9131,8979,9118,9056,9057,9172,9142,8906,9142,9279,9038,9173,9037,9218,9168,9052,9255,9141,8986,8599,8881,8980,9253,9078,9076,9124,9017,9155,8994,9121,9079,9101,9084,9228,9012,8928,9251,9094,9061,9137,8677,8858,9272,8975,9189,9144,9178,8937,8815,9092,9106,9149,9203,9082,9325,8895,9210,9163,9131,9233,9040,9139,8470,9178,9120
2576,9104,9117,9054,8822,9298,9234,9132,9112,9197,9028,9082,8911,9147,9085,9097,9062,9115,9204,9149,9181,9282,9159,9045,9192,8980,9074,9061,9208,9020,9263,8807,9131,8979,9118,9056,9057,9173,9142,8906,9142,9279,9038,9173,9037,9218,9168,9052,9255,9141,8986,8599,8881,8980,9253,9078,9076,9124,9017,9155,8994,9121,9079,9101,9084,9228,9012,8928,9251,9094,9061,9137,8677,8858,9272,8975,9189,9144,9178,8937,8816,9092,9106,9149,9203,9082,9325,8895,9210,9163,9131,9233,9040,9139,8470,9178,9120
2577,9104,9117,9054,8822,9299,9234,9132,9112,9197,9028,9082,8911,9147,9085,9097,9062,9115,9204,9149,9181,9282,9159,9045,9192,8980,9074,9061,9208,9021,9263,8807,9131,8979,9118,9056,9057,9173,9142,8906,9142,9279,9038,9173,9037,9218,9168,9052,9255,9141,8986,8599,8881,8980,9253,9078,9076,9124,9017,9155,8994,9121,9079,9101,9084,9228,9012,8928,9251,9094,9061,9137,8677,8858,9272,8975,9189,9144,9178,8937,8816,9092,9106,9149,9203,9082,9325,8895,9210,9163,9131,9233,9040,9139,8470,9178,9120
2578,9104,9117,9054,8822,9299,9234,9132,9112,9197,9028,9082,8911,9147,9085,9097,9062,9115,9204,9149,9181,9282,9159,9045,9192,8980,9074,9061,9208,9021,9263,8807,9131,8979,9118,9056,9057,9173,9142,8906,9142,9279,9038,9173,9037,9219,9168,9052,9255,9141,8986,8599,8881,8980,9253,9078,9076,9124,9017,9155,8994,9121,9079,9101,9084,9228,9012,8928,9251,9094,9061,9138,8677,8858,9272,8975,9189,9144,9178,8937,8816,9092,9106,9149,9203,9082,9325,8895,9210,9163,9131,9233,9040,9139,8470,9178,9120
2579,9104,9117,9054,8822,9299,9235,9132,9112,9197,9028,9082,8911,9147,9085,9097,9062,9115,9204,9149,9181,9282,9159,9045,9192,8980,9074,9061,9208,9021,9264,8807,9131,8979,9118,9056,9057,9173,9142,8906,9142,9279,9038,9173,9037,9219,9168,9052,9256,9141,8986,8599,8881,8980,9253,9078,9076,9124,9017,9155,8994,9121,9079,9101,9084,9228,9012,8928,9251,9094,9061,9138,8677,8858,9272,8975,9189,9144,9178,8937,8816,9092,9106,9149,9203,9082,9325,8895,9210,9163,9131,9233,9040,9139,8470,9178,9120
2580,9104,9117,9054,8822,9299,9235,9132,9112,9197,9028,9082,8911,9147,9085,9097,9062,9115,9204,9149,9181,9282,9159,9045,9192,8980,9074,9061,9208,9021,9264,8807,9131,8979,9118,9056,9057,9173,9142,8906,9142,9279,9038,9173,9037,9219,9168,9052,9256,9141,8986,8599,8881,8980,9253,9078,9076,9124,9017,9155,8994,9121,9079,9101,9084,9228,9012,8928,9251,9094,9062,9138,8677,8858,9272,8975,9189,9144,9178,8937,8816,9092,9106,9149,9203,9082,9325,8895,9210,9163,9131,9233,9040,9139,8470,9178,9120
2581,9104,9117,9054,8823,9299,9235,9132,9112,9197,9028,9082,8911,9147,9085,9097,9062,9115,9204,9149,9181,9282,9159,9045,9192,8980,9074,9061,9209,9021,9264,8807,9131,8979,9118,9056,9057,9173,9143,8906,9142,9279,9038,9173,9037,9219,9168,9052,9256,9141,8986,8599,8881,8980,9253,9078,9076,9124,9017,9155,8994,9121,9079,9101,9084,9228,9012,8928,9251,9094,9062,9138,8677,8858,9272,8975,9189,9144,9178,8937,8816,9092,9106,9149,9203,9082,9325,8895,9210,9163,9131,9233,9040,9139,8470,9178,9120
2582,9104,9117,9054,8823,9299,9235,9132,9112,9197,9028,9082,8911,9147,9085,9097,9062,9115,9204,9149,9181,9282,9159,9045,9192,8980,9074,9061,9209,9021,9264,8807,9131,8979,9118,9056,9057,9173,9143,8906,9142,9279,9038,9173,9037,9220,9168,9052,9256,9141,8986,8599,8881,8980,9253,9078,9076,9124,9017,9155,8994,9121,9079,9101,9084,9228,9012,8928,9251,9094,9062,9138,8677,8858,9272,8975,9189,9146,9178,8937,8816,9092,9106,9149,9203,9082,9325,8895,9210,9163,9131,9233,9040,9139,8470,9178,9120
2583,9104,9117,9054,8823,9299,9235,9132,9112,9197,9029,9082,8911,9147,9085,9097,9062,9116,9204,9149,9181,9282,9159,9045,9192,8980,9074,9061,9209,9021,9264,8807,9131,8979,9118,9056,9057,9173,9143,8906,9142,9279,9038,9173,9038,9220,9168,9052,9256,9141,8986,8599,8881,8980,9253,9078,9076,9124,9017,9155,8994,9121,9079,9101,9084,9228,9012,8928,9251,9094,9062,9138,8677,8858,9272,8975,9189,9146,9178,8937,8816,9092,9106,9149,9203,9082,9325,8895,9210,9163,9131,9233,9040,9139,8470,9178,9120
2584,9104,9117,9054,8823,9299,9235,9132,9112,9197,9029,9082,8911,9147,9085,9097,9062,9116,9204,9149,9181,9282,9159,9045,9192,8980,9074,9061,9209,9021,9264,8807,9131,8979,9118,9056,9057,9173,9144,8906,9142,9280,9038,9173,9038,9221,9168,9052,9256,9141,8986,8599,8881,8980,9253,9078,9076,9124,9017,9155,8994,9121,9079,9101,9084,9228,9012,8928,9251,9094,9062,9138,8677,8858,9272,8975,9189,9146,9178,8937,8816,9092,9106,9149,9203,9082,9325,8895,9210,9163,9131,9233,9040,9139,8470,9178,9120
2585,9104,9117,9054,8823,9299,9235,9132,9112,9197,9029,9082,8911,9147,9085,9097,9062,9116,9204,9149,9181,9282,9159,9045,9192,8980,9074,9061,9209,9021,9264,8807,9131,8979,9118,9056,9057,9173,9144,8906,9142,9280,9038,9173,9038,9221,9168,9052,9256,9141,8986,8599,8881,8980,9253,9078,9076,9124,9017,9155,8994,9121,9079,9101,9084,9228,9012,8928,9251,9094,9062,9138,8677,8858,9272,8975,9189,9146,9178,8937,8816,9092,9106,9149,9203,9082,9325,8895,9210,9163,9131,9233,9040,9139,8471,9178,9120
2586,9104,9117,9054,8823,9299,9235,9132,9112,9197,9029,9082,8911,9147,9085,9097,9062,9116,9204,9149,9181,9282,9159,9045,9192,8980,9074,9061,9209,9021,9264,8807,9131,8979,9118,9056,9057,9173,9144,8906,9142,9280,9038,9173,9038,9221,9168,9052,9256,9141,8986,8599,8881,8980,9253,9078,9076,9124,9017,9155,8994,9121,9079,9101,9085,9228,9012,8928,9251,9094,9062,9138,8677,8858,9272,8975,9189,9146,9178,8937,8816,9092,9106,9149,9203,9082,9325,8895,9210,9163,9131,9233,9040,9139,8471,9179,9120
2587,9104,9117,9054,8823,9299,9235,9132,9112,9197,9029,9082,8911,9147,9085,9097,9062,9116,9204,9149,9181,9282,9159,9045,9192,8980,9074,9061,9209,9021,9264,8807,9131,8979,9118,9056,9057,9173,9144,8906,9142,9280,9038,9173,9038,9221,9168,9052,9256,9141,8986,8599,8881,8980,9253,9078,9076,9124,9018,9155,8994,9121,9079,9101,9085,9228,9012,8928,9251,9094,9062,9138,8677,8859,9272,8975,9189,9146,9179,8937,8816,9092,9106,9149,9203,9082,9325,8895,9210,9163,9131,9233,9040,9139,8471,9179,9120
2588,9104,9117,9054,8823,9299,9235,9132,9112,9197,9029,9082,8911,9147,9085,9097,9062,9116,9204,9149,9181,9282,9159,9045,9192,8980,9074,9061,9209,9021,9264,8807,9131,8979,9118,9056,9057,9173,9144,8906,9142,9280,9038,9173,9038,9221,9168,9052,9256,9141,8986,8599,8881,8980,9253,9078,9076,9124,9018,9155,8994,9121,9079,9101,9085,9228,9012,8928,9251,9094,9062,9138,8677,8859,9272,8975,9189,9146,9179,8937,8816,9092,9106,9149,9203,9082,9325,8895,9210,9163,9131,9233,9040,9139,8471,9179,9120
2589,9104,9117,9054,8823,9299,9235,9132,9112,9197,9029,9082,8911,9147,9085,9097,9062,9116,9204,9149,9181,9282,9159,9045,9192,8980,9074,9061,9209,9021,9264,8807,9131,8979,9118,9056,9057,9173,9144,8906,9142,9280,9038,9173,9038,9221,9168,9052,9256,9141,8986,8599,8881,8980,9253,9078,9076,9124,9018,9155,8994,9121,9079,9101,9085,9228,9012,8928,9251,9094,9062,9138,8677,8859,9272,8975,9190,9146,9179,8937,8816,9092,9106,9149,9203,9082,9325,8895,9210,9163,9131,9233,9040,9139,8471,9179,9120
2590,9104,9117,9054,8823,9299,9235,9132,9112,9197,9029,9082,8911,9147,9085,9097,9062,9116,9204,9149,9181,9282,9159,9045,9192,8980,9074,9061,9209,9021,9264,8807,9131,8979,9118,9056,9057,9174,9144,8906,9142,9280,9038,9173,9038,9221,9168,9052,9256,9141,8986,8599,8881,8980,9253,9078,9076,9124,9018,9155,8994,9121,9079,9101,9085,9228,9012,8928,9251,9094,9062,9138,8677,8859,9272,8975,9190,9146,9179,8937,8817,9092,9106,9149,9203,9082,9326,8895,9210,9163,9131,9233,9040,9139,8471,9179,9120
2591,9104,9117,9054,8824,9299,9235,9132,9112,9197,9029,9082,8911,9147,9085,9097,9062,9116,9204,9149,9181,9282,9159,9045,9192,8980,9074,9061,9209,9021,9264,8807,9131,8979,9118,9056,9057,9174,9144,8906,9142,9280,9038,9173,9038,9221,9168,9052,9256,9141,8986,8599,8881,8980,9253,9078,9076,9124,9018,9155,8994,9121,9079,9101,9085,9228,9012,8928,9251,9094,9062,9138,8677,8859,9272,8975,9190,9147,9179,8937,8817,9092,9106,9149,9203,9082,9327,8895,9210,9163,9131,9233,9040,9139,8471,9179,9120
2592,9104,9117,9054,8824,9300,9235,9132,9112,9197,9029,9082,8911,9147,9085,9097,9062,9116,9204,9149,9181,9282,9159,9046,9192,8980,9074,9061,9209,9021,9264,8807,9131,8979,9118,9056,9057,9174,9144,8906,9142,9280,9038,9173,9038,9221,9168,9052,9256,9141,8986,8599,8881,8980,9253,9078,9076,9124,9018,9155,8994,9121,9079,9101,9085,9228,9012,8928,9251,9094,9062,9138,8677,8859,9272,8975,9190,9147,9179,8937,8817,9092,9106,9149,9203,9082,9327,8895,9210,9163,9131,9233,9040,9139,8471,9179,9120
2593,9104,9117,9054,8824,9300,9235,9132,9112,9197,9029,9082,8911,9147,9085,9097,9062,9116,9204,9149,9181,9282,9159,9047,9192,8980,9074,9061,9209,9021,9264,8807,9131,8979,9118,9056,9057,9174,9144,8906,9142,9280,9038,9173,9038,9221,9168,9052,9256,9141,8986,8599,8881,8980,9253,9078,9076,9124,9018,9155,8994,9121,9079,9101,9085,9229,9012,8928,9251,9094,9062,9138,8677,8859,9272,8975,9191,9147,9179,8937,8817,9092,9106,9149,9203,9082,9327,8895,9210,9163,9131,9234,9040,9139,8471,9179,9120
2594,9104,9117,9054,8824,9300,9235,9132,9112,9197,9029,9082,8911,9147,9085,9097,9062,9116,9204,9149,9181,9282,9159,9047,9192,8980,9074,9061,9209,9021,9264,8807,9131,8979,9118,9056,9058,9174,9144,8906,9142,9280,9038,9173,9038,9221,9168,9052,9256,9141,8986,8599,8881,8980,9253,9078,9076,9124,9018,9155,8994,9121,9079,9101,9085,9229,9012,8928,9251,9094,9062,9138,8677,8859,9272,8975,9191,9147,9179,8937,8817,9092,9106,9149,9203,9082,9327,8895,9210,9163,9131,9234,9040,9139,8471,9179,9120
2595,9104,9117,9054,8824,9300,9235,9132,9112,9197,9029,9082,8911,9147,9085,9097,9062,9116,9204,9149,9181,9282,9159,9047,9192,8980,9074,9061,9209,9021,9264,8807,9131,8979,9118,9056,9058,9174,9144,8906,9142,9280,9038,9173,9038,9221,9168,9052,9256,9141,8986,8599,8881,8980,9253,9078,9076,9124,9018,9155,8994,9121,9079,9101,9085,9229,9012,8928,9251,9094,9062,9138,8677,8859,9272,8975,9191,9147,9179,8937,8817,9092,9106,9149,9203,9082,9327,8895,9210,9163,9131,9234,9040,9139,8471,9179,9120
2596,9104,9117,9054,8824,9300,9235,9132,9112,9197,9029,9082,8911,9147,9085,9097,9062,9116,9204,9149,9181,9282,9159,9047,9192,8980,9074,9061,9209,9021,9264,8807,9131,8979,9118,9056,9058,9175,9144,8906,9142,9280,9038,9173,9038,9221,9168,9052,9256,9141,8986,8599,8881,8981,9253,9078,9076,9124,9018,9155,8994,9121,9079,9102,9085,9229,9012,8928,9251,9094,9062,9138,8677,8859,9272,8975,9191,9147,9179,8937,8817,9092,9106,9149,9203,9082,9327,8895,9210,9163,9131,9234,9040,9139,8471,9179,9120
2597,9104,9117,9054,8824,9300,9235,9132,9112,9197,9029,9082,8911,9147,9085,9097,9062,9116,9204,9149,9181,9282,9159,9047,9192,8980,9074,9061,9209,9021,9264,8807,9131,8979,9118,9056,9058,9175,9144,8906,9142,9280,9038,9173,9038,9221,9168,9052,9256,9141,8986,8599,8881,8981,9253,9078,9076,9124,9018,9155,8994,9121,9079,9102,9085,9229,9012,8929,9251,9094,9062,9138,8677,8859,9272,8975,9191,9147,9179,8937,8817,9092,9106,9149,9203,9082,9327,8895,9210,9163,9131,9234,9040,9139,8471,9179,9120
2598,9104,9117,9054,8824,9300,9235,9132,9112,9197,9029,9082,8911,9147,9085,9097,9062,9116,9204,9149,9181,9282,9159,9047,9192,8980,9074,9061,9209,9021,9264,8807,9131,8979,9118,9056,9058,9175,9144,8906,9142,9280,9038,9173,9038,9221,9168,9052,9256,9141,8986,8599,8881,8981,9253,9078,9076,9124,9018,9155,8994,9121,9079,9102,9085,9229,9012,8929,9251,9094,9062,9138,8677,8859,9272,8975,9191,9147,9179,8937,8817,9092,9106,9149,9203,9082,9327,8895,9210,9163,9131,9234,9040,9139,8471,9179,9120
2599,9104,9117,9054,8824,9300,9236,9132,9112,9197,9029,9082,8911,9147,9085,9098,9062,9116,9204,9149,9181,9282,9159,9047,9192,8980,9074,9061,9209,9021,9264,8807,9131,8979,9118,9056,9058,9175,9144,8906,9142,9280,9038,9173,9038,9221,9168,9052,9256,9141,8986,8599,8881,8981,9253,9078,9077,9124,9018,9155,8994,9121,9079,9102,9085,9229,9012,8930,9251,9094,9062,9138,8677,8859,9272,8975,9191,9147,9179,8937,8817,9092,9106,9149,9203,9082,9327,8895,9210,9163,9131,9234,9040,9139,8471,9179,9120
2600,9104,9117,9054,8824,9300,9236,9132,9113,9197,9029,9082,8911,9147,9085,9098,9062,9116,9204,9149,9181,9282,9159,9047,9192,8980,9074,9061,9209,9021,9264,8807,9131,8979,9118,9056,9058,9175,9144,8906,9142,9280,9038,9173,9038,9221,9168,9052,9256,9141,8986,8599,8881,8981,9253,9078,9077,9124,9018,9155,8994,9121,9079,9102,9086,9229,9012,8930,9251,9094,9062,9138,8677,8859,9272,8975,9191,9147,9179,8937,8817,9092,9106,9149,9203,9082,9327,8895,9210,9164,9131,9234,9040,9139,8471,9179,9120
2601,9104,9117,9054,8824,9300,9236,9132,9113,9197,9029,9082,8911,9147,9085,9098,9062,9116,9204,9149,9181,9282,9159,9047,9192,8980,9074,9061,9209,9021,9264,8807,9131,8979,9118,9056,9058,9175,9144,8906,9142,9280,9038,9173,9038,9221,9168,9052,9256,9141,8986,8599,8881,8981,9253,9078,9077,9124,9018,9155,8994,9121,9079,9102,9086,9229,9012,8930,9251,9094,9062,9138,8677,8859,9272,8975,9191,9147,9179,8937,8817,9092,9106,9149,9203,9082,9327,8895,9210,9164,9132,9234,9040,9139,8471,9179,9120
2602,9104,9117,9054,8824,9301,9236,9132,9113,9197,9029,9082,8911,9147,9085,9098,9062,9116,9204,9149,9181,9282,9159,9047,9192,8980,9074,9061,9209,9021,9264,8807,9131,8979,9118,9056,9058,9175,9144,8906,9142,9280,9038,9173,9039,9221,9168,9052,9256,9141,8987,8599,8881,8981,9253,9078,9077,9124,9018,9155,8994,9121,9079,9102,9086,9229,9012,8930,9251,9094,9062,9138,8677,8859,9272,8975,9191,9147,9179,8937,8817,9092,9106,9149,9203,9082,9327,8895,9210,9164,9132,9234,9040,9139,8471,9179,9120
2603,9104,9117,9054,8824,9301,9236,9132,9113,9197,9029,9082,8911,9147,9085,9098,9062,9116,9204,9149,9181,9282,9159,9047,9192,8980,9074,9061,9209,9021,9264,8807,9131,8979,9118,9056,9058,9175,9144,8906,9142,9280,9038,9173,9039,9221,9168,9052,9256,9141,8987,8599,8881,8981,9253,9078,9077,9124,9018,9155,8994,9121,9080,9102,9086,9230,9012,8930,9251,9094,9062,9138,8677,8859,9272,8975,9191,9147,9179,8937,8817,9092,9106,9149,9203,9082,9327,8895,9210,9164,9132,9234,9040,9139,8471,9179,9120
2604,9104,9118,9054,8824,9301,9236,9132,9113,9197,9029,9082,8911,9147,9085,9098,9062,9116,9204,9149,9181,9282,9159,9047,9192,8980,9074,9061,9209,9021,9264,8807,9131,8979,9118,9056,9058,9175,9144,8906,9142,9280,9038,9173,9039,9222,9168,9052,9256,9141,8987,8599,8881,8981,9253,9078,9077,9124,9018,9155,8994,9121,9080,9102,9086,9230,9012,8930,9251,9094,9062,9138,8677,8859,9272,8975,9191,9147,9179,8937,8817,9092,9106,9149,9203,9082,9327,8895,9210,9164,9132,9234,9040,9139,8471,9179,9120
2605,9104,9118,9054,8824,9301,9236,9132,9113,9197,9029,9082,8911,9147,9085,9098,9062,9116,9204,9149,9181,9282,9159,9047,9192,8980,9074,9061,9209,9021,9264,8807,9131,8979,9118,9056,9058,9175,9144,8906,9142,9280,9038,9173,9039,9222,9168,9052,9256,9141,8987,8599,8881,8981,9253,9078,9077,9124,9018,9155,8994,9121,9080,9102,9086,9230,9012,8930,9251,9094,9062,9138,8677,8859,9272,8975,9191,9147,9179,8937,8817,9092,9106,9149,9203,9082,9327,8895,9210,9164,9132,9234,9040,9139,8471,9179,9120
2606,9104,9118,9054,8824,9301,9236,9132,9113,9197,9029,9082,8911,9147,9085,9098,9062,9116,9204,9149,9181,9282,9159,9047,9192,8980,9074,9061,9209,9021,9264,8807,9131,8979,9118,9056,9058,9175,9144,8906,9142,9280,9038,9173,9039,9222,9168,9052,9256,9141,8987,8599,8881,8981,9253,9078,9077,9124,9018,9155,8994,9121,9080,9102,9086,9230,9012,8930,9251,9094,9062,9138,8677,8859,9272,8975,9191,9147,9179,8937,8817,9092,9106,9149,9203,9082,9327,8895,9210,9164,9132,9234,9040,9139,8471,9179,9120
2607,9104,9118,9054,8824,9302,9236,9132,9114,9197,9029,9082,8911,9147,9085,9098,9062,9116,9204,9149,9181,9282,9159,9047,9192,8980,9074,9061,9209,9021,9264,8807,9131,8979,9118,9056,9058,9175,9145,8906,9143,9280,9038,9173,9039,9222,9168,9052,9256,9141,8987,8599,8881,8981,9253,9078,9077,9124,9018,9155,8995,9121,9080,9102,9086,9230,9012,8930,9252,9094,9062,9138,8677,8859,9272,8975,9191,9147,9179,8937,8817,9092,9106,9149,9203,9082,9327,8895,9210,9164,9132,9234,9040,9139,8471,9179,9120
2608,9104,9118,9054,8824,9302,9236,9132,9114,9197,9029,9082,8911,9147,9085,9098,9062,9116,9204,9149,9181,9282,9159,9047,9192,8980,9074,9061,9209,9021,9264,8807,9131,8979,9118,9056,9058,9175,9145,8906,9143,9280,9038,9173,9039,9222,9168,9052,9256,9141,8987,8599,8881,8981,9253,9078,9077,9124,9018,9155,8995,9121,9080,9102,9086,9230,9012,8930,9252,9094,9062,9138,8677,8859,9272,8975,9191,9147,9179,8937,8817,9092,9106,9149,9203,9082,9327,8895,9210,9164,9132,9234,9040,9139,8471,9179,9120
2609,9104,9118,9054,8824,9302,9236,9132,9114,9197,9029,9082,8911,9147,9085,9098,9062,9116,9204,9149,9181,9282,9159,9047,9192,8980,9074,9061,9209,9021,9264,8807,9131,8979,9118,9056,9058,9175,9145,8906,9143,9280,9038,9173,9039,9222,9168,9052,9256,9141,8987,8599,8881,8981,9253,9078,9077,9124,9018,9155,8995,9121,9080,9102,9086,9230,9012,8930,9252,9094,9062,9138,8677,8859,9272,8975,9191,9147,9179,8937,8817,9092,9106,9149,9203,9082,9327,8895,9210,9164,9132,9234,9040,9139,8471,9179,9120
2610,9104,9118,9054,8824,9302,9236,9132,9114,9197,9029,9082,8911,9147,9085,9098,9062,9116,9204,9149,9181,9282,9159,9047,9192,8980,9074,9061,9209,9021,9264,8807,9131,8979,9118,9056,9058,9175,9145,8906,9143,9280,9038,9173,9040,9222,9168,9052,9256,9141,8987,8599,8881,8981,9253,9078,9077,9124,9018,9155,8995,9121,9080,9102,9086,9230,9012,8930,9252,9094,9062,9138,8677,8859,9272,8975,9191,9147,9179,8938,8817,9092,9106,9149,9203,9082,9327,8895,9210,9164,9132,9234,9040,9139,8471,9179,9120
2611,9104,9118,9054,8824,9302,9236,9132,9114,9197,9029,9082,8911,9147,9085,9098,9062,9116,9204,9149,9181,9282,9159,9047,9192,8980,9074,9061,9209,9021,9264,8807,9131,8979,9118,9056,9058,9175,9145,8906,9143,9280,9038,9173,9040,9222,9168,9052,9256,9141,8987,8599,8881,8981,9253,9078,9077,9124,9018,9155,8995,9121,9080,9102,9086,9230,9012,8930,9252,9094,9062,9138,8677,8859,9272,8975,9191,9147,9179,8938,8817,9092,9106,9149,9203,9082,9327,8895,9210,9164,9132,9234,9040,9139,8471,9179,9120
2612,9104,9118,9054,8824,9302,9236,9132,9114,9197,9029,9082,8911,9147,9085,9098,9062,9116,9204,9149,9181,9282,9159,9047,9192,8980,9074,9061,9209,9021,9264,8807,9131,8979,9118,9056,9058,9175,9145,8906,9143,9280,9038,9173,9040,9222,9168,9052,9256,9141,8987,8599,8881,8981,9253,9078,9077,9124,9018,9155,8995,9121,9080,9102,9086,9230,9012,8930,9252,9094,9062,9138,8677,8859,9272,8975,9191,9147,9179,8938,8817,9092,9106,9149,9203,9082,9327,8895,9210,9164,9132,9234,9040,9139,8471,9179,9120
2613,9104,9118,9054,8824,9302,9236,9132,9114,9197,9029,9082,8911,9147,9085,9098,9062,9116,9204,9149,9181,9282,9159,9047,9192,8980,9075,9061,9209,9021,9264,8807,9131,8979,9118,9056,9058,9175,9145,8906,9143,9280,9038,9173,9040,9222,9168,9052,9256,9141,8987,8599,8881,8981,9253,9078,9077,9125,9018,9155,8995,9121,9080,9102,9086,9230,9012,8930,9252,9094,9062,9139,8677,8859,9272,8975,9191,9147,9179,8938,8817,9092,9106,9149,9203,9082,9327,8895,9210,9164,9132,9234,9040,9139,8471,9179,9120
2614,9104,9118,9054,8824,9302,9236,9132,9114,9197,9029,9082,8911,9147,9085,9098,9062,9116,9204,9149,9181,9282,9159,9047,9192,8980,9075,9061,9209,9021,9264,8807,9131,8979,9118,9056,9058,9175,9145,8906,9143,9280,9038,9173,9040,9222,9169,9052,9256,9141,8987,8599,8881,8981,9253,9078,9077,9125,9018,9155,8995,9121,9080,9102,9086,9230,9012,8930,9252,9094,9062,9139,8677,8859,9272,8975,9191,9147,9179,8938,8817,9092,9106,9149,9203,9082,9327,8896,9210,9164,9132,9234,9040,9139,8471,9179,9121
2615,9104,9118,9054,8824,9302,9236,9132,9114,9197,9029,9082,8911,9147,9085,9098,9062,9116,9204,9149,9181,9282,9159,9047,9192,8980,9075,9061,9209,9021,9264,8808,9131,8979,9118,9056,9058,9175,9145,8906,9143,9280,9038,9173,9040,9222,9169,9052,9256,9141,8987,8599,8881,8981,9253,9078,9077,9125,9019,9155,8995,9121,9080,9102,9086,9230,9012,8930,9252,9094,9062,9139,8677,8859,9272,8975,9191,9147,9179,8938,8817,9092,9106,9149,9203,9082,9327,8896,9210,9164,9132,9234,9040,9139,8471,9179,9121
2616,9104,9118,9054,8824,9302,9236,9132,9114,9197,9029,9082,8911,9147,9085,9098,9062,9116,9204,9149,9181,9282,9159,9047,9192,8980,9075,9061,9209,9021,9264,8808,9131,8979,9118,9056,9058,9175,9145,8906,9143,9280,9038,9173,9040,9222,9169,9052,9256,9141,8987,8599,8881,8981,9253,9078,9077,9125,9019,9155,8995,9121,9080,9102,9086,9230,9012,8930,9252,9094,9062,9139,8677,8859,9272,8975,9191,9147,9179,8938,8817,9093,9106,9149,9203,9082,9327,8896,9210,9164,9132,9234,9040,9139,8471,9179,9121
2617,9104,9118,9054,8824,9302,9236,9132,9114,9197,9029,9082,8911,9147,9085,9098,9062,9116,9204,9149,9181,9282,9159,9048,9192,8980,9075,9061,9209,9021,9264,8808,9131,8979,9118,9056,9058,9175,9145,8906,9143,9280,9038,9173,9041,9222,9169,9052,9256,9141,8987,8599,8881,8981,9253,9078,9077,9125,9019,9155,8995,9121,9080,9102,9086,9230,9012,8930,9252,9094,9062,9139,8677,8859,9272,8975,9191,9147,9179,8938,8817,9093,9106,9149,9203,9082,9327,8896,9210,9164,9132,9234,9040,9139,8471,9179,9121
2618,9104,9118,9055,8824,9302,9236,9132,9114,9197,9029,9082,8911,9147,9085,9098,9062,9116,9204,9149,9181,9282,9159,9048,9192,8980,9075,9061,9209,9021,9264,8808,9131,8979,9118,9056,9058,9175,9145,8906,9143,9280,9038,9173,9041,9222,9169,9052,9256,9141,8987,8599,8881,8981,9253,9078,9077,9125,9019,9155,8995,9121,9080,9102,9086,9231,9012,8930,9252,9094,9062,9139,8677,8859,9272,8975,9191,9147,9179,8938,8817,9093,9106,9149,9203,9082,9327,8896,9210,9164,9132,9234,9041,9139,8471,9179,9121
2619,9104,9118,9055,8824,9302,9236,9132,9114,9197,9029,9082,8911,9147,9085,9098,9062,9116,9204,9149,9181,9282,9159,9048,9192,8980,9075,9061,9209,9021,9264,8808,9131,8979,9118,9056,9058,9175,9145,8906,9143,9280,9038,9174,9041,9222,9169,9052,9256,9141,8987,8600,8881,8981,9253,9078,9077,9125,9019,9155,8995,9121,9080,9102,9086,9231,9012,8930,9252,9094,9062,9139,8677,8860,9272,8975,9191,9147,9179,8938,8817,9093,9106,9149,9203,9082,9327,8896,9210,9164,9132,9234,9041,9139,8471,9179,9121
2620,9104,9118,9055,8824,9302,9236,9132,9114,9197,9029,9082,8911,9147,9085,9098,9062,9116,9204,9149,9181,9282,9159,9048,9192,8980,9075,9061,9209,9021,9264,8808,9131,8979,9118,9056,9058,9175,9145,8906,9143,9280,9038,9174,9041,9222,9169,9052,9256,9141,8987,8600,8881,8981,9253,9078,9077,9125,9019,9155,8995,9121,9080,9102,9086,9231,9012,8930,9252,9094,9062,9139,8677,8860,9272,8975,9191,9147,9179,8938,8817,9093,9106,9149,9203,9082,9327,8897,9210,9164,9132,9234,9041,9139,8471,9179,9121
2621,9104,9118,9055,8824,9302,9236,9132,9114,9197,9029,9082,8911,9147,9085,9098,9062,9116,9204,9149,9181,9282,9159,9049,9192,8980,9075,9061,9209,9021,9264,8808,9131,8979,9118,9056,9058,9175,9145,8906,9143,9280,9038,9174,9041,9222,9169,9052,9256,9141,8987,8600,8881,8981,9253,9078,9077,9125,9019,9155,8995,9121,9080,9102,9086,9231,9012,8930,9252,9094,9062,9139,8677,8860,9272,8975,9191,9147,9179,8938,8817,9093,9106,9149,9203,9082,9327,8897,9210,9164,9132,9234,9041,9139,8471,9179,9121
2622,9104,9118,9055,8824,9303,9236,9132,9114,9197,9029,9082,8911,9147,9085,9098,9062,9116,9204,9149,9181,9282,9159,9049,9193,8980,9075,9061,9209,9021,9264,8808,9131,8979,9118,9056,9058,9175,9145,8906,9143,9280,9038,9174,9041,9222,9169,9052,9256,9141,8987,8600,8881,8981,9253,9078,9077,9125,9019,9155,8995,9121,9080,9102,9086,9231,9012,8930,9252,9094,9062,9139,8677,8860,9272,8975,9191,9147,9179,8938,8817,9093,9106,9149,9203,9082,9327,8897,9210,9164,9132,9234,9041,9139,8471,9179,9121
2623,9104,9118,9055,8824,9303,9236,9132,9114,9197,9029,9082,8911,9147,9085,9098,9062,9116,9204,9149,9181,9282,9159,9049,9193,8980,9075,9061,9209,9021,9264,8808,9131,8979,9118,9056,9058,9175,9145,8906,9143,9280,9038,9174,9041,9222,9169,9052,9256,9141,8987,8600,8881,8981,9253,9078,9077,9125,9019,9155,8995,9121,9080,9102,9086,9231,9012,8930,9252,9094,9062,9139,8677,8860,9272,8975,9191,9147,9179,8938,8817,9093,9106,9149,9203,9082,9327,8897,9210,9164,9132,9234,9041,9139,8471,9179,9121
2624,9104,9118,9055,8824,9303,9236,9132,9114,9197,9029,9082,8911,9147,9085,9098,9062,9116,9204,9149,9181,9282,9159,9049,9193,8980,9075,9061,9209,9021,9264,8808,9131,8980,9118,9056,9058,9175,9145,8906,9144,9280,9038,9174,9041,9222,9169,9052,9256,9141,8988,8600,8881,8981,9253,9078,9077,9125,9019,9155,8995,9121,9080,9102,9086,9231,9012,8930,9252,9094,9062,9139,8677,8860,9272,8975,9191,9147,9179,8938,8817,9093,9107,9149,9203,9082,9327,8897,9210,9164,9132,9234,9041,9139,8471,9179,9121
2625,9104,9118,9055,8824,9303,9236,9132,9114,9197,9029,9082,8911,9147,9085,9098,9062,9116,9204,9149,9181,9282,9159,9049,9193,8980,9075,9061,9209,9021,9264,8808,9131,8980,9118,9056,9058,9175,9145,8906,9144,9280,9038,9174,9041,9222,9169,9052,9256,9141,8988,8600,8881,8981,9253,9078,9077,9125,9019,9155,8995,9121,9080,9102,9086,9231,9012,8930,9252,9094,9062,9139,8677,8860,9272,8975,9191,9147,9179,8938,8817,9093,9107,9149,9203,9082,9327,8897,9210,9164,9132,9234,9041,9139,8472,9179,9121
2626,9104,9118,9055,8824,9303,9236,9132,9114,9197,9029,9082,8911,9147,9085,9098,9062,9116,9204,9149,9181,9282,9159,9049,9193,8980,9076,9061,9209,9021,9264,8808,9131,8980,9118,9056,9058,9175,9145,8906,9144,9280,9038,9174,9041,9222,9169,9052,9256,9141,8988,8600,8881,8981,9253,9078,9077,9125,9019,9155,8995,9121,9080,9102,9086,9231,9012,8930,9252,9094,9062,9139,8677,8860,9272,8975,9191,9147,9179,8938,8817,9093,9107,9149,9203,9082,9327,8897,9210,9164,9132,9234,9041,9139,8472,9179,9121
2627,9104,9118,9055,8824,9303,9237,9132,9114,9197,9029,9082,8911,9147,9085,9098,9062,9116,9204,9149,9181,9282,9159,9049,9193,8980,9076,9061,9209,9021,9264,8808,9131,8980,9118,9056,9058,9175,9145,8906,9144,9281,9038,9174,9041,9222,9169,9052,9256,9141,8988,8600,8881,8981,9253,9078,9077,9125,9019,9155,8995,9121,9080,9102,9086,9231,9012,8930,9252,9094,9062,9139,8677,8860,9272,8975,9191,9147,9179,8938,8817,9093,9107,9149,9203,9082,9327,8897,9210,9164,9132,9234,9041,9139,8473,9179,9121
2628,9104,9118,9055,8824,9303,9237,9132,9114,9197,9029,9082,8911,9147,9085,9098,9062,9116,9204,9149,9181,9282,9159,9049,9193,8980,9076,9061,9209,9021,9264,8808,9131,8980,9118,9056,9058,9175,9145,8906,9144,9281,9038,9174,9041,9222,9169,9052,9257,9141,8988,8600,8881,8981,9253,9078,9077,9125,9019,9155,8995,9121,9080,9102,9086,9231,9012,8930,9252,9094,9062,9139,8677,8860,9272,8975,9191,9147,9179,8938,8817,9093,9107,9149,9204,9082,9327,8897,9210,9164,9132,9234,9041,9139,8473,9179,9121
2629,9104,9118,9055,8824,9303,9237,9132,9114,9197,9029,9082,8911,9147,9085,9098,9062,9116,9204,9149,9181,9282,9159,9049,9193,8980,9076,9061,9209,9021,9264,8808,9131,8980,9118,9056,9058,9175,9145,8906,9144,9281,9038,9174,9041,9222,9169,9052,9257,9141,8988,8600,8881,8981,9253,9078,9077,9125,9019,9155,8995,9121,9080,9102,9086,9231,9012,8930,9252,9094,9062,9139,8677,8860,9272,8975,9191,9147,9179,8938,8817,9093,9107,9149,9204,9082,9327,8897,9210,9164,9132,9234,9041,9139,8473,9179,9121
2630,9104,9118,9055,8824,9303,9237,9132,9114,9197,9029,9082,8911,9147,9085,9098,9062,9116,9204,9149,9181,9282,9159,9049,9193,8980,9076,9061,9209,9021,9264,8808,9131,8980,9118,9056,9058,9175,9145,8906,9144,9281,9038,9174,9041,9222,9169,9053,9257,9141,8988,8600,8881,8981,9253,9078,9077,9125,9019,9155,8995,9121,9080,9102,9086,9231,9012,8930,9252,9094,9062,9139,8677,8860,9272,8975,9191,9147,9179,8938,8817,9093,9107,9149,9204,9082,9327,8897,9210,9164,9132,9234,9041,9139,8473,9179,9121
2631,9104,9118,9055,8824,9303,9237,9132,9114,9197,9029,9082,8911,9147,9085,9098,9062,9116,9204,9149,9181,9282,9159,9049,9193,8980,9076,9061,9209,9021,9264,8808,9131,8980,9118,9056,9058,9175,9145,8906,9144,9281,9038,9174,9041,9222,9169,9053,9257,9141,8988,8600,8881,8981,9253,9078,9077,9125,9019,9155,8995,9121,9080,9102,9086,9231,9012,8930,9252,9094,9062,9139,8678,8860,9272,8975,9191,9147,9179,8938,8817,9093,9107,9149,9204,9082,9327,8897,9210,9164,9132,9234,9041,9139,8473,9179,9121
2632,9104,9118,9055,8824,9303,9237,9132,9114,9197,9029,9082,8911,9147,9085,9098,9062,9116,9204,9149,9181,9282,9159,9049,9193,8980,9076,9061,9209,9021,9264,8808,9131,8980,9118,9056,9058,9175,9145,8906,9144,9281,9038,9174,9042,9222,9169,9053,9257,9141,8988,8601,8881,8981,9253,9078,9077,9125,9019,9155,8995,9121,9080,9102,9086,9231,9012,8930,9252,9094,9062,9139,8678,8860,9272,8975,9191,9147,9179,8938,8817,9093,9107,9149,9204,9082,9327,8897,9210,9164,9132,9234,9041,9139,8473,9179,9121
2633,9104,9118,9055,8824,9303,9237,9132,9114,9197,9029,9082,8911,9147,9085,9098,9062,9116,9204,9149,9181,9282,9159,9049,9193,8980,9076,9061,9209,9021,9264,8808,9131,8980,9118,9056,9058,9175,9145,8906,9144,9281,9038,9174,9042,9222,9169,9053,9257,9141,8988,8601,8881,8981,9253,9078,9077,9125,9019,9155,8995,9121,9080,9102,9086,9231,9012,8930,9252,9094,9062,9139,8678,8860,9272,8975,9191,9147,9179,8938,8817,9093,9107,9149,9204,9082,9327,8897,9210,9164,9132,9234,9041,9139,8473,9179,9121
2634,9104,9118,9055,8824,9303,9237,9132,9114,9197,9029,9082,8911,9147,9085,9098,9062,9116,9204,9149,9181,9282,9159,9049,9193,8980,9076,9061,9209,9021,9265,8808,9131,8980,9118,9056,9059,9175,9145,8906,9144,9281,9038,9174,9042,9222,9169,9053,9257,9141,8988,8601,8881,8981,9253,9078,9077,9125,9019,9155,8995,9121,9080,9102,9086,9231,9012,8930,9252,9094,9062,9139,8678,8860,9272,8975,9191,9147,9179,8938,8817,9093,9107,9149,9204,9082,9327,8897,9210,9164,9132,9234,9041,9139,8473,9179,9121
2635,9104,9118,9055,8824,9303,9237,9132,9114,9197,9029,9082,8911,9147,9085,9098,9062,9116,9204,9149,9181,9282,9159,9049,9193,8980,9076,9061,9209,9021,9265,8808,9131,8980,9118,9056,9059,9175,9145,8906,9145,9281,9038,9174,9042,9222,9169,9053,9257,9141,8988,8601,8881,8981,9253,9078,9077,9125,9019,9155,8995,9121,9080,9102,9086,9231,9012,8930,9252,9094,9062,9139,8678,8860,9272,8975,9192,9147,9179,8938,8817,9093,9107,9149,9204,9082,9327,8897,9210,9164,9132,9234,9041,9139,8473,9179,9121
2636,9104,9118,9055,8824,9303,9237,9132,9114,9197,9029,9082,8911,9147,9085,9098,9062,9116,9204,9149,9182,9282,9159,9049,9193,8980,9076,9061,9209,9021,9265,8808,9131,8980,9118,9056,9059,9175,9145,8906,9145,9281,9038,9174,9042,9222,9169,9053,9257,9141,8988,8601,8881,8981,9253,9078,9077,9125,9019,9155,8995,9121,9080,9102,9086,9231,9012,8930,9252,9094,9062,9139,8678,8860,9272,8975,9193,9147,9179,8938,8817,9093,9107,9149,9205,9082,9327,8897,9210,9164,9132,9234,9041,9139,8473,9179,9121
2637,9104,9118,9055,8824,9303,9237,9132,9114,9197,9029,9082,8911,9147,9085,9098,9062,9116,9204,9149,9182,9282,9159,9049,9193,8980,9076,9061,9209,9021,9265,8808,9131,8980,9118,9056,9059,9175,9145,8906,9145,9281,9038,9174,9042,9222,9169,9053,9257,9141,8988,8601,8881,8981,9253,9078,9077,9125,9019,9155,8995,9121,9080,9102,9086,9231,9012,8930,9252,9094,9062,9139,8678,8860,9272,8975,9193,9147,9179,8938,8817,9093,9107,9149,9205,9082,9327,8897,9210,9164,9132,9234,9041,9139,8473,9179,9121
2638,9104,9118,9055,8824,9303,9237,9132,9114,9197,9029,9082,8911,9147,9085,9098,9062,9116,9204,9149,9182,9282,9159,9049,9193,8981,9076,9061,9209,9022,9265,8808,9131,8980,9118,9056,9059,9175,9145,8906,9145,9281,9038,9174,9042,9222,9169,9053,9257,9141,8988,8601,8881,8981,9253,9078,9077,9125,9019,9155,8995,9121,9080,9102,9086,9231,9012,8930,9252,9094,9062,9139,8678,8860,9272,8975,9193,9147,9179,8938,8817,9093,9107,9149,9205,9082,9327,8897,9210,9164,9132,9234,9041,9139,8473,9179,9121
2639,9104,9118,9055,8824,9303,9237,9132,9114,9197,9029,9082,8911,9147,9085,9098,9062,9116,9204,9149,9182,9282,9159,9049,9193,8981,9076,9061,9209,9022,9265,8808,9131,8980,9118,9056,9059,9175,9145,8906,9145,9282,9038,9174,9042,9222,9169,9053,9257,9141,8988,8601,8881,8981,9253,9078,9077,9125,9019,9155,8995,9121,9080,9102,9086,9231,9012,8930,9252,9094,9062,9139,8678,8860,9272,8975,9193,9147,9179,8938,8817,9093,9107,9149,9205,9082,9327,8897,9210,9164,9132,9234,9041,9139,8473,9179,9121
2640,9104,9118,9055,8824,9303,9237,9132,9114,9197,9029,9082,8911,9147,9085,9098,9062,9116,9204,9149,9182,9282,9159,9049,9193,8981,9076,9061,9209,9022,9265,8808,9131,8980,9118,9056,9059,9175,9145,8906,9145,9282,9038,9174,9042,9222,9169,9053,9257,9141,8988,8601,8881,8981,9253,9078,9077,9125,9019,9155,8995,9121,9080,9102,9086,9231,9012,8930,9252,9094,9062,9139,8679,8860,9272,8975,9193,9147,9179,8938,8817,9093,9107,9149,9205,9082,9327,8897,9210,9164,9132,9234,9041,9139,8473,9179,9122
2641,9104,9118,9055,8824,9303,9237,9132,9114,9197,9029,9082,8911,9147,9085,9098,9062,9116,9204,9149,9182,9282,9159,9049,9193,8981,9076,9061,9209,9022,9265,8808,9131,8980,9118,9056,9059,9175,9145,8906,9145,9282,9038,9174,9042,9222,9169,9053,9257,9141,8988,8601,8881,8981,9253,9078,9077,9125,9019,9155,8995,9121,9080,9102,9086,9231,9012,8930,9252,9094,9062,9139,8679,8860,9272,8975,9193,9147,9180,8938,8817,9093,9107,9149,9205,9082,9327,8897,9210,9164,9132,9234,9041,9139,8473,9179,9122
2642,9104,9118,9055,8824,9303,9237,9132,9114,9197,9029,9082,8911,9147,9085,9098,9062,9116,9204,9149,9182,9282,9159,9049,9193,8981,9076,9061,9209,9022,9265,8808,9131,8980,9118,9056,9059,9175,9145,8906,9145,9282,9038,9174,9042,9222,9169,9053,9257,9141,8988,8601,8881,8981,9253,9078,9077,9125,9019,9155,8995,9121,9080,9102,9086,9231,9012,8930,9252,9094,9062,9139,8679,8860,9272,8975,9193,9147,9180,8938,8817,9093,9107,9149,9205,9082,9327,8897,9210,9164,9132,9234,9041,9139,8473,9179,9122
2643,9104,9118,9055,8824,9303,9237,9132,9114,9197,9029,9082,8911,9147,9085,9098,9062,9116,9204,9149,9182,9282,9159,9049,9193,8981,9076,9061,9209,9022,9265,8808,9131,8980,9118,9056,9059,9175,9145,8906,9145,9282,9038,9174,9042,9222,9169,9053,9257,9141,8988,8601,8881,8981,9254,9078,9077,9125,9019,9155,8995,9121,9080,9102,9086,9231,9012,8930,9252,9094,9062,9139,8679,8860,9272,8975,9193,9147,9180,8938,8817,9093,9107,9149,9205,9082,9327,8897,9210,9164,9132,9234,9041,9139,8473,9179,9122
2644,9104,9118,9055,8824,9303,9237,9132,9114,9197,9029,9082,8911,9147,9085,9098,9062,9116,9204,9149,9182,9282,9159,9049,9193,8981,9076,9061,9209,9022,9265,8808,9131,8980,9118,9056,9059,9175,9145,8906,9145,9282,9038,9174,9042,9222,9169,9053,9257,9141,8988,8601,8881,8981,9254,9078,9077,9125,9019,9155,8995,9121,9080,9102,9086,9231,9012,8930,9252,9094,9062,9139,8679,8860,9272,8975,9193,9147,9180,8938,8817,9093,9107,9149,9205,9082,9327,8897,9210,9164,9132,9234,9041,9139,8473,9179,9122
2645,9104,9118,9055,8824,9303,9238,9132,9114,9197,9029,9082,8911,9147,9085,9098,9062,9116,9204,9149,9182,9282,9159,9049,9193,8981,9076,9061,9209,9022,9265,8808,9131,8980,9118,9056,9059,9175,9145,8906,9145,9282,9038,9174,9042,9222,9169,9053,9257,9141,8988,8601,8881,8981,9254,9078,9077,9125,9019,9155,8995,9121,9080,9102,9086,9231,9012,8930,9252,9094,9062,9139,8679,8860,9272,8975,9193,9147,9180,8938,8817,9093,9107,9149,9205,9082,9327,8897,9210,9164,9132,9234,9041,9139,8473,9179,9122
2646,9104,9118,9055,8824,9303,9239,9132,9114,9197,9029,9082,8911,9147,9085,9098,9062,9116,9204,9149,9182,9282,9159,9049,9193,8981,9076,9061,9209,9022,9265,8808,9131,8980,9118,9056,9059,9175,9145,8906,9145,9282,9038,9174,9042,9222,9169,9053,9257,9141,8988,8601,8881,8981,9254,9078,9077,9125,9019,9155,8996,9121,9080,9102,9086,9231,9012,8930,9252,9094,9062,9139,8679,8860,9272,8975,9193,9147,9180,8938,8817,9093,9107,9149,9205,9082,9327,8897,9210,9164,9132,9234,9041,9139,8473,9179,9122
2647,9104,9118,9055,8824,9303,9239,9132,9114,9197,9029,9082,8911,9147,9085,9098,9062,9116,9204,9149,9182,9282,9159,9049,9193,8981,9076,9061,9209,9022,9265,8808,9131,8980,9118,9056,9059,9175,9145,8906,9145,9282,9038,9174,9042,9222,9169,9053,9257,9141,8988,8601,8881,8981,9254,9078,9077,9125,9019,9155,8996,9121,9080,9102,9086,9231,9012,8930,9252,9094,9062,9139,8679,8860,9272,8975,9193,9147,9180,8938,8817,9093,9107,9149,9206,9082,9327,8897,9210,9164,9132,9234,9041,9139,8473,9179,9122
2648,9104,9118,9055,8824,9303,9239,9132,9114,9197,9029,9082,8911,9147,9085,9098,9062,9116,9204,9149,9182,9282,9159,9049,9193,8981,9076,9061,9209,9022,9265,8808,9131,8980,9118,9056,9059,9175,9145,8906,9145,9282,9038,9174,9042,9222,9169,9053,9257,9141,8988,8601,8881,8981,9254,9078,9077,9125,9019,9155,8996,9121,9080,9102,9086,9232,9012,8930,9252,9094,9062,9139,8679,8860,9272,8975,9193,9147,9180,8938,8817,9093,9107,9149,9206,9082,9327,8897,9210,9164,9132,9234,9041,9139,8473,9179,9122
2649,9104,9118,9055,8824,9303,9239,9132,9114,9197,9029,9082,8911,9147,9085,9098,9062,9116,9204,9149,9182,9282,9159,9049,9193,8981,9076,9061,9209,9022,9265,8808,9131,8980,9118,9056,9059,9175,9145,8906,9145,9282,9038,9174,9042,9222,9169,9053,9257,9141,8988,8601,8881,8981,9254,9078,9077,9125,9019,9155,8996,9121,9080,9102,9086,9232,9012,8930,9252,9094,9062,9139,8679,8860,9272,8975,9193,9147,9180,8938,8817,9093,9107,9149,9206,9082,9327,8897,9210,9164,9132,9234,9041,9139,8473,9179,9122
2650,9104,9118,9055,8824,9303,9239,9132,9114,9197,9029,9082,8911,9147,9085,9098,9062,9116,9204,9149,9182,9282,9159,9049,9193,8981,9076,9061,9209,9022,9265,8808,9131,8980,9118,9056,9059,9175,9145,8906,9145,9282,9038,9174,9042,9222,9169,9053,9257,9141,8988,8601,8881,8981,9255,9078,9077,9125,9019,9155,8996,9121,9080,9102,9086,9232,9012,8930,9252,9094,9062,9139,8679,8860,9272,8975,9193,9147,9180,8938,8817,9093,9107,9149,9206,9082,9327,8897,9210,9164,9132,9234,9041,9139,8473,9179,9122
2651,9104,9118,9055,8824,9303,9239,9132,9114,9197,9029,9082,8911,9147,9085,9098,9062,9116,9204,9149,9182,9282,9159,9049,9193,8981,9076,9061,9209,9022,9265,8808,9131,8980,9118,9056,9059,9175,9145,8906,9145,9282,9038,9174,9042,9222,9169,9053,9257,9141,8988,8601,8881,8981,9255,9078,9077,9125,9019,9155,8996,9121,9080,9102,9086,9232,9012,8930,9252,9094,9062,9139,8679,8860,9272,8975,9193,9147,9180,8938,8817,9093,9107,9149,9206,9082,9327,8897,9210,9164,9132,9234,9041,9139,8473,9179,9122
2652,9104,9118,9055,8824,9303,9239,9132,9114,9197,9029,9082,8911,9147,9085,9098,9062,9116,9204,9149,9182,9282,9159,9049,9193,8981,9076,9061,9209,9022,9265,8808,9131,8980,9118,9056,9059,9175,9145,8906,9145,9282,9038,9174,9042,9222,9169,9053,9257,9141,8988,8601,8881,8981,9255,9078,9077,9125,9019,9155,8996,9121,9080,9102,9086,9232,9012,8930,9252,9094,9062,9139,8679,8860,9272,8975,9193,9147,9180,8938,8817,9093,9107,9149,9206,9082,9327,8897,9210,9164,9132,9234,9041,9139,8473,9179,9122
2653,9104,9118,9055,8824,9303,9239,9132,9114,9197,9029,9082,8911,9148,9085,9098,9062,9116,9204,9149,9182,9282,9159,9049,9193,8981,9076,9061,9209,9022,9265,8808,9131,8980,9118,9056,9059,9175,9145,8906,9145,9282,9038,9174,9042,9222,9169,9053,9257,9142,8988,8601,8881,8981,9255,9078,9077,9125,9019,9155,8996,9121,9080,9102,9086,9232,9012,8930,9252,9094,9062,9139,8679,8860,9272,8975,9193,9147,9180,8938,8817,9093,9107,9149,9206,9082,9327,8897,9210,9164,9132,9234,9041,9139,8473,9179,9122
2654,9104,9118,9055,8824,9303,9239,9132,9114,9197,9029,9082,8912,9148,9085,9098,9062,9116,9204,9149,9182,9282,9159,9049,9193,8981,9076,9061,9209,9022,9265,8808,9131,8980,9118,9056,9059,9175,9145,8906,9145,9282,9038,9174,9042,9222,9169,9053,9257,9142,8988,8601,8881,8981,9255,9078,9077,9125,9019,9155,8996,9121,9080,9102,9086,9232,9012,8930,9252,9094,9062,9139,8679,8860,9272,8975,9193,9147,9180,8938,8817,9093,9107,9149,9206,9082,9327,8897,9210,9164,9132,9234,9041,9139,8473,9179,9122
2655,9104,9118,9055,8824,9303,9239,9132,9114,9197,9029,9082,8912,9148,9085,9098,9062,9116,9204,9149,9182,9282,9159,9050,9193,8981,9076,9061,9209,9022,9265,8808,9131,8980,9118,9056,9059,9175,9145,8906,9145,9282,9038,9174,9042,9222,9169,9053,9257,9142,8989,8601,8881,8981,9255,9078,9077,9125,9019,9155,8996,9121,9080,9102,9086,9232,9012,8930,9252,9094,9062,9139,8679,8860,9272,8975,9193,9147,9180,8938,8817,9093,9107,9149,9206,9082,9327,8897,9210,9164,9132,9234,9041,9139,8473,9179,9122
2656,9104,9118,9055,8824,9303,9239,9132,9114,9197,9029,9082,8912,9148,9085,9098,9062,9116,9204,9149,9182,9282,9159,9050,9193,8981,9076,9061,9209,9022,9265,8808,9131,8980,9118,9056,9059,9175,9145,8906,9145,9282,9038,9174,9042,9222,9169,9053,9257,9142,8989,8601,8881,8981,9255,9078,9077,9125,9019,9155,8996,9121,9080,9102,9086,9232,9012,8930,9252,9094,9062,9139,8679,8860,9273,8975,9193,9147,9180,8938,8817,9093,9107,9149,9206,9082,9327,8897,9210,9164,9132,9234,9041,9139,8473,9179,9122
2657,9104,9118,9055,8824,9303,9239,9132,9114,9197,9029,9082,8912,9148,9085,9098,9062,9116,9204,9149,9182,9282,9159,9050,9193,8981,9076,9061,9209,9022,9265,8808,9131,8980,9118,9056,9059,9175,9145,8906,9145,9282,9038,9174,9042,9222,9169,9053,9257,9142,8989,8601,8881,8981,9255,9078,9077,9125,9019,9155,8996,9121,9081,9102,9086,9232,9012,8930,9252,9094,9062,9139,8679,8860,9273,8975,9193,9147,9180,8938,8817,9093,9107,9149,9206,9082,9327,8897,9210,9164,9132,9234,9041,9139,8474,9179,9122
2658,9104,9118,9055,8824,9303,9239,9132,9114,9197,9029,9082,8912,9148,9085,9098,9062,9116,9204,9149,9182,9282,9159,9050,9193,8981,9076,9061,9209,9022,9265,8808,9131,8980,9118,9056,9059,9175,9145,8906,9145,9282,9038,9174,9042,9222,9169,9053,9257,9142,8989,8601,8881,8981,9255,9078,9077,9125,9019,9155,8996,9121,9081,9102,9086,9232,9012,8930,9252,9095,9062,9139,8679,8860,9273,8975,9193,9147,9180,8938,8817,9093,9107,9149,9206,9082,9327,8897,9210,9164,9132,9234,9041,9139,8474,9179,9122
2659,9104,9118,9055,8824,9303,9239,9132,9114,9197,9029,9082,8912,9148,9085,9098,9062,9116,9204,9149,9182,9282,9159,9050,9193,8981,9076,9061,9209,9022,9265,8808,9131,8980,9118,9056,9059,9175,9145,8906,9145,9282,9038,9174,9042,9222,9169,9053,9257,9142,8989,8601,8881,8981,9255,9078,9077,9125,9019,9155,8996,9121,9081,9102,9086,9232,9012,8930,9252,9095,9062,9139,8679,8860,9273,8975,9193,9147,9180,8938,8817,9093,9107,9149,9206,9082,9327,8897,9210,9164,9132,9234,9041,9139,8474,9179,9122
2660,9104,9118,9055,8825,9303,9239,9132,9114,9197,9029,9082,8912,9148,9085,9098,9062,9116,9204,9149,9182,9282,9159,9050,9193,8981,9076,9061,9209,9022,9265,8808,9131,8980,9118,9056,9059,9175,9145,8906,9145,9282,9038,9174,9042,9222,9169,9053,9257,9142,8989,8601,8881,8981,9255,9078,9077,9125,9019,9155,8996,9121,9081,9102,9086,9232,9012,8930,9252,9095,9062,9139,8679,8860,9273,8975,9193,9147,9180,8938,8817,9093,9107,9149,9206,9082,9327,8897,9210,9164,9132,9234,9041,9139,8474,9179,9122
2661,9104,9118,9055,8825,9303,9239,9132,9114,9197,9029,9082,8912,9148,9085,9098,9062,9116,9204,9149,9182,9282,9159,9050,9193,8981,9076,9061,9209,9022,9265,8808,9131,8980,9118,9056,9059,9175,9145,8906,9145,9282,9039,9174,9042,9222,9169,9053,9257,9142,8989,8601,8881,8981,9255,9078,9077,9125,9019,9155,8996,9121,9081,9102,9086,9232,9012,8930,9252,9095,9062,9139,8679,8860,9273,8975,9193,9147,9180,8938,8817,9093,9107,9149,9206,9082,9327,8897,9210,9164,9132,9234,9041,9139,8474,9179,9122
2662,9104,9118,9055,8825,9303,9239,9132,9114,9197,9029,9082,8912,9148,9085,9098,9062,9116,9204,9149,9182,9282,9159,9050,9193,8981,9076,9061,9209,9022,9265,8808,9131,8980,9118,9056,9059,9175,9145,8906,9145,9282,9039,9174,9042,9222,9169,9053,9257,9142,8989,8601,8881,8981,9255,9078,9077,9125,9019,9155,8996,9121,9081,9102,9086,9232,9012,8930,9252,9095,9062,9139,8679,8860,9273,8975,9193,9147,9180,8938,8817,9093,9107,9149,9206,9082,9327,8897,9210,9164,9132,9234,9041,9139,8474,9179,9122
2663,9104,9118,9055,8825,9303,9239,9132,9114,9197,9029,9082,8912,9148,9085,9098,9062,9116,9204,9149,9182,9282,9159,9050,9193,8981,9076,9061,9209,9022,9265,8808,9131,8980,9118,9056,9059,9175,9145,8906,9145,9282,9039,9174,9042,9222,9169,9053,9257,9142,8989,8601,8881,8981,9255,9078,9077,9125,9019,9155,8996,9121,9081,9102,9086,9232,9012,8930,9252,9095,9062,9139,8679,8860,9273,8975,9193,9147,9180,8938,8817,9093,9107,9149,9206,9082,9327,8897,9210,9164,9132,9234,9041,9139,8474,9179,9122
2664,9104,9118,9055,8825,9303,9239,9132,9114,9197,9029,9082,8912,9148,9085,9098,9062,9116,9204,9149,9182,9282,9159,9050,9193,8981,9076,9061,9209,9022,9265,8808,9131,8980,9118,9056,9059,9175,9145,8906,9145,9282,9039,9174,9042,9222,9169,9053,9257,9142,8989,8601,8881,8981,9255,9078,9077,9125,9019,9155,8996,9122,9081,9102,9086,9232,9012,8930,9252,9095,9062,9139,8679,8860,9273,8975,9193,9147,9180,8938,8817,9093,9107,9149,9206,9082,9327,8897,9210,9165,9132,9234,9041,9139,8474,9179,9122
2665,9104,9118,9055,8825,9303,9239,9132,9114,9197,9029,9082,8912,9148,9086,9098,9062,9116,9204,9149,9182,9282,9159,9050,9193,8981,9076,9061,9209,9022,9265,8808,9131,8980,9118,9056,9059,9175,9145,8906,9145,9282,9039,9174,9042,9222,9169,9053,9257,9142,8989,8601,8881,8981,9255,9078,9077,9125,9019,9155,8996,9122,9081,9102,9086,9232,9012,8930,9252,9095,9062,9139,8679,8860,9273,8975,9193,9147,9180,8938,8817,9093,9107,9149,9206,9082,9327,8897,9210,9165,9132,9234,9041,9139,8474,9179,9122
2666,9104,9118,9055,8825,9303,9239,9132,9114,9197,9029,9082,8912,9148,9086,9098,9062,9116,9204,9149,9182,9282,9159,9050,9193,8981,9076,9061,9209,9022,9265,8808,9131,8980,9118,9056,9059,9175,9145,8906,9145,9282,9039,9174,9042,9222,9169,9053,9257,9142,8989,8601,8881,8981,9255,9078,9077,9125,9019,9155,8996,9122,9081,9102,9086,9232,9012,8930,9252,9095,9062,9139,8679,8860,9273,8975,9193,9147,9180,8938,8817,9093,9107,9149,9206,9082,9327,8897,9210,9165,9132,9234,9041,9139,8474,9179,9122
2667,9104,9118,9055,8825,9303,9239,9132,9114,9197,9029,9082,8912,9148,9086,9098,9062,9116,9204,9149,9182,9282,9160,9050,9193,8981,9076,9062,9209,9022,9265,8808,9131,8980,9118,9056,9059,9175,9145,8906,9145,9282,9039,9174,9042,9222,9169,9053,9257,9142,8989,8601,8881,8981,9255,9078,9077,9125,9019,9155,8996,9122,9081,9102,9086,9232,9012,8930,9252,9095,9062,9139,8679,8860,9273,8975,9193,9147,9180,8938,8817,9093,9107,9149,9206,9082,9327,8897,9210,9165,9132,9234,9041,9139,8474,9179,9122
2668,9104,9118,9055,8825,9303,9239,9132,9114,9197,9029,9082,8912,9148,9086,9098,9062,9116,9204,9149,9182,9282,9160,9050,9193,8981,9076,9062,9209,9022,9265,8808,9131,8980,9118,9056,9059,9175,9145,8906,9145,9282,9039,9174,9042,9222,9169,9053,9257,9142,8989,8601,8881,8981,9255,9078,9077,9125,9019,9155,8996,9123,9081,9102,9086,9232,9012,8930,9252,9095,9062,9139,8679,8860,9273,8975,9193,9147,9180,8938,8817,9093,9107,9149,9206,9082,9327,8897,9210,9165,9132,9234,9041,9139,8475,9179,9122
2669,9104,9118,9055,8825,9303,9239,9132,9114,9197,9029,9082,8912,9148,9086,9098,9062,9116,9204,9149,9182,9282,9160,9050,9193,8981,9076,9062,9209,9022,9265,8808,9131,8980,9118,9056,9059,9175,9145,8906,9145,9282,9039,9174,9042,9222,9169,9053,9257,9142,8989,8601,8881,8981,9255,9078,9077,9125,9019,9155,8996,9123,9081,9102,9086,9232,9012,8930,9252,9095,9062,9139,8679,8860,9273,8975,9193,9147,9180,8938,8817,9093,9107,9149,9206,9082,9327,8897,9210,9165,9132,9234,9041,9139,8475,9179,9122
2670,9104,9118,9056,8825,9303,9239,9132,9114,9197,9029,9082,8912,9148,9086,9098,9062,9116,9204,9149,9182,9282,9160,9050,9193,8981,9076,9062,9209,9022,9265,8808,9131,8980,9118,9056,9059,9175,9145,8906,9145,9282,9039,9174,9042,9222,9169,9053,9257,9142,8989,8601,8881,8981,9255,9078,9077,9125,9019,9155,8996,9123,9081,9102,9086,9232,9012,8930,9252,9095,9062,9139,8679,8860,9273,8975,9193,9147,9180,8938,8817,9093,9107,9149,9206,9082,9327,8897,9210,9165,9132,9234,9041,9139,8475,9179,9122
2671,9104,9118,9056,8825,9303,9239,9132,9114,9197,9029,9082,8912,9148,9086,9098,9063,9116,9204,9149,9182,9282,9160,9050,9193,8981,9076,9062,9209,9022,9265,8808,9131,8980,9118,9056,9059,9175,9145,8906,9145,9282,9039,9174,9042,9222,9169,9053,9257,9142,8989,8601,8881,8981,9255,9078,9077,9125,9019,9155,8996,9123,9081,9102,9086,9232,9012,8930,9252,9095,9062,9139,8679,8860,9273,8975,9193,9147,9181,8938,8817,9093,9107,9149,9206,9082,9327,8897,9210,9165,9132,9234,9041,9139,8475,9179,9122
2672,9104,9118,9056,8825,9303,9239,9132,9114,9197,9029,9082,8912,9148,9086,9098,9063,9116,9204,9149,9182,9282,9160,9050,9193,8981,9076,9062,9209,9022,9265,8808,9131,8980,9118,9056,9059,9175,9145,8906,9145,9282,9039,9174,9042,9222,9169,9053,9257,9142,8989,8601,8881,8981,9255,9078,9077,9125,9019,9155,8996,9123,9081,9102,9086,9232,9012,8930,9252,9095,9062,9139,8679,8860,9273,8975,9193,9147,9181,8938,8817,9093,9107,9149,9206,9082,9327,8897,9210,9165,9132,9234,9041,9139,8475,9179,9123
2673,9104,9118,9056,8825,9303,9239,9132,9114,9197,9029,9082,8912,9148,9086,9099,9063,9116,9204,9149,9182,9282,9160,9050,9193,8981,9076,9062,9209,9022,9265,8808,9131,8980,9118,9056,9059,9175,9145,8906,9145,9282,9039,9174,9042,9222,9169,9053,9257,9142,8989,8601,8881,8981,9255,9078,9077,9125,9019,9155,8996,9123,9081,9102,9086,9232,9012,8930,9252,9096,9062,9139,8679,8860,9273,8975,9193,9147,9181,8938,8817,9093,9107,9149,9206,9082,9327,8897,9210,9165,9132,9234,9041,9139,8475,9179,9123
2674,9104,9118,9056,8825,9303,9239,9132,9114,9197,9029,9082,8912,9148,9086,9099,9063,9116,9204,9149,9182,9282,9160,9050,9193,8981,9076,9062,9209,9022,9265,8808,9131,8980,9118,9056,9059,9175,9145,8906,9145,9282,9039,9174,9042,9222,9169,9053,9257,9142,8989,8601,8881,8981,9255,9078,9077,9125,9019,9155,8996,9123,9081,9102,9086,9232,9012,8930,9252,9096,9062,9139,8679,8860,9273,8975,9193,9147,9181,8938,8817,9093,9107,9149,9206,9082,9327,8897,9210,9165,9132,9234,9041,9139,8475,9179,9123
2675,9104,9118,9056,8825,9303,9239,9132,9114,9197,9029,9082,8912,9148,9086,9099,9063,9116,9204,9149,9182,9282,9160,9050,9194,8981,9076,9062,9209,9022,9265,8808,9131,8980,9118,9056,9059,9175,9145,8906,9145,9282,9039,9174,9042,9222,9169,9053,9257,9142,8989,8601,8881,8981,9255,9078,9077,9125,9019,9155,8996,9123,9081,9102,9086,9232,9012,8930,9252,9096,9062,9139,8679,8860,9273,8975,9193,9147,9181,8938,8817,9093,9107,9149,9206,9082,9327,8897,9210,9165,9132,9234,9041,9139,8475,9179,9123
2676,9104,9118,9056,8825,9303,9239,9132,9114,9197,9029,9082,8912,9148,9086,9099,9063,9116,9204,9149,9182,9282,9160,9050,9194,8981,9076,9062,9209,9023,9265,8808,9131,8980,9118,9056,9059,9175,9145,8906,9145,9282,9039,9174,9042,9222,9169,9053,9257,9142,8989,8601,8881,8981,9255,9078,9077,9126,9019,9155,8996,9123,9081,9102,9086,9232,9012,8930,9252,9096,9062,9139,8679,8860,9273,8975,9193,9147,9181,8938,8817,9093,9107,9149,9206,9082,9327,8897,9210,9165,9132,9234,9041,9139,8475,9179,9123
2677,9104,9118,9056,8825,9303,9239,9132,9114,9197,9029,9083,8912,9148,9086,9099,9063,9116,9204,9149,9182,9282,9160,9050,9194,8981,9076,9062,9209,9023,9265,8808,9131,8980,9118,9056,9059,9175,9145,8906,9145,9282,9039,9174,9042,9222,9169,9053,9257,9142,8989,8601,8881,8981,9255,9078,9077,9126,9019,9155,8996,9123,9081,9102,9086,9232,9012,8930,9252,9096,9062,9139,8679,8860,9273,8975,9193,9147,9181,8938,8817,9093,9107,9149,9206,9082,9327,8897,9210,9165,9132,9234,9041,9139,8475,9179,9123
2678,9104,9118,9056,8825,9303,9239,9132,9114,9197,9029,9083,8912,9148,9086,9099,9063,9116,9204,9149,9182,9282,9160,9050,9194,8981,9076,9062,9209,9023,9265,8808,9131,8980,9118,9056,9059,9175,9145,8906,9145,9282,9039,9174,9042,9222,9169,9053,9257,9142,8989,8601,8881,8981,9255,9078,9077,9126,9019,9155,8996,9123,9081,9102,9086,9232,9012,8930,9253,9096,9062,9139,8679,8860,9273,8975,9193,9147,9181,8938,8817,9093,9107,9149,9206,9082,9327,8897,9210,9165,9132,9234,9041,9139,8475,9179,9123
2679,9104,9118,9056,8825,9303,9239,9132,9114,9197,9029,9083,8912,9148,9086,9099,9063,9116,9204,9149,9182,9282,9160,9050,9194,8981,9076,9062,9209,9023,9265,8808,9131,8980,9118,9056,9059,9175,9145,8906,9145,9282,9039,9174,9042,9222,9169,9053,9257,9142,8989,8601,8881,8981,9255,9078,9077,9126,9019,9155,8996,9123,9081,9102,9086,9232,9012,8930,9253,9096,9062,9139,8679,8860,9273,8975,9193,9147,9181,8938,8817,9093,9107,9149,9206,9082,9327,8897,9210,9165,9132,9234,9041,9139,8475,9179,9123
2680,9104,9118,9056,8825,9303,9239,9132,9114,9197,9029,9083,8912,9148,9086,9099,9063,9116,9204,9149,9182,9282,9160,9050,9194,8981,9076,9062,9209,9023,9265,8808,9131,8981,9118,9056,9059,9175,9145,8906,9145,9282,9039,9174,9042,9222,9169,9053,9257,9142,8989,8601,8881,8981,9255,9078,9077,9126,9019,9155,8996,9123,9081,9102,9086,9232,9012,8930,9253,9096,9062,9139,8679,8860,9273,8975,9193,9147,9181,8938,8817,9093,9107,9149,9206,9082,9327,8897,9210,9165,9133,9234,9041,9139,8475,9179,9123
2681,9104,9118,9056,8825,9303,9239,9132,9114,9197,9029,9083,8912,9148,9086,9099,9063,9116,9204,9149,9182,9282,9160,9050,9194,8981,9076,9062,9209,9023,9265,8808,9131,8981,9118,9056,9059,9175,9145,8906,9145,9282,9039,9174,9042,9222,9169,9053,9257,9142,8989,8601,8881,8981,9255,9078,9077,9126,9019,9155,8996,9123,9081,9102,9086,9232,9012,8930,9253,9096,9062,9139,8679,8860,9273,8975,9193,9147,9181,8938,8817,9093,9107,9149,9206,9082,9327,8897,9210,9165,9133,9234,9041,9139,8475,9179,9123
2682,9104,9118,9056,8825,9303,9239,9132,9114,9197,9029,9083,8912,9148,9086,9099,9063,9117,9204,9149,9182,9283,9160,9050,9195,8981,9076,9062,9209,9023,9265,8808,9131,8981,9118,9056,9059,9175,9145,8906,9145,9282,9039,9174,9042,9222,9169,9053,9257,9142,8989,8601,8881,8981,9255,9078,9077,9126,9020,9155,8996,9123,9081,9102,9086,9232,9012,8930,9253,9096,9062,9139,8679,8860,9273,8975,9193,9147,9182,8938,8817,9093,9107,9149,9206,9082,9327,8897,9210,9165,9133,9234,9041,9139,8475,9179,9123
2683,9104,9118,9056,8825,9303,9239,9132,9114,9197,9029,9083,8912,9148,9086,9099,9063,9117,9204,9149,9182,9283,9160,9050,9195,8981,9076,9062,9209,9023,9265,8808,9131,8981,9118,9056,9059,9175,9145,8906,9145,9282,9039,9174,9042,9222,9169,9053,9257,9142,8989,8601,8881,8981,9255,9078,9077,9126,9020,9155,8996,9123,9081,9102,9086,9232,9012,8930,9253,9096,9062,9139,8679,8860,9273,8975,9193,9147,9182,8938,8817,9093,9107,9149,9206,9082,9327,8897,9210,9165,9133,9234,9041,9139,8475,9179,9123
2684,9104,9118,9056,8825,9303,9239,9132,9114,9197,9029,9083,8912,9148,9086,9099,9063,9117,9204,9149,9182,9283,9161,9050,9195,8981,9076,9063,9209,9023,9265,8808,9131,8981,9118,9056,9059,9175,9145,8906,9145,9282,9039,9174,9042,9222,9169,9053,9257,9142,8989,8601,8881,8981,9255,9078,9077,9126,9020,9155,8996,9123,9081,9102,9086,9232,9012,8930,9253,9096,9062,9139,8679,8860,9273,8975,9193,9147,9182,8938,8817,9093,9107,9149,9206,9082,9327,8897,9210,9165,9133,9234,9041,9139,8475,9179,9123
2685,9104,9118,9056,8825,9303,9239,9132,9114,9197,9029,9083,8912,9148,9086,9099,9063,9117,9204,9149,9182,9283,9161,9050,9195,8981,9076,9063,9209,9023,9265,8808,9131,8981,9118,9056,9059,9175,9145,8906,9145,9282,9039,9174,9042,9222,9169,9053,9257,9142,8989,8601,8881,8981,9255,9078,9078,9126,9020,9155,8996,9123,9081,9102,9086,9232,9012,8930,9253,9096,9062,9139,8679,8860,9273,8975,9193,9147,9182,8938,8817,9093,9107,9149,9206,9082,9327,8897,9210,9165,9133,9234,9041,9139,8475,9179,9123
2686,9104,9118,9056,8825,9303,9239,9132,9114,9197,9029,9084,8912,9148,9086,9099,9063,9117,9204,9149,9182,9283,9161,9050,9195,8981,9076,9063,9209,9023,9265,8808,9131,8981,9118,9056,9059,9175,9145,8906,9145,9282,9039,9174,9042,9222,9169,9053,9257,9142,8989,8601,8881,8981,9255,9078,9078,9126,9020,9155,8996,9123,9081,9102,9086,9232,9012,8930,9253,9096,9062,9139,8679,8860,9273,8975,9193,9147,9182,8938,8817,9093,9107,9149,9206,9082,9327,8897,9210,9165,9133,9234,9041,9139,8475,9179,9123
2687,9104,9118,9056,8825,9303,9239,9132,9114,9197,9029,9084,8912,9148,9086,9099,9063,9117,9204,9149,9182,9283,9161,9050,9195,8981,9076,9063,9209,9023,9265,8808,9131,8981,9118,9056,9059,9175,9145,8906,9145,9282,9039,9174,9042,9222,9169,9053,9257,9142,8989,8601,8881,8981,9255,9078,9078,9126,9020,9155,8996,9123,9081,9102,9086,9232,9012,8930,9253,9096,9062,9139,8679,8861,9273,8975,9193,9147,9182,8938,8817,9093,9107,9149,9206,9082,9327,8897,9210,9165,9133,9234,9041,9139,8475,9179,9123
2688,9104,9118,9056,8825,9303,9239,9132,9114,9197,9029,9084,8912,9148,9086,9099,9063,9117,9204,9149,9182,9283,9161,9050,9195,8981,9076,9063,9209,9023,9265,8808,9131,8981,9118,9056,9059,9175,9145,8906,9145,9282,9039,9174,9042,9222,9169,9053,9257,9142,8989,8601,8881,8981,9255,9078,9078,9126,9020,9155,8996,9123,9081,9102,9086,9232,9012,8930,9253,9096,9062,9139,8679,8861,9273,8975,9193,9147,9182,8938,8817,9093,9107,9149,9206,9082,9327,8897,9210,9165,9133,9234,9041,9139,8475,9179,9123
2689,9104,9118,9056,8825,9303,9239,9132,9114,9197,9029,9084,8912,9148,9086,9099,9063,9117,9204,9149,9182,9283,9161,9050,9195,8981,9076,9063,9209,9023,9265,8808,9131,8981,9118,9056,9059,9175,9145,8906,9145,9282,9039,9174,9042,9222,9169,9053,9257,9142,8989,8601,8881,8981,9255,9078,9078,9126,9020,9155,8996,9123,9081,9102,9086,9232,9012,8930,9253,9096,9062,9139,8679,8861,9273,8975,9193,9147,9182,8938,8817,9093,9107,9149,9206,9082,9327,8897,9210,9166,9133,9234,9041,9139,8475,9179,9123
2690,9104,9118,9056,8825,9303,9239,9132,9114,9197,9029,9084,8912,9148,9086,9099,9063,9117,9204,9149,9182,9283,9161,9050,9195,8981,9076,9063,9209,9023,9265,8808,9131,8981,9118,9056,9059,9175,9145,8906,9145,9282,9039,9174,9042,9222,9169,9053,9257,9142,8989,8601,8881,8981,9255,9078,9078,9126,9020,9155,8996,9123,9081,9102,9086,9232,9012,8930,9253,9096,9062,9139,8679,8861,9273,8975,9193,9147,9182,8938,8817,9093,9107,9149,9206,9082,9327,8897,9210,9166,9133,9234,9041,9139,8475,9179,9123
2691,9104,9118,9056,8825,9303,9239,9132,9114,9197,9029,9084,8912,9148,9086,9099,9063,9117,9204,9149,9182,9283,9161,9050,9195,8981,9076,9063,9209,9023,9265,8808,9131,8981,9118,9056,9059,9175,9145,8906,9145,9282,9039,9174,9042,9222,9169,9053,9257,9142,8989,8601,8881,8981,9255,9078,9078,9126,9020,9155,8996,9123,9081,9102,9086,9232,9012,8930,9253,9096,9062,9139,8679,8861,9273,8975,9193,9147,9182,8938,8817,9093,9107,9149,9206,9082,9327,8897,9210,9166,9133,9234,9041,9139,8475,9179,9123
2692,9104,9118,9056,8825,9303,9239,9132,9114,9197,9029,9084,8912,9148,9086,9099,9063,9117,9204,9149,9182,9283,9161,9050,9195,8981,9076,9063,9209,9023,9265,8808,9131,8981,9118,9056,9059,9175,9145,8906,9145,9282,9039,9174,9042,9222,9169,9053,9257,9142,8989,8601,8881,8981,9255,9078,9078,9126,9020,9155,8996,9123,9081,9102,9086,9232,9012,8930,9253,9096,9062,9139,8679,8861,9273,8975,9193,9147,9182,8938,8817,9093,9107,9149,9206,9082,9327,8897,9210,9166,9133,9234,9041,9139,8475,9179,9123
2693,9104,9118,9056,8825,9303,9239,9132,9114,9197,9029,9084,8912,9148,9086,9099,9063,9117,9204,9149,9182,9283,9161,9050,9195,8981,9076,9063,9209,9023,9265,8808,9131,8981,9118,9056,9059,9175,9145,8906,9145,9282,9039,9174,9042,9222,9169,9053,9257,9142,8989,8601,8881,8981,9255,9078,9078,9126,9020,9155,8996,9123,9081,9102,9086,9232,9012,8930,9253,9096,9062,9139,8679,8861,9273,8975,9193,9147,9182,8938,8817,9093,9107,9149,9206,9082,9327,8897,9210,9166,9133,9234,9041,9139,8475,9179,9123
2694,9104,9118,9056,8825,9303,9239,9132,9114,9197,9029,9084,8912,9148,9086,9099,9063,9117,9204,9149,9182,9283,9161,9050,9195,8981,9076,9063,9209,9023,9265,8808,9131,8981,9118,9056,9059,9175,9145,8906,9145,9282,9039,9174,9042,9222,9169,9053,9257,9142,8990,8601,8881,8981,9255,9078,9078,9126,9020,9155,8996,9123,9081,9102,9086,9232,9012,8930,9253,9096,9062,9139,8679,8861,9273,8975,9193,9147,9182,8938,8817,9093,9107,9149,9206,9082,9327,8897,9210,9166,9133,9234,9041,9139,8475,9179,9124
2695,9104,9118,9056,8825,9303,9239,9132,9114,9197,9029,9084,8912,9148,9086,9099,9063,9117,9204,9149,9182,9283,9161,9050,9195,8981,9076,9063,9209,9023,9265,8808,9131,8981,9118,9056,9059,9175,9145,8906,9145,9282,9039,9174,9042,9222,9169,9053,9257,9142,8990,8601,8881,8981,9255,9078,9078,9126,9020,9155,8996,9123,9081,9102,9086,9232,9012,8930,9253,9096,9062,9139,8679,8861,9273,8975,9193,9147,9182,8938,8817,9093,9107,9149,9206,9082,9328,8897,9210,9166,9133,9234,9041,9139,8475,9179,9124
2696,9104,9118,9056,8825,9303,9239,9132,9114,9197,9029,9084,8912,9148,9086,9099,9063,9117,9205,9149,9182,9283,9161,9050,9195,8981,9076,9063,9209,9023,9265,8808,9131,8981,9118,9056,9059,9175,9145,8906,9145,9282,9039,9174,9042,9222,9169,9053,9257,9142,8990,8601,8881,8981,9255,9078,9078,9126,9020,9155,8996,9123,9081,9102,9086,9232,9012,8930,9253,9096,9062,9139,8679,8861,9273,8975,9193,9147,9182,8938,8817,9093,9107,9149,9206,9082,9328,8897,9210,9166,9133,9234,9041,9139,8475,9179,9124
2697,9104,9118,9056,8825,9303,9239,9132,9114,9197,9029,9084,8912,9148,9086,9099,9063,9117,9205,9149,9182,9283,9161,9050,9195,8981,9076,9063,9209,9023,9265,8808,9131,8981,9118,9056,9059,9175,9145,8906,9145,9282,9039,9174,9042,9222,9169,9053,9257,9142,8990,8601,8881,8981,9255,9078,9078,9126,9020,9155,8996,9123,9081,9102,9086,9232,9012,8930,9253,9096,9062,9139,8679,8861,9273,8975,9193,9147,9182,8938,8817,9093,9107,9149,9206,9082,9328,8897,9210,9166,9133,9234,9041,9139,8475,9179,9124
2698,9104,9118,9056,8825,9303,9239,9132,9114,9197,9029,9084,8912,9148,9086,9099,9063,9117,9205,9149,9182,9283,9161,9050,9195,8981,9077,9063,9209,9023,9265,8808,9131,8981,9118,9056,9059,9175,9145,8906,9145,9282,9039,9174,9042,9222,9169,9053,9257,9142,8990,8601,8881,8981,9255,9078,9078,9126,9020,9155,8996,9123,9081,9102,9086,9232,9012,8930,9253,9096,9062,9139,8679,8861,9273,8975,9193,9147,9182,8938,8817,9093,9107,9149,9206,9082,9328,8897,9210,9166,9133,9234,9041,9139,8475,9179,9124
2699,9104,9118,9056,8825,9303,9239,9132,9114,9197,9029,9084,8912,9148,9086,9099,9063,9117,9205,9149,9182,9283,9161,9050,9195,8981,9077,9063,9209,9023,9265,8808,9131,8981,9118,9056,9059,9175,9145,8906,9145,9282,9039,9174,9042,9222,9169,9053,9257,9142,8990,8601,8881,8981,9255,9078,9078,9126,9020,9155,8996,9123,9081,9102,9086,9232,9012,8930,9253,9096,9062,9139,8679,8861,9273,8975,9193,9147,9182,8938,8817,9093,9107,9149,9206,9082,9328,8897,9210,9166,9133,9234,9041,9139,8475,9179,9124
2700,9104,9118,9056,8825,9303,9239,9132,9114,9197,9029,9084,8912,9148,9086,9099,9063,9117,9205,9149,9182,9283,9161,9050,9195,8981,9077,9063,9209,9023,9265,8808,9131,8981,9118,9056,9059,9175,9145,8906,9145,9282,9039,9174,9042,9222,9169,9053,9257,9142,8990,8601,8881,8981,9255,9078,9078,9126,9020,9155,8996,9123,9081,9102,9086,9232,9012,8930,9253,9096,9062,9139,8679,8862,9273,8975,9193,9147,9182,8938,8817,9093,9107,9149,9206,9082,9328,8897,9210,9166,9133,9234,9041,9139,8475,9179,9124
2701,9104,9118,9056,8825,9303,9239,9132,9114,9197,9029,9084,8912,9148,9086,9099,9063,9117,9205,9149,9182,9283,9161,9050,9195,8981,9077,9063,9209,9023,9265,8808,9131,8981,9118,9056,9059,9175,9145,8906,9145,9282,9039,9174,9042,9222,9169,9053,9257,9142,8990,8601,8881,8981,9255,9078,9078,9126,9020,9155,8996,9123,9081,9102,9086,9232,9012,8930,9253,9096,9062,9139,8679,8862,9273,8975,9193,9147,9182,8938,8817,9093,9107,9149,9206,9082,9328,8897,9210,9166,9133,9234,9041,9139,8475,9179,9124
2702,9104,9118,9056,8825,9303,9239,9132,9114,9197,9029,9084,8912,9148,9086,9099,9063,9117,9205,9149,9182,9283,9161,9050,9195,8981,9077,9063,9209,9023,9265,8808,9131,8981,9118,9056,9059,9175,9145,8906,9145,9282,9039,9174,9042,9222,9169,9053,9257,9142,8990,8601,8881,8981,9255,9078,9078,9126,9020,9155,8996,9123,9081,9102,9086,9232,9012,8930,9253,9096,9062,9139,8679,8862,9273,8975,9193,9147,9182,8938,8817,9093,9107,9149,9206,9082,9328,8898,9210,9166,9133,9234,9041,9139,8475,9179,9124
2703,9104,9118,9056,8825,9303,9239,9132,9114,9197,9029,9084,8912,9148,9086,9099,9063,9117,9205,9149,9182,9283,9161,9050,9195,8981,9077,9063,9209,9023,9265,8808,9131,8981,9118,9056,9059,9175,9145,8906,9145,9282,9039,9174,9042,9222,9169,9053,9257,9142,8990,8601,8881,8981,9255,9078,9078,9126,9020,9155,8996,9123,9081,9102,9086,9232,9012,8930,9253,9096,9062,9139,8679,8863,9273,8975,9193,9147,9182,8938,8817,9093,9107,9149,9206,9082,9328,8898,9210,9166,9133,9234,9041,9139,8475,9179,9124
2704,9104,9118,9056,8825,9303,9239,9132,9114,9197,9029,9084,8912,9148,9086,9099,9063,9117,9205,9149,9182,9283,9161,9050,9195,8981,9077,9063,9209,9023,9265,8808,9131,8981,9118,9056,9059,9175,9145,8906,9145,9282,9039,9174,9042,9222,9169,9053,9257,9142,8990,8601,8881,8981,9255,9078,9078,9126,9020,9155,8996,9123,9081,9102,9086,9232,9012,8930,9253,9096,9062,9139,8679,8863,9273,8975,9193,9147,9182,8938,8817,9093,9107,9149,9206,9082,9328,8898,9210,9166,9133,9234,9041,9139,8475,9179,9124
2705,9104,9118,9056,8825,9303,9239,9132,9114,9197,9029,9084,8912,9148,9086,9099,9063,9117,9205,9149,9182,9283,9161,9050,9195,8981,9077,9063,9209,9023,9265,8808,9131,8981,9118,9056,9059,9175,9145,8906,9145,9282,9039,9174,9042,9222,9169,9053,9257,9142,8990,8601,8881,8981,9255,9078,9078,9126,9020,9155,8996,9123,9081,9102,9086,9232,9012,8930,9253,9096,9062,9139,8679,8863,9273,8975,9193,9147,9182,8938,8817,9093,9107,9149,9206,9082,9328,8898,9210,9166,9133,9234,9041,9139,8475,9179,9124
2706,9104,9118,9056,8825,9303,9239,9132,9114,9197,9029,9084,8912,9148,9086,9099,9063,9117,9205,9149,9182,9283,9161,9050,9195,8981,9077,9063,9209,9023,9265,8808,9131,8981,9118,9056,9059,9175,9145,8906,9145,9282,9039,9174,9042,9222,9169,9053,9257,9142,8990,8601,8881,8981,9255,9078,9078,9126,9020,9155,8996,9123,9081,9102,9086,9232,9012,8930,9253,9096,9062,9139,8679,8863,9273,8975,9193,9147,9182,8938,8817,9093,9107,9149,9206,9083,9328,8898,9210,9166,9133,9234,9041,9139,8476,9179,9124
2707,9104,9118,9056,8825,9303,9239,9132,9114,9197,9029,9084,8912,9148,9086,9099,9063,9117,9205,9149,9182,9283,9161,9050,9195,8981,9077,9063,9209,9023,9265,8808,9131,8981,9118,9056,9059,9175,9145,8906,9145,9282,9039,9174,9042,9222,9169,9053,9257,9142,8990,8601,8881,8981,9255,9078,9078,9126,9020,9155,8996,9123,9081,9102,9086,9232,9012,8930,9253,9096,9062,9139,8679,8863,9273,8975,9193,9147,9182,8938,8817,9093,9107,9149,9206,9083,9328,8898,9210,9166,9133,9234,9041,9139,8476,9179,9124
2708,9104,9118,9056,8825,9303,9239,9132,9114,9197,9029,9084,8912,9148,9086,9099,9063,9117,9205,9149,9182,9283,9161,9050,9195,8981,9077,9063,9209,9023,9265,8808,9131,8981,9118,9056,9059,9175,9145,8906,9145,9282,9039,9174,9042,9222,9169,9053,9257,9142,8990,8601,8881,8981,9255,9078,9078,9126,9020,9155,8996,9123,9081,9102,9086,9232,9012,8930,9253,9096,9062,9139,8679,8863,9273,8975,9193,9147,9182,8938,8817,9093,9107,9149,9206,9083,9328,8898,9210,9166,9133,9234,9041,9139,8476,9179,9124
2709,9104,9118,9056,8825,9303,9239,9132,9114,9197,9029,9084,8912,9148,9086,9099,9063,9117,9205,9149,9182,9283,9161,9050,9195,8981,9077,9063,9209,9023,9265,8808,9131,8981,9118,9056,9059,9175,9145,8906,9145,9282,9039,9174,9042,9222,9169,9053,9257,9142,8990,8601,8881,8981,9255,9078,9078,9126,9020,9155,8996,9123,9081,9102,9086,9232,9012,8930,9253,9096,9062,9139,8679,8863,9273,8975,9193,9147,9182,8938,8817,9093,9107,9149,9206,9083,9328,8898,9210,9166,9133,9234,9041,9139,8476,9179,9124
2710,9104,9118,9056,8825,9303,9239,9132,9114,9197,9029,9084,8912,9148,9086,9099,9063,9117,9205,9149,9182,9283,9161,9050,9195,8981,9077,9063,9209,9023,9265,8808,9131,8981,9118,9056,9059,9175,9145,8906,9145,9282,9039,9174,9042,9222,9169,9053,9257,9142,8990,8601,8881,8981,9255,9078,9078,9126,9020,9155,8996,9123,9081,9102,9086,9232,9012,8930,9253,9096,9062,9139,8679,8863,9273,8975,9193,9148,9182,8938,8817,9093,9107,9149,9206,9083,9328,8898,9210,9166,9133,9234,9041,9139,8476,9179,9124
2711,9104,9118,9056,8825,9303,9239,9132,9114,9197,9029,9084,8912,9148,9086,9099,9063,9117,9205,9149,9182,9283,9161,9050,9195,8981,9077,9063,9209,9023,9265,8808,9131,8981,9118,9056,9059,9175,9145,8906,9145,9282,9039,9174,9042,9222,9169,9053,9257,9142,8990,8601,8881,8981,9255,9078,9078,9126,9020,9155,8996,9123,9081,9102,9086,9232,9012,8930,9253,9096,9062,9139,8679,8863,9273,8975,9193,9148,9182,8938,8817,9093,9107,9149,9206,9083,9328,8898,9210,9166,9133,9234,9041,9139,8476,9179,9124
2712,9104,9118,9056,8825,9303,9239,9132,9114,9197,9029,9084,8912,9148,9086,9099,9063,9117,9205,9149,9182,9283,9161,9050,9195,8981,9077,9063,9209,9023,9265,8808,9131,8981,9118,9056,9059,9175,9145,8906,9145,9282,9039,9174,9042,9222,9169,9053,9257,9142,8990,8601,8881,8981,9255,9078,9078,9126,9020,9155,8996,9123,9081,9102,9086,9232,9012,8930,9253,9096,9062,9139,8679,8863,9273,8975,9193,9148,9182,8938,8817,9093,9107,9149,9206,9083,9328,8898,9210,9166,9133,9234,9041,9139,8476,9179,9124
2713,9104,9118,9056,8825,9303,9239,9132,9114,9197,9029,9085,8912,9148,9086,9099,9063,9117,9205,9149,9182,9283,9161,9050,9195,8981,9077,9063,9209,9023,9265,8808,9131,8981,9118,9056,9059,9175,9145,8906,9145,9282,9039,9174,9042,9222,9169,9053,9257,9142,8990,8601,8881,8981,9255,9078,9078,9126,9020,9155,8996,9123,9081,9102,9086,9232,9012,8930,9253,9096,9062,9139,8679,8863,9273,8976,9193,9148,9182,8938,8817,9093,9107,9149,9206,9083,9328,8898,9210,9166,9133,9234,9041,9139,8476,9179,9124
2714,9104,9118,9056,8825,9303,9239,9132,9114,9197,9029,9085,8912,9148,9086,9099,9063,9117,9205,9149,9182,9283,9161,9050,9195,8981,9077,9063,9209,9023,9265,8808,9131,8981,9118,9056,9059,9175,9145,8906,9145,9282,9039,9174,9042,9222,9169,9053,9257,9142,8990,8601,8881,8981,9255,9079,9078,9126,9020,9155,8996,9123,9081,9102,9086,9232,9012,8930,9253,9096,9062,9139,8679,8863,9273,8976,9193,9148,9182,8938,8817,9093,9107,9149,9206,9083,9328,8898,9210,9166,9133,9234,9041,9139,8476,9179,9124
2715,9104,9118,9056,8825,9304,9239,9132,9114,9198,9029,9085,8912,9148,9086,9099,9063,9117,9205,9149,9182,9283,9161,9050,9195,8981,9077,9063,9209,9023,9265,8808,9131,8981,9118,9056,9059,9175,9145,8906,9145,9282,9039,9174,9042,9222,9169,9053,9257,9142,8990,8601,8881,8981,9255,9079,9078,9126,9020,9155,8996,9123,9081,9102,9086,9232,9012,8930,9253,9096,9062,9139,8679,8863,9273,8976,9193,9148,9182,8938,8817,9093,9107,9149,9206,9083,9328,8898,9210,9166,9133,9234,9041,9139,8476,9179,9124
2716,9104,9118,9056,8825,9304,9239,9132,9114,9198,9029,9085,8912,9148,9086,9099,9063,9117,9205,9149,9182,9283,9161,9050,9195,8981,9077,9063,9209,9023,9265,8808,9131,8981,9118,9056,9059,9175,9145,8906,9145,9282,9039,9174,9042,9222,9169,9053,9257,9142,8990,8601,8881,8981,9255,9079,9078,9126,9020,9155,8996,9123,9081,9102,9086,9232,9012,8930,9253,9096,9062,9139,8679,8863,9273,8976,9193,9148,9182,8938,8817,9093,9107,9149,9206,9083,9328,8898,9210,9166,9133,9234,9041,9139,8476,9179,9124
2717,9104,9118,9056,8825,9304,9239,9132,9114,9198,9029,9085,8912,9148,9086,9099,9063,9117,9205,9149,9182,9283,9161,9050,9195,8981,9077,9063,9209,9023,9265,8808,9131,8981,9118,9056,9059,9175,9145,8906,9145,9282,9039,9174,9042,9222,9169,9053,9257,9142,8990,8601,8881,8981,9255,9079,9078,9126,9020,9155,8996,9123,9081,9102,9086,9232,9012,8930,9253,9096,9062,9139,8679,8863,9273,8976,9193,9148,9182,8938,8817,9093,9107,9149,9206,9083,9328,8898,9210,9166,9133,9234,9041,9139,8476,9179,9124
2718,9104,9118,9056,8825,9304,9239,9132,9114,9198,9029,9085,8912,9148,9086,9099,9063,9117,9205,9149,9182,9283,9161,9050,9195,8981,9077,9063,9209,9023,9265,8808,9131,8981,9118,9056,9059,9175,9145,8906,9145,9282,9039,9174,9042,9222,9169,9053,9257,9142,8990,8601,8881,8981,9255,9079,9078,9126,9020,9155,8996,9123,9081,9102,9086,9232,9012,8930,9253,9096,9062,9139,8679,8863,9273,8976,9193,9148,9182,8938,8817,9093,9107,9149,9206,9083,9328,8898,9210,9166,9133,9234,9041,9139,8476,9179,9124
2719,9104,9118,9056,8825,9304,9239,9132,9114,9198,9029,9085,8912,9148,9086,9099,9063,9117,9205,9149,9182,9283,9161,9050,9195,8981,9077,9063,9209,9023,9265,8808,9131,8981,9118,9056,9059,9175,9145,8906,9145,9282,9039,9174,9042,9222,9169,9053,9257,9142,8990,8601,8881,8981,9256,9079,9078,9126,9020,9155,8996,9123,9081,9102,9086,9232,9012,8930,9253,9096,9062,9139,8679,8863,9273,8976,9193,9148,9182,8938,8817,9093,9107,9149,9206,9083,9328,8898,9210,9166,9133,9234,9041,9139,8476,9179,9124
2720,9104,9118,9056,8825,9304,9239,9132,9114,9198,9029,9085,8912,9148,9086,9099,9063,9117,9205,9149,9182,9283,9161,9050,9195,8981,9077,9063,9209,9023,9265,8808,9131,8981,9118,9056,9059,9175,9145,8906,9145,9282,9039,9174,9042,9222,9169,9053,9257,9142,8990,8601,8881,8981,9257,9079,9078,9126,9020,9155,8996,9123,9081,9102,9086,9232,9012,8930,9253,9096,9062,9139,8679,8863,9273,8976,9193,9148,9182,8938,8817,9093,9107,9149,9206,9083,9328,8898,9210,9166,9133,9234,9041,9139,8476,9179,9124
2721,9104,9118,9056,8825,9304,9239,9132,9114,9198,9029,9085,8912,9148,9086,9099,9063,9117,9205,9149,9182,9283,9161,9050,9195,8981,9077,9063,9209,9023,9265,8808,9131,8981,9118,9056,9059,9175,9145,8906,9145,9282,9039,9174,9042,9222,9169,9053,9257,9142,8990,8601,8881,8981,9257,9079,9078,9126,9020,9155,8996,9123,9081,9102,9086,9232,9012,8930,9253,9096,9062,9139,8679,8863,9273,8976,9193,9148,9182,8938,8817,9093,9107,9149,9206,9083,9328,8898,9210,9166,9133,9234,9041,9139,8476,9179,9124
2722,9104,9118,9056,8825,9304,9239,9132,9114,9198,9029,9085,8912,9148,9086,9099,9063,9117,9205,9149,9182,9283,9161,9050,9195,8981,9077,9063,9209,9023,9265,8808,9131,8981,9118,9056,9059,9175,9145,8906,9145,9282,9039,9174,9042,9222,9169,9053,9257,9142,8990,8601,8881,8981,9257,9079,9078,9126,9020,9155,8996,9123,9081,9102,9086,9232,9012,8931,9253,9096,9062,9139,8679,8863,9273,8976,9193,9148,9182,8938,8817,9093,9107,9149,9206,9083,9328,8898,9210,9166,9133,9234,9041,9139,8476,9179,9124
2723,9104,9118,9056,8825,9304,9239,9132,9114,9198,9029,9085,8912,9148,9086,9099,9063,9117,9205,9149,9182,9283,9161,9050,9195,8981,9077,9063,9209,9023,9265,8808,9131,8981,9118,9056,9059,9175,9145,8906,9145,9282,9039,9174,9042,9222,9169,9053,9257,9142,8990,8601,8881,8981,9257,9079,9078,9126,9020,9155,8996,9123,9081,9102,9086,9232,9012,8931,9253,9096,9062,9139,8679,8863,9273,8976,9193,9148,9182,8938,8817,9093,9107,9149,9206,9083,9328,8898,9210,9166,9133,9234,9041,9139,8476,9180,9124
2724,9104,9118,9056,8825,9304,9239,9132,9114,9198,9029,9085,8912,9148,9086,9099,9063,9117,9205,9149,9182,9283,9161,9050,9195,8981,9077,9063,9209,9023,9265,8808,9131,8981,9118,9056,9059,9175,9145,8906,9145,9282,9039,9174,9042,9222,9169,9053,9257,9142,8990,8601,8881,8981,9257,9079,9078,9126,9020,9155,8996,9123,9081,9102,9086,9232,9012,8931,9253,9096,9062,9139,8679,8863,9273,8976,9193,9148,9182,8938,8817,9093,9107,9149,9206,9083,9328,8898,9210,9166,9133,9234,9041,9139,8476,9180,9124
2725,9104,9118,9056,8825,9304,9239,9132,9114,9198,9029,9085,8912,9148,9086,9099,9063,9117,9205,9149,9182,9283,9161,9050,9195,8981,9077,9063,9209,9023,9265,8808,9131,8981,9118,9056,9059,9175,9145,8906,9145,9282,9039,9174,9042,9222,9169,9053,9257,9142,8990,8601,8881,8981,9257,9079,9078,9126,9020,9155,8996,9123,9081,9102,9086,9232,9012,8931,9253,9096,9062,9139,8679,8863,9273,8976,9193,9148,9182,8938,8817,9093,9107,9149,9206,9083,9328,8898,9210,9166,9133,9234,9041,9139,8476,9180,9124
2726,9104,9118,9056,8825,9304,9239,9132,9114,9198,9029,9085,8912,9148,9086,9099,9063,9117,9205,9149,9182,9283,9161,9050,9195,8981,9077,9063,9209,9023,9265,8808,9131,8981,9118,9056,9059,9175,9145,8906,9145,9282,9039,9174,9042,9222,9169,9053,9257,9142,8990,8601,8881,8981,9257,9079,9078,9126,9020,9155,8996,9123,9081,9102,9086,9232,9012,8931,9253,9096,9062,9139,8679,8863,9273,8976,9193,9148,9182,8938,8817,9093,9107,9149,9206,9083,9328,8898,9210,9166,9133,9234,9041,9139,8476,9180,9124
2727,9104,9118,9056,8825,9304,9239,9132,9114,9198,9029,9085,8912,9148,9086,9099,9063,9117,9205,9149,9182,9283,9161,9050,9195,8981,9077,9063,9209,9023,9265,8808,9131,8981,9118,9056,9059,9175,9145,8906,9145,9282,9039,9174,9042,9222,9169,9053,9257,9142,8990,8601,8881,8981,9257,9079,9078,9126,9020,9155,8996,9123,9081,9102,9086,9232,9012,8931,9253,9096,9062,9139,8679,8863,9273,8976,9193,9148,9182,8938,8817,9093,9107,9149,9206,9083,9328,8898,9210,9166,9133,9235,9041,9139,8476,9180,9124
2728,9104,9118,9056,8825,9304,9239,9132,9114,9198,9029,9085,8912,9148,9086,9099,9063,9117,9205,9149,9182,9283,9161,9050,9195,8981,9077,9063,9209,9023,9265,8808,9131,8981,9118,9056,9059,9175,9145,8906,9145,9282,9039,9174,9042,9222,9169,9053,9257,9142,8990,8601,8881,8981,9257,9079,9078,9126,9020,9155,8996,9123,9081,9102,9086,9232,9012,8931,9253,9096,9062,9139,8679,8863,9273,8976,9193,9148,9182,8938,8817,9093,9107,9149,9206,9083,9328,8898,9210,9166,9133,9235,9041,9139,8477,9180,9124
2729,9104,9118,9056,8825,9304,9239,9132,9114,9198,9029,9085,8912,9148,9087,9099,9063,9117,9205,9149,9182,9283,9161,9050,9195,8981,9077,9063,9209,9023,9265,8808,9131,8981,9118,9056,9059,9175,9145,8906,9145,9282,9039,9174,9042,9222,9169,9053,9257,9142,8990,8601,8881,8981,9257,9079,9078,9126,9020,9155,8996,9123,9081,9102,9086,9233,9012,8931,9253,9096,9062,9139,8679,8863,9273,8976,9193,9148,9182,8938,8817,9093,9107,9149,9206,9083,9328,8898,9210,9166,9133,9235,9041,9139,8477,9180,9124
2730,9104,9118,9056,8825,9304,9239,9132,9114,9198,9029,9085,8912,9148,9087,9099,9063,9117,9205,9149,9182,9283,9161,9050,9195,8981,9077,9063,9209,9023,9265,8808,9131,8981,9118,9056,9059,9175,9145,8906,9145,9282,9039,9174,9042,9222,9169,9053,9257,9142,8990,8601,8881,8981,9257,9079,9078,9126,9020,9155,8996,9123,9081,9102,9086,9233,9012,8931,9253,9096,9062,9139,8679,8863,9273,8976,9193,9148,9182,8938,8817,9093,9107,9149,9206,9083,9328,8898,9210,9166,9133,9235,9041,9139,8477,9180,9124
2731,9104,9118,9056,8825,9304,9239,9132,9114,9198,9029,9085,8912,9148,9087,9099,9063,9117,9205,9149,9182,9283,9161,9050,9195,8981,9077,9063,9209,9023,9265,8808,9131,8981,9118,9056,9059,9175,9145,8906,9145,9282,9039,9174,9042,9222,9169,9053,9257,9142,8990,8601,8881,8981,9257,9079,9078,9126,9020,9155,8996,9123,9081,9102,9086,9233,9012,8931,9253,9096,9062,9139,8679,8863,9273,8976,9193,9148,9182,8938,8817,9093,9107,9149,9206,9083,9328,8898,9210,9166,9133,9235,9041,9139,8477,9180,9124
2732,9104,9118,9056,8825,9304,9239,9132,9114,9198,9029,9085,8912,9148,9087,9099,9063,9118,9205,9149,9182,9283,9161,9050,9195,8981,9077,9063,9209,9023,9265,8808,9131,8981,9118,9056,9059,9175,9145,8906,9145,9282,9039,9174,9042,9222,9169,9053,9257,9142,8990,8601,8881,8981,9257,9079,9078,9126,9020,9155,8996,9123,9081,9102,9086,9233,9012,8931,9253,9096,9062,9139,8679,8863,9273,8976,9193,9148,9182,8938,8817,9093,9107,9149,9206,9083,9328,8898,9210,9166,9133,9235,9041,9139,8477,9180,9124
2733,9104,9118,9056,8825,9304,9239,9132,9114,9198,9029,9085,8912,9148,9087,9099,9063,9118,9205,9149,9182,9283,9161,9050,9195,8981,9077,9063,9209,9023,9265,8808,9131,8981,9118,9056,9059,9175,9145,8906,9145,9282,9039,9174,9042,9222,9169,9053,9257,9142,8990,8601,8881,8981,9257,9079,9078,9126,9020,9155,8996,9123,9081,9102,9086,9233,9012,8931,9253,9096,9062,9139,8679,8863,9273,8976,9193,9148,9182,8938,8817,9093,9107,9149,9206,9083,9328,8898,9210,9166,9133,9235,9041,9139,8477,9180,9124
2734,9104,9118,9056,8825,9304,9239,9132,9114,9198,9029,9085,8912,9148,9087,9099,9063,9118,9205,9149,9182,9283,9161,9050,9195,8981,9077,9063,9209,9023,9265,8808,9131,8981,9118,9056,9059,9175,9145,8906,9145,9282,9039,9174,9042,9222,9169,9053,9257,9142,8990,8601,8881,8981,9257,9079,9078,9126,9020,9155,8996,9123,9081,9102,9086,9233,9012,8931,9253,9096,9062,9139,8679,8863,9273,8976,9193,9148,9182,8938,8817,9093,9107,9149,9206,9083,9328,8898,9210,9166,9133,9235,9041,9139,8477,9180,9124
2735,9104,9118,9056,8825,9304,9239,9132,9114,9198,9029,9085,8912,9148,9087,9099,9063,9118,9205,9149,9182,9283,9161,9050,9195,8981,9077,9063,9209,9023,9265,8808,9131,8981,9118,9056,9059,9175,9145,8906,9145,9282,9039,9174,9042,9222,9169,9053,9257,9142,8990,8601,8881,8981,9257,9079,9078,9126,9020,9155,8996,9123,9081,9102,9086,9233,9012,8931,9253,9096,9062,9139,8679,8863,9273,8976,9193,9148,9182,8938,8817,9093,9107,9149,9206,9083,9328,8898,9210,9166,9133,9235,9041,9139,8477,9180,9124
2736,9104,9118,9056,8825,9304,9239,9132,9114,9198,9029,9085,8912,9148,9087,9099,9063,9118,9205,9149,9182,9283,9161,9050,9195,8981,9077,9063,9209,9023,9265,8808,9131,8981,9118,9056,9059,9175,9145,8906,9145,9282,9039,9174,9042,9222,9169,9053,9257,9142,8990,8601,8881,8981,9257,9079,9078,9126,9020,9155,8996,9123,9081,9102,9086,9233,9012,8931,9253,9096,9062,9139,8679,8863,9273,8976,9193,9148,9182,8938,8817,9093,9107,9149,9206,9083,9328,8898,9210,9166,9133,9235,9041,9139,8477,9180,9124
2737,9104,9118,9056,8825,9304,9239,9132,9114,9198,9029,9085,8912,9148,9087,9099,9063,9118,9205,9149,9182,9283,9161,9050,9195,8981,9077,9063,9209,9023,9265,8808,9131,8981,9118,9056,9059,9175,9145,8906,9145,9282,9039,9174,9042,9222,9169,9053,9257,9142,8990,8601,8881,8981,9257,9079,9078,9126,9020,9155,8996,9123,9081,9102,9086,9234,9012,8931,9253,9096,9062,9139,8679,8863,9273,8976,9193,9148,9182,8938,8817,9093,9107,9149,9206,9083,9328,8898,9210,9166,9133,9235,9041,9139,8477,9180,9124
2738,9104,9118,9056,8825,9304,9239,9132,9114,9198,9029,9085,8912,9148,9087,9099,9063,9118,9205,9149,9182,9283,9161,9050,9195,8981,9077,9063,9209,9023,9265,8808,9131,8981,9118,9056,9059,9175,9145,8906,9145,9282,9039,9174,9042,9222,9169,9053,9257,9142,8990,8601,8881,8981,9257,9079,9078,9126,9020,9155,8996,9123,9081,9102,9086,9234,9012,8931,9253,9096,9062,9139,8679,8863,9273,8976,9193,9148,9182,8938,8817,9093,9107,9149,9206,9083,9328,8898,9210,9166,9133,9235,9041,9139,8477,9180,9124
2739,9104,9118,9056,8825,9304,9239,9132,9114,9198,9029,9085,8912,9149,9087,9099,9063,9118,9205,9149,9182,9283,9161,9050,9195,8981,9077,9063,9209,9023,9265,8808,9131,8981,9118,9056,9059,9175,9145,8906,9145,9282,9039,9174,9042,9222,9169,9053,9257,9142,8990,8601,8881,8981,9257,9080,9078,9126,9020,9155,8996,9123,9081,9102,9086,9234,9012,8931,9253,9096,9062,9139,8679,8863,9273,8976,9193,9148,9182,8938,8817,9093,9107,9149,9206,9083,9328,8898,9210,9166,9133,9235,9041,9139,8477,9180,9124
2740,9104,9118,9056,8825,9304,9239,9132,9114,9198,9029,9085,8912,9149,9087,9099,9063,9118,9205,9149,9182,9283,9161,9050,9195,8981,9077,9063,9209,9023,9265,8808,9131,8981,9118,9056,9059,9175,9145,8906,9145,9282,9039,9174,9042,9222,9169,9053,9257,9142,8990,8601,8881,8981,9257,9080,9078,9126,9020,9155,8996,9123,9081,9102,9086,9234,9012,8931,9253,9096,9062,9139,8679,8863,9273,8976,9193,9148,9182,8938,8817,9093,9107,9149,9206,9083,9328,8898,9210,9166,9133,9235,9041,9139,8477,9180,9124
2741,9104,9118,9056,8825,9304,9239,9132,9114,9198,9029,9085,8912,9149,9087,9099,9063,9118,9205,9149,9182,9283,9161,9050,9195,8981,9077,9063,9209,9023,9265,8808,9131,8981,9118,9056,9059,9175,9145,8906,9145,9282,9039,9174,9042,9222,9169,9053,9257,9142,8990,8601,8881,8981,9257,9080,9078,9126,9020,9155,8996,9123,9081,9102,9086,9234,9012,8931,9253,9096,9063,9139,8679,8863,9273,8976,9193,9148,9183,8938,8817,9093,9107,9149,9206,9083,9328,8898,9210,9166,9133,9235,9041,9139,8477,9180,9124
2742,9104,9118,9056,8825,9304,9239,9132,9114,9198,9029,9086,8912,9149,9087,9099,9063,9118,9205,9150,9182,9283,9161,9050,9195,8981,9077,9063,9209,9023,9265,8808,9131,8981,9118,9056,9059,9175,9145,8906,9145,9282,9039,9174,9042,9222,9169,9053,9257,9142,8990,8601,8881,8981,9257,9080,9078,9126,9020,9155,8996,9123,9081,9102,9086,9234,9012,8931,9253,9096,9063,9139,8679,8863,9273,8976,9193,9148,9183,8938,8817,9093,9107,9149,9206,9083,9328,8898,9210,9166,9133,9235,9041,9139,8477,9180,9124
2743,9104,9118,9056,8825,9304,9239,9132,9114,9198,9029,9086,8912,9149,9087,9099,9063,9118,9205,9150,9182,9283,9161,9050,9195,8981,9077,9063,9209,9023,9265,8808,9131,8981,9118,9056,9059,9175,9145,8906,9145,9282,9039,9174,9042,9222,9169,9053,9257,9142,8990,8601,8881,8981,9257,9080,9078,9126,9020,9155,8996,9123,9081,9102,9086,9234,9012,8931,9253,9096,9063,9140,8679,8863,9273,8976,9193,9148,9183,8938,8817,9093,9107,9149,9206,9083,9328,8898,9210,9166,9133,9235,9041,9139,8477,9180,9124
2744,9104,9118,9056,8825,9304,9239,9132,9114,9198,9029,9086,8912,9149,9087,9099,9063,9118,9205,9150,9182,9283,9161,9050,9195,8981,9077,9063,9209,9023,9265,8808,9131,8981,9118,9056,9059,9175,9145,8906,9145,9282,9039,9174,9042,9222,9169,9053,9257,9142,8990,8601,8881,8981,9257,9080,9078,9126,9020,9155,8996,9123,9081,9102,9086,9234,9012,8931,9253,9096,9063,9140,8679,8863,9273,8976,9193,9148,9183,8938,8817,9093,9107,9149,9206,9083,9328,8898,9210,9166,9133,9235,9041,9139,8477,9180,9124
2745,9104,9118,9056,8825,9304,9239,9132,9114,9198,9029,9086,8912,9149,9087,9099,9063,9118,9205,9150,9182,9283,9161,9050,9195,8981,9077,9063,9209,9023,9265,8808,9131,8981,9118,9056,9059,9175,9145,8906,9145,9282,9039,9174,9042,9222,9169,9053,9257,9142,8990,8601,8881,8982,9257,9080,9078,9126,9020,9155,8996,9123,9081,9102,9086,9234,9012,8931,9253,9096,9063,9140,8679,8863,9273,8976,9193,9148,9183,8938,8817,9093,9107,9149,9206,9083,9328,8898,9211,9166,9133,9235,9041,9139,8477,9180,9124
2746,9104,9118,9056,8825,9304,9239,9132,9114,9198,9029,9086,8912,9149,9087,9099,9063,9118,9205,9150,9182,9283,9161,9050,9195,8981,9077,9063,9209,9023,9265,8808,9131,8981,9118,9056,9059,9175,9145,8906,9145,9282,9039,9174,9042,9222,9169,9053,9257,9142,8990,8601,8881,8982,9257,9080,9078,9126,9020,9155,8996,9123,9081,9102,9086,9234,9012,8931,9253,9096,9063,9140,8679,8863,9273,8976,9193,9148,9183,8938,8817,9093,9107,9149,9206,9083,9328,8898,9211,9166,9133,9235,9041,9139,8477,9180,9124
2747,9104,9118,9056,8825,9304,9239,9132,9114,9198,9029,9086,8912,9149,9087,9099,9063,9118,9205,9150,9182,9283,9161,9050,9195,8981,9077,9063,9209,9023,9265,8808,9131,8981,9118,9056,9059,9175,9145,8906,9145,9282,9039,9174,9042,9222,9169,9053,9257,9142,8990,8601,8881,8982,9257,9080,9078,9126,9020,9155,8996,9123,9081,9102,9086,9234,9012,8931,9253,9096,9063,9140,8679,8863,9274,8976,9193,9148,9183,8938,8817,9093,9107,9149,9206,9083,9329,8898,9211,9166,9133,9235,9041,9139,8477,9180,9124
2748,9104,9118,9056,8826,9304,9239,9132,9114,9198,9029,9086,8912,9149,9087,9099,9063,9118,9205,9150,9182,9283,9161,9050,9195,8981,9077,9063,9209,9023,9265,8808,9131,8981,9118,9056,9059,9175,9145,8906,9145,9282,9039,9174,9042,9222,9169,9053,9257,9142,8990,8601,8881,8982,9257,9080,9078,9126,9020,9155,8996,9123,9081,9102,9086,9234,9012,8931,9253,9096,9063,9140,8679,8864,9274,8976,9193,9148,9183,8938,8817,9093,9108,9149,9206,9083,9329,8898,9211,9166,9133,9235,9041,9139,8477,9180,9124
2749,9104,9118,9056,8826,9304,9239,9132,9114,9198,9029,9086,8912,9149,9087,9099,9063,9118,9205,9150,9182,9283,9161,9050,9195,8982,9077,9063,9209,9023,9265,8808,9131,8981,9118,9056,9059,9175,9145,8906,9145,9282,9039,9174,9042,9222,9169,9053,9257,9142,8990,8601,8881,8982,9257,9080,9078,9126,9020,9155,8996,9123,9081,9102,9086,9234,9012,8931,9253,9096,9063,9140,8679,8864,9274,8976,9193,9148,9183,8938,8817,9093,9108,9149,9206,9083,9329,8898,9211,9166,9133,9235,9041,9139,8477,9180,9124
2750,9104,9118,9056,8826,9304,9239,9132,9114,9198,9029,9086,8912,9149,9087,9099,9063,9118,9205,9150,9182,9283,9161,9050,9195,8982,9077,9063,9209,9023,9265,8808,9131,8981,9118,9056,9059,9175,9145,8906,9145,9282,9039,9174,9042,9222,9169,9053,9257,9142,8990,8601,8881,8982,9257,9080,9078,9126,9020,9155,8996,9123,9081,9102,9086,9234,9012,8931,9253,9096,9063,9140,8679,8864,9274,8976,9193,9148,9183,8938,8817,9093,9108,9149,9206,9083,9329,8898,9211,9166,9133,9235,9041,9139,8477,9180,9124
2751,9104,9118,9056,8826,9304,9239,9132,9114,9198,9029,9086,8912,9149,9087,9099,9063,9118,9205,9150,9182,9283,9161,9050,9195,8982,9077,9063,9209,9023,9265,8808,9131,8981,9118,9056,9059,9175,9145,8906,9145,9282,9039,9174,9042,9222,9169,9053,9257,9142,8990,8601,8882,8982,9257,9080,9078,9126,9020,9155,8996,9124,9081,9102,9086,9234,9012,8931,9253,9096,9063,9140,8679,8864,9274,8976,9193,9148,9183,8938,8817,9093,9108,9149,9206,9083,9329,8898,9211,9166,9133,9235,9041,9139,8477,9180,9124
2752,9104,9118,9056,8826,9304,9239,9132,9114,9198,9029,9086,8912,9149,9087,9099,9063,9118,9205,9150,9182,9283,9161,9050,9195,8982,9077,9063,9209,9023,9265,8808,9131,8981,9118,9056,9059,9175,9145,8906,9145,9282,9039,9174,9042,9222,9169,9053,9257,9142,8990,8601,8882,8982,9257,9080,9078,9126,9020,9155,8996,9124,9081,9102,9086,9234,9012,8931,9253,9096,9063,9140,8679,8864,9274,8976,9193,9148,9183,8938,8817,9093,9108,9149,9206,9083,9329,8898,9211,9166,9133,9235,9041,9139,8477,9180,9124
2753,9104,9118,9056,8826,9304,9239,9132,9114,9198,9029,9086,8912,9149,9087,9099,9063,9118,9205,9150,9182,9283,9161,9050,9195,8982,9077,9063,9209,9023,9265,8808,9131,8981,9118,9056,9059,9175,9145,8906,9145,9282,9039,9174,9042,9222,9169,9053,9257,9142,8990,8601,8882,8982,9257,9080,9078,9126,9020,9155,8996,9124,9081,9102,9086,9234,9012,8931,9253,9096,9063,9140,8679,8864,9274,8976,9193,9148,9183,8938,8817,9093,9108,9149,9206,9083,9329,8898,9211,9166,9133,9235,9041,9139,8477,9180,9124
2754,9104,9118,9056,8826,9304,9239,9132,9114,9198,9029,9086,8912,9149,9087,9099,9063,9118,9205,9150,9182,9283,9161,9050,9195,8982,9077,9063,9209,9023,9265,8808,9131,8981,9118,9056,9059,9175,9145,8906,9145,9282,9039,9174,9042,9222,9169,9053,9257,9142,8990,8601,8882,8982,9257,9080,9078,9127,9020,9155,8996,9124,9081,9102,9086,9234,9012,8931,9253,9096,9063,9140,8679,8864,9274,8976,9193,9148,9183,8938,8817,9093,9108,9149,9206,9083,9329,8898,9211,9166,9133,9235,9041,9139,8477,9180,9124
2755,9104,9118,9056,8826,9304,9239,9132,9114,9198,9029,9086,8912,9149,9087,9099,9063,9118,9205,9150,9182,9283,9161,9050,9195,8982,9077,9063,9209,9023,9265,8808,9131,8981,9118,9056,9059,9175,9145,8906,9145,9282,9039,9174,9042,9222,9169,9053,9257,9143,8990,8601,8882,8982,9257,9080,9078,9127,9021,9155,8996,9124,9081,9102,9086,9234,9012,8931,9253,9096,9063,9140,8679,8864,9274,8976,9193,9148,9183,8938,8817,9093,9108,9149,9206,9083,9329,8898,9211,9166,9133,9235,9041,9139,8477,9180,9124
2756,9104,9118,9056,8826,9304,9239,9132,9114,9198,9029,9086,8912,9149,9087,9099,9063,9118,9205,9150,9182,9283,9161,9050,9195,8982,9077,9063,9209,9023,9265,8808,9131,8981,9118,9056,9059,9175,9145,8906,9145,9282,9039,9174,9042,9222,9169,9053,9257,9143,8990,8601,8882,8982,9257,9080,9078,9127,9021,9155,8996,9124,9081,9102,9086,9234,9012,8931,9253,9096,9063,9140,8679,8864,9274,8976,9193,9148,9183,8938,8817,9093,9108,9149,9206,9083,9329,8898,9211,9166,9133,9235,9041,9139,8477,9180,9124
2757,9104,9118,9056,8826,9304,9239,9132,9114,9198,9029,9086,8912,9149,9087,9099,9063,9118,9205,9150,9182,9283,9161,9050,9195,8982,9077,9063,9209,9023,9265,8808,9131,8981,9118,9056,9059,9175,9145,8906,9145,9282,9039,9174,9042,9222,9169,9053,9257,9143,8990,8601,8882,8982,9257,9080,9078,9127,9021,9155,8996,9124,9081,9102,9086,9234,9012,8931,9253,9096,9063,9140,8679,8864,9274,8976,9193,9148,9183,8938,8817,9093,9108,9149,9206,9083,9329,8898,9211,9166,9133,9235,9041,9139,8477,9180,9124
2758,9104,9118,9056,8826,9304,9239,9132,9114,9198,9029,9086,8912,9149,9087,9099,9063,9118,9205,9150,9182,9283,9161,9050,9195,8982,9077,9063,9209,9023,9265,8808,9131,8981,9118,9056,9059,9175,9145,8906,9145,9282,9039,9174,9042,9222,9169,9053,9257,9143,8990,8601,8882,8982,9257,9080,9078,9127,9021,9155,8996,9124,9081,9102,9086,9234,9012,8931,9253,9096,9063,9140,8679,8864,9274,8976,9193,9148,9183,8938,8817,9093,9108,9149,9206,9083,9329,8898,9211,9166,9133,9235,9041,9139,8477,9180,9124
2759,9104,9118,9056,8826,9304,9239,9132,9114,9198,9029,9086,8912,9149,9087,9099,9063,9118,9205,9150,9182,9283,9161,9050,9195,8982,9077,9063,9209,9023,9265,8808,9131,8981,9118,9056,9059,9175,9145,8906,9145,9282,9039,9174,9042,9222,9169,9053,9257,9143,8990,8601,8882,8982,9257,9080,9078,9127,9021,9155,8996,9124,9081,9102,9086,9234,9012,8931,9253,9096,9063,9140,8679,8864,9274,8976,9193,9148,9183,8938,8817,9093,9108,9149,9206,9083,9329,8898,9211,9166,9133,9235,9041,9140,8478,9180,9124
2760,9104,9118,9056,8826,9304,9239,9132,9114,9198,9029,9086,8912,9149,9087,9099,9063,9118,9205,9150,9182,9283,9161,9050,9195,8982,9077,9063,9209,9023,9265,8808,9131,8981,9118,9056,9059,9175,9145,8906,9145,9282,9039,9174,9042,9222,9169,9053,9257,9143,8990,8601,8882,8982,9257,9080,9078,9127,9021,9155,8996,9124,9081,9102,9086,9234,9012,8931,9253,9096,9063,9140,8679,8864,9274,8976,9193,9148,9183,8938,8817,9093,9108,9149,9206,9083,9329,8898,9211,9166,9133,9235,9041,9140,8478,9180,9124
2761,9104,9118,9056,8826,9304,9239,9132,9114,9198,9029,9086,8912,9149,9087,9099,9063,9118,9205,9150,9182,9283,9161,9050,9195,8982,9077,9063,9209,9023,9265,8808,9131,8981,9118,9056,9059,9175,9145,8906,9145,9282,9039,9174,9042,9222,9169,9053,9257,9143,8990,8601,8882,8982,9257,9080,9078,9127,9021,9155,8996,9124,9081,9102,9086,9234,9012,8931,9253,9096,9063,9140,8679,8864,9274,8976,9193,9148,9183,8938,8817,9093,9108,9149,9206,9083,9329,8898,9211,9166,9133,9235,9041,9140,8478,9180,9124
2762,9104,9118,9056,8826,9304,9239,9132,9114,9198,9029,9086,8912,9149,9087,9099,9063,9118,9205,9150,9182,9283,9161,9050,9195,8982,9077,9063,9209,9023,9265,8808,9131,8981,9118,9056,9059,9175,9145,8906,9145,9282,9039,9174,9042,9222,9169,9053,9257,9143,8990,8601,8882,8982,9257,9080,9078,9127,9021,9155,8996,9124,9081,9102,9086,9234,9012,8931,9253,9096,9063,9140,8679,8864,9274,8976,9193,9148,9183,8938,8817,9093,9108,9149,9206,9083,9329,8898,9211,9166,9133,9235,9041,9140,8478,9180,9124
2763,9104,9118,9056,8826,9304,9239,9132,9114,9198,9029,9086,8912,9149,9087,9099,9063,9118,9205,9150,9182,9283,9161,9050,9195,8982,9077,9063,9209,9023,9265,8808,9131,8981,9118,9056,9059,9175,9145,8906,9145,9282,9039,9174,9042,9222,9169,9053,9257,9143,8990,8601,8882,8982,9257,9080,9078,9127,9021,9155,8996,9124,9081,9102,9086,9234,9012,8931,9253,9096,9063,9140,8679,8864,9274,8976,9193,9148,9183,8938,8817,9093,9108,9149,9206,9083,9329,8898,9211,9166,9133,9235,9041,9140,8478,9180,9124
2764,9104,9118,9056,8826,9304,9239,9132,9114,9198,9029,9086,8912,9149,9087,9099,9063,9118,9205,9150,9182,9283,9161,9050,9195,8982,9077,9063,9209,9023,9265,8808,9131,8981,9118,9056,9059,9175,9145,8906,9145,9282,9039,9174,9042,9222,9169,9053,9257,9143,8990,8601,8882,8982,9257,9080,9078,9127,9021,9155,8996,9124,9081,9102,9086,9234,9012,8931,9253,9096,9063,9140,8680,8864,9274,8976,9193,9148,9183,8938,8817,9093,9108,9149,9206,9083,9329,8898,9211,9166,9133,9235,9041,9140,8478,9180,9124
2765,9104,9118,9056,8826,9304,9239,9132,9114,9198,9029,9086,8912,9149,9087,9099,9063,9118,9205,9150,9182,9283,9161,9050,9195,8982,9077,9063,9209,9023,9265,8808,9131,8981,9118,9056,9059,9175,9145,8906,9145,9282,9039,9174,9042,9222,9169,9053,9257,9143,8990,8601,8882,8982,9257,9080,9078,9127,9021,9155,8996,9124,9081,9102,9086,9234,9012,8931,9253,9096,9063,9140,8680,8864,9274,8976,9193,9148,9183,8938,8817,9093,9108,9149,9207,9083,9329,8898,9211,9166,9133,9235,9041,9140,8478,9180,9124
2766,9104,9118,9056,8826,9304,9239,9132,9114,9198,9029,9086,8912,9149,9087,9099,9063,9118,9205,9150,9182,9283,9161,9050,9195,8982,9077,9063,9209,9023,9265,8808,9131,8981,9118,9056,9059,9175,9145,8906,9145,9282,9039,9174,9042,9222,9169,9053,9257,9143,8990,8601,8882,8982,9257,9080,9078,9127,9021,9155,8996,9124,9081,9102,9086,9234,9012,8931,9253,9096,9063,9140,8680,8864,9274,8976,9193,9148,9183,8938,8817,9093,9108,9149,9207,9083,9329,8898,9211,9166,9133,9235,9041,9140,8478,9180,9124
2767,9104,9118,9056,8826,9304,9239,9132,9114,9198,9029,9086,8912,9149,9087,9099,9063,9118,9205,9151,9182,9283,9161,9050,9195,8982,9077,9063,9209,9023,9265,8808,9131,8981,9118,9056,9059,9175,9145,8906,9145,9282,9039,9174,9042,9222,9169,9053,9257,9143,8990,8601,8882,8982,9257,9080,9078,9127,9021,9155,8996,9124,9081,9102,9086,9234,9012,8931,9253,9096,9063,9140,8680,8864,9274,8976,9193,9148,9183,8938,8817,9093,9108,9149,9207,9083,9329,8898,9211,9166,9133,9235,9041,9140,8478,9180,9124
2768,9104,9118,9056,8826,9304,9239,9132,9114,9198,9029,9086,8912,9149,9087,9099,9063,9118,9206,9151,9182,9283,9161,9050,9195,8982,9077,9063,9209,9023,9265,8808,9131,8981,9118,9056,9059,9175,9145,8906,9145,9282,9039,9174,9042,9222,9169,9053,9257,9143,8990,8601,8882,8982,9257,9080,9078,9127,9021,9155,8996,9124,9081,9102,9086,9234,9012,8931,9253,9096,9063,9140,8680,8864,9274,8976,9193,9148,9183,8938,8817,9093,9108,9149,9207,9083,9329,8898,9211,9166,9133,9235,9041,9140,8478,9180,9124
2769,9104,9118,9056,8826,9304,9239,9132,9114,9198,9029,9086,8912,9149,9087,9099,9063,9118,9206,9151,9182,9283,9161,9050,9195,8982,9077,9063,9209,9023,9265,8808,9131,8981,9118,9056,9059,9175,9145,8906,9145,9282,9039,9174,9042,9222,9169,9053,9257,9143,8990,8601,8882,8982,9257,9080,9078,9127,9021,9155,8996,9124,9081,9102,9086,9234,9012,8931,9253,9096,9063,9140,8680,8864,9274,8976,9193,9148,9183,8938,8817,9093,9108,9149,9207,9083,9329,8898,9211,9166,9133,9235,9041,9140,8478,9180,9124
2770,9104,9118,9056,8826,9304,9239,9132,9114,9198,9029,9086,8912,9149,9087,9099,9063,9118,9206,9151,9182,9283,9161,9050,9195,8982,9077,9063,9209,9023,9265,8808,9131,8981,9118,9056,9059,9175,9145,8906,9145,9282,9039,9174,9042,9222,9169,9053,9257,9143,8990,8601,8882,8982,9257,9080,9078,9127,9021,9155,8996,9124,9081,9102,9086,9234,9012,8931,9253,9096,9063,9140,8680,8864,9274,8976,9193,9148,9183,8938,8817,9093,9108,9149,9207,9083,9329,8898,9211,9166,9133,9235,9041,9140,8478,9180,9124
2771,9104,9118,9056,8826,9304,9239,9132,9114,9198,9029,9086,8912,9149,9087,9099,9063,9118,9206,9151,9182,9283,9161,9050,9195,8982,9077,9063,9209,9023,9265,8808,9131,8981,9118,9056,9059,9175,9145,8906,9145,9282,9039,9174,9042,9222,9169,9053,9257,9143,8990,8601,8882,8982,9257,9080,9078,9127,9021,9155,8996,9124,9081,9102,9086,9234,9012,8931,9253,9096,9063,9140,8680,8864,9274,8976,9193,9148,9183,8938,8817,9093,9108,9149,9207,9083,9329,8898,9211,9166,9133,9235,9041,9140,8478,9180,9124
2772,9104,9118,9056,8826,9304,9239,9132,9114,9198,9029,9086,8912,9149,9087,9099,9063,9118,9206,9151,9182,9283,9161,9050,9195,8982,9077,9063,9209,9023,9265,8808,9131,8981,9118,9056,9059,9175,9145,8906,9145,9282,9039,9174,9042,9222,9169,9053,9257,9143,8990,8601,8882,8982,9257,9080,9078,9127,9021,9155,8996,9124,9081,9102,9086,9234,9012,8931,9253,9096,9063,9140,8680,8864,9274,8976,9193,9148,9183,8938,8817,9093,9108,9149,9207,9083,9329,8898,9211,9166,9133,9235,9041,9140,8478,9180,9124
2773,9104,9118,9056,8826,9304,9239,9132,9114,9198,9029,9086,8912,9149,9087,9099,9063,9118,9206,9151,9182,9283,9161,9050,9195,8982,9077,9063,9209,9023,9265,8808,9131,8981,9118,9056,9059,9175,9145,8906,9145,9282,9039,9174,9042,9222,9169,9053,9257,9143,8990,8601,8882,8982,9257,9080,9078,9127,9021,9155,8996,9124,9081,9102,9086,9234,9012,8931,9253,9096,9063,9140,8680,8864,9274,8976,9193,9148,9183,8938,8817,9093,9108,9149,9207,9083,9329,8898,9211,9166,9133,9235,9041,9140,8478,9180,9124
2774,9104,9118,9056,8826,9304,9239,9132,9114,9198,9029,9086,8912,9149,9087,9099,9063,9118,9206,9151,9182,9283,9161,9050,9195,8982,9077,9063,9209,9023,9265,8808,9131,8981,9118,9056,9059,9175,9145,8906,9145,9282,9039,9174,9042,9222,9169,9053,9257,9143,8990,8601,8882,8982,9257,9080,9078,9127,9021,9155,8996,9124,9081,9102,9086,9234,9012,8931,9253,9096,9063,9140,8680,8864,9274,8976,9193,9148,9183,8938,8817,9093,9108,9149,9207,9083,9329,8898,9211,9166,9133,9235,9041,9140,8478,9180,9124
2775,9104,9118,9056,8826,9304,9239,9132,9114,9198,9029,9086,8912,9149,9087,9099,9063,9118,9206,9151,9182,9283,9161,9050,9195,8982,9077,9063,9209,9023,9265,8808,9131,8981,9118,9056,9059,9175,9145,8906,9145,9282,9039,9174,9042,9222,9169,9053,9257,9143,8990,8601,8882,8982,9257,9080,9078,9127,9021,9155,8996,9124,9081,9102,9086,9234,9012,8931,9253,9096,9063,9140,8680,8864,9274,8976,9193,9148,9183,8938,8817,9093,9108,9149,9207,9083,9329,8898,9211,9166,9133,9235,9041,9140,8478,9180,9124
2776,9104,9118,9056,8826,9304,9239,9132,9114,9198,9029,9086,8912,9149,9087,9099,9063,9118,9206,9151,9182,9283,9161,9050,9195,8982,9077,9063,9209,9023,9265,8808,9131,8981,9118,9056,9059,9175,9145,8906,9145,9282,9039,9174,9042,9222,9169,9053,9257,9143,8990,8601,8882,8982,9257,9080,9078,9127,9021,9155,8996,9124,9081,9102,9086,9234,9012,8931,9253,9096,9063,9140,8680,8864,9274,8976,9193,9148,9183,8938,8817,9093,9108,9149,9207,9083,9329,8898,9211,9166,9133,9235,9041,9140,8478,9180,9124
2777,9104,9118,9056,8826,9304,9239,9132,9114,9198,9029,9086,8912,9149,9087,9099,9063,9118,9206,9151,9182,9283,9161,9050,9195,8982,9077,9063,9209,9023,9265,8808,9131,8981,9118,9056,9059,9175,9145,8906,9145,9282,9039,9174,9042,9222,9169,9053,9257,9143,8990,8601,8882,8982,9257,9080,9078,9127,9021,9155,8996,9124,9081,9102,9086,9234,9012,8931,9253,9096,9063,9140,8680,8864,9274,8976,9193,9148,9183,8938,8817,9093,9108,9149,9207,9083,9329,8898,9211,9166,9133,9235,9041,9140,8478,9180,9124
2778,9104,9118,9056,8826,9304,9239,9132,9114,9198,9029,9086,8912,9149,9087,9099,9063,9118,9206,9151,9182,9283,9161,9050,9195,8982,9077,9063,9209,9023,9265,8808,9131,8981,9118,9056,9059,9175,9145,8906,9145,9282,9039,9174,9042,9222,9169,9053,9257,9143,8990,8602,8882,8982,9257,9080,9078,9127,9021,9155,8996,9124,9081,9102,9086,9234,9012,8931,9253,9096,9063,9140,8680,8864,9274,8976,9193,9148,9183,8938,8817,9093,9108,9149,9207,9083,9329,8898,9211,9166,9133,9235,9041,9140,8478,9180,9124
2779,9104,9118,9056,8826,9304,9239,9132,9114,9198,9029,9086,8912,9149,9087,9099,9063,9118,9206,9151,9183,9283,9161,9050,9195,8982,9077,9063,9209,9023,9265,8808,9131,8981,9118,9056,9059,9175,9145,8906,9145,9282,9039,9174,9042,9222,9169,9053,9257,9143,8990,8602,8882,8982,9257,9080,9078,9127,9021,9155,8996,9124,9081,9102,9086,9234,9012,8931,9253,9096,9063,9140,8680,8864,9274,8976,9193,9148,9183,8938,8817,9093,9108,9149,9207,9083,9329,8898,9211,9166,9133,9235,9041,9140,8478,9180,9124
2780,9104,9118,9056,8826,9304,9239,9132,9114,9198,9029,9086,8912,9149,9087,9099,9063,9118,9206,9151,9183,9283,9161,9050,9195,8982,9077,9063,9209,9023,9265,8808,9131,8981,9118,9056,9059,9175,9145,8906,9145,9282,9039,9174,9042,9222,9169,9053,9257,9143,8990,8602,8882,8982,9257,9080,9078,9127,9021,9155,8996,9124,9081,9102,9086,9234,9012,8931,9253,9096,9063,9140,8680,8864,9274,8976,9193,9148,9183,8938,8817,9093,9108,9149,9207,9083,9329,8898,9211,9166,9133,9235,9041,9140,8478,9180,9124
2781,9104,9118,9056,8826,9304,9239,9132,9114,9198,9029,9086,8912,9149,9087,9099,9063,9118,9206,9151,9183,9283,9161,9050,9195,8982,9077,9063,9209,9023,9265,8808,9131,8981,9118,9056,9059,9175,9145,8906,9145,9282,9039,9174,9042,9222,9169,9053,9257,9143,8990,8602,8882,8982,9257,9080,9078,9127,9021,9155,8996,9124,9081,9102,9086,9234,9012,8931,9253,9096,9063,9140,8680,8864,9274,8976,9193,9148,9183,8938,8817,9093,9108,9150,9207,9083,9329,8898,9211,9166,9133,9235,9041,9140,8478,9180,9124
2782,9104,9118,9056,8826,9304,9239,9132,9114,9198,9029,9086,8912,9149,9087,9099,9063,9118,9206,9151,9183,9283,9161,9050,9195,8982,9077,9063,9209,9023,9265,8808,9131,8981,9118,9056,9059,9175,9145,8906,9145,9282,9039,9174,9042,9222,9169,9053,9257,9143,8990,8602,8882,8982,9257,9080,9078,9127,9021,9155,8996,9124,9081,9102,9086,9234,9012,8931,9253,9096,9063,9140,8680,8864,9274,8976,9193,9148,9183,8938,8817,9093,9108,9150,9207,9083,9329,8898,9211,9166,9133,9235,9041,9140,8478,9180,9124
2783,9104,9118,9056,8826,9304,9239,9132,9114,9198,9029,9086,8912,9149,9087,9099,9063,9118,9206,9151,9183,9283,9161,9050,9195,8982,9077,9063,9209,9023,9265,8808,9131,8981,9118,9056,9059,9175,9145,8906,9145,9282,9039,9174,9042,9222,9169,9053,9257,9143,8990,8602,8882,8982,9257,9080,9078,9127,9021,9155,8996,9124,9081,9102,9086,9234,9012,8931,9253,9096,9063,9140,8680,8864,9274,8976,9193,9148,9183,8938,8817,9093,9108,9150,9207,9083,9329,8898,9211,9166,9133,9235,9041,9140,8478,9180,9124
2784,9104,9118,9056,8826,9304,9239,9132,9114,9198,9029,9086,8912,9149,9087,9099,9063,9118,9206,9151,9183,9283,9161,9050,9195,8982,9077,9063,9209,9023,9265,8808,9131,8981,9118,9056,9059,9175,9145,8906,9145,9282,9039,9174,9042,9222,9169,9053,9257,9143,8990,8602,8882,8982,9257,9080,9078,9127,9021,9155,8996,9124,9081,9102,9086,9234,9012,8931,9253,9096,9063,9140,8680,8864,9274,8976,9194,9148,9183,8938,8817,9093,9108,9150,9207,9083,9329,8898,9211,9166,9133,9235,9041,9140,8478,9180,9124
2785,9104,9118,9056,8826,9304,9239,9132,9114,9198,9029,9086,8912,9149,9087,9099,9063,9118,9206,9151,9183,9283,9161,9050,9195,8982,9077,9063,9209,9023,9265,8808,9131,8981,9118,9056,9059,9175,9145,8906,9145,9282,9039,9174,9042,9222,9169,9053,9257,9143,8990,8602,8882,8982,9257,9080,9078,9127,9021,9155,8996,9124,9081,9102,9086,9234,9012,8931,9253,9096,9063,9140,8680,8864,9274,8976,9194,9148,9183,8938,8817,9093,9108,9150,9207,9083,9329,8898,9211,9166,9133,9235,9041,9140,8478,9180,9124
2786,9104,9118,9056,8826,9304,9239,9132,9114,9198,9029,9086,8912,9149,9087,9099,9063,9118,9206,9151,9183,9283,9161,9050,9195,8982,9077,9063,9209,9023,9265,8808,9131,8981,9118,9056,9059,9175,9145,8906,9145,9282,9039,9174,9042,9222,9169,9053,9257,9143,8990,8602,8882,8982,9257,9080,9078,9127,9021,9155,8996,9124,9081,9102,9086,9234,9012,8931,9253,9096,9063,9140,8680,8864,9274,8976,9194,9148,9183,8938,8817,9093,9108,9150,9207,9083,9329,8898,9211,9166,9133,9235,9041,9140,8478,9180,9124
2787,9104,9118,9056,8826,9304,9239,9132,9114,9198,9029,9086,8912,9149,9087,9099,9063,9118,9206,9151,9183,9283,9161,9050,9195,8982,9077,9063,9209,9023,9265,8808,9131,8981,9118,9056,9059,9175,9145,8906,9145,9282,9039,9174,9042,9222,9169,9053,9257,9143,8990,8602,8882,8982,9257,9080,9078,9127,9021,9155,8996,9124,9081,9102,9086,9234,9012,8931,9253,9096,9063,9140,8680,8864,9274,8976,9194,9148,9183,8938,8817,9093,9108,9150,9207,9083,9329,8898,9211,9166,9133,9235,9041,9140,8478,9180,9124
2788,9104,9118,9056,8826,9304,9239,9132,9114,9198,9029,9086,8912,9149,9087,9099,9063,9118,9206,9151,9183,9283,9161,9050,9195,8982,9077,9063,9209,9023,9265,8808,9131,8981,9118,9056,9059,9175,9145,8906,9145,9282,9039,9174,9042,9223,9169,9053,9257,9143,8990,8602,8882,8982,9257,9080,9078,9127,9021,9155,8996,9124,9081,9102,9086,9234,9012,8931,9253,9096,9063,9140,8680,8864,9274,8976,9194,9148,9183,8938,8817,9093,9108,9150,9207,9083,9329,8898,9211,9166,9133,9235,9041,9140,8478,9180,9124
2789,9104,9118,9056,8826,9304,9239,9132,9114,9198,9029,9086,8912,9149,9087,9099,9063,9118,9206,9151,9183,9283,9161,9050,9195,8982,9077,9063,9209,9023,9265,8808,9131,8981,9118,9056,9059,9175,9145,8906,9145,9282,9039,9174,9042,9223,9169,9053,9257,9143,8990,8602,8882,8982,9257,9080,9078,9127,9021,9155,8996,9124,9081,9102,9086,9234,9012,8931,9253,9096,9063,9140,8680,8864,9274,8976,9194,9148,9183,8938,8817,9093,9108,9150,9207,9083,9329,8898,9211,9166,9133,9235,9041,9140,8478,9180,9124
2790,9104,9118,9056,8826,9304,9239,9132,9114,9198,9029,9086,8912,9149,9087,9099,9063,9118,9206,9151,9183,9283,9161,9050,9195,8982,9077,9063,9209,9023,9265,8808,9131,8981,9118,9056,9059,9175,9145,8906,9145,9282,9039,9174,9042,9223,9169,9053,9257,9143,8990,8602,8882,8982,9257,9080,9078,9127,9021,9155,8996,9124,9081,9102,9086,9234,9012,8931,9253,9096,9063,9140,8680,8864,9274,8976,9194,9148,9183,8938,8817,9093,9108,9150,9207,9083,9329,8898,9211,9166,9133,9235,9041,9140,8478,9180,9124
2791,9104,9118,9056,8826,9304,9239,9132,9114,9198,9029,9086,8912,9149,9087,9099,9063,9118,9206,9151,9183,9283,9161,9050,9195,8982,9077,9063,9209,9023,9265,8808,9131,8981,9118,9056,9059,9175,9145,8906,9145,9282,9039,9174,9042,9223,9169,9053,9257,9143,8990,8602,8882,8982,9257,9080,9078,9127,9021,9155,8996,9124,9081,9102,9086,9234,9012,8931,9253,9096,9063,9140,8680,8864,9274,8976,9194,9148,9183,8938,8817,9093,9108,9150,9207,9083,9329,8898,9211,9166,9133,9235,9041,9140,8478,9180,9124
2792,9104,9118,9056,8826,9304,9239,9132,9114,9198,9029,9086,8912,9149,9087,9099,9063,9118,9206,9151,9183,9283,9161,9050,9195,8982,9077,9063,9209,9023,9265,8808,9131,8981,9118,9056,9059,9175,9145,8906,9145,9282,9039,9174,9042,9223,9169,9053,9257,9143,8990,8602,8882,8982,9257,9080,9078,9127,9021,9155,8996,9124,9081,9102,9086,9234,9012,8931,9253,9096,9063,9140,8680,8864,9274,8976,9194,9148,9183,8938,8817,9093,9109,9150,9207,9083,9329,8898,9211,9166,9133,9235,9041,9140,8478,9180,9124
2793,9104,9118,9056,8826,9304,9239,9132,9114,9198,9029,9086,8912,9149,9087,9099,9063,9118,9206,9151,9183,9283,9161,9050,9195,8982,9077,9063,9209,9023,9265,8808,9131,8981,9118,9056,9059,9175,9145,8906,9145,9282,9039,9174,9042,9223,9169,9053,9257,9143,8990,8602,8882,8982,9257,9080,9078,9127,9021,9155,8996,9124,9081,9102,9086,9234,9012,8931,9253,9096,9063,9140,8680,8864,9274,8976,9194,9148,9183,8938,8817,9093,9109,9150,9207,9083,9329,8898,9211,9166,9133,9235,9041,9140,8478,9180,9124
2794,9104,9118,9056,8826,9304,9239,9132,9114,9198,9029,9086,8912,9149,9087,9099,9063,9118,9206,9151,9183,9283,9161,9050,9195,8982,9077,9063,9209,9023,9265,8808,9131,8981,9118,9056,9059,9175,9145,8906,9145,9282,9039,9174,9042,9223,9169,9053,9257,9143,8990,8602,8882,8982,9257,9080,9078,9127,9021,9155,8996,9124,9081,9102,9086,9234,9012,8931,9253,9096,9063,9140,8680,8864,9274,8976,9194,9148,9183,8938,8817,9093,9109,9150,9207,9083,9329,8898,9211,9166,9133,9235,9041,9140,8478,9180,9124
2795,9104,9118,9056,8826,9304,9239,9132,9114,9198,9029,9086,8912,9149,9087,9099,9063,9118,9206,9151,9183,9283,9161,9050,9195,8982,9077,9063,9209,9023,9265,8808,9131,8981,9118,9056,9059,9175,9145,8906,9145,9282,9039,9174,9042,9223,9169,9053,9257,9143,8990,8602,8882,8982,9257,9080,9078,9127,9021,9155,8996,9124,9081,9102,9086,9234,9012,8931,9253,9096,9063,9140,8680,8864,9274,8976,9194,9148,9183,8938,8817,9093,9109,9150,9207,9083,9329,8898,9211,9166,9133,9235,9041,9140,8478,9180,9124
2796,9104,9119,9056,8826,9304,9239,9132,9114,9198,9029,9086,8912,9149,9087,9099,9063,9118,9206,9151,9183,9283,9161,9050,9195,8982,9077,9063,9209,9023,9265,8808,9131,8981,9118,9056,9059,9175,9145,8906,9145,9282,9039,9174,9042,9223,9169,9053,9257,9143,8990,8602,8882,8982,9257,9080,9078,9127,9021,9155,8996,9124,9081,9102,9086,9234,9012,8931,9253,9096,9063,9140,8680,8864,9274,8976,9194,9148,9183,8938,8817,9093,9109,9150,9207,9083,9329,8898,9211,9166,9133,9235,9041,9140,8478,9180,9124
2797,9104,9119,9056,8826,9304,9239,9132,9114,9198,9030,9086,8912,9149,9087,9099,9063,9118,9206,9151,9183,9283,9161,9050,9195,8982,9077,9063,9209,9023,9265,8808,9131,8981,9118,9056,9059,9175,9145,8906,9145,9282,9039,9174,9042,9223,9169,9053,9257,9143,8990,8602,8882,8982,9257,9080,9078,9127,9021,9155,8996,9124,9081,9102,9086,9234,9012,8931,9253,9096,9063,9140,8680,8864,9274,8976,9194,9148,9183,8938,8817,9093,9109,9150,9207,9083,9329,8898,9211,9166,9133,9235,9041,9140,8478,9180,9124
2798,9104,9119,9056,8826,9304,9239,9132,9114,9198,9030,9086,8912,9149,9087,9099,9063,9118,9206,9151,9183,9283,9161,9050,9195,8982,9077,9063,9209,9023,9265,8808,9131,8981,9118,9056,9059,9175,9145,8907,9145,9282,9039,9174,9042,9223,9169,9053,9257,9143,8990,8602,8882,8982,9257,9080,9078,9127,9021,9155,8996,9124,9081,9102,9086,9234,9012,8931,9253,9096,9063,9140,8680,8864,9274,8976,9194,9148,9183,8938,8817,9093,9109,9150,9207,9083,9329,8898,9211,9166,9133,9235,9041,9140,8478,9180,9124
2799,9104,9119,9056,8826,9304,9239,9132,9114,9198,9030,9086,8912,9149,9087,9099,9064,9118,9206,9151,9183,9283,9161,9050,9195,8982,9077,9063,9209,9023,9265,8808,9131,8981,9118,9056,9059,9175,9145,8907,9145,9282,9039,9174,9042,9223,9169,9053,9257,9143,8990,8602,8882,8982,9257,9080,9078,9127,9021,9155,8996,9124,9081,9102,9086,9234,9012,8931,9253,9096,9063,9140,8680,8864,9274,8976,9194,9148,9183,8938,8817,9093,9109,9150,9207,9083,9329,8898,9211,9166,9133,9235,9041,9140,8478,9180,9124
2800,9104,9119,9056,8826,9304,9239,9132,9114,9198,9030,9086,8912,9149,9087,9099,9064,9118,9206,9151,9183,9283,9161,9050,9195,8982,9077,9063,9210,9023,9265,8808,9131,8981,9118,9056,9059,9175,9145,8907,9145,9282,9039,9174,9042,9223,9169,9053,9257,9143,8990,8602,8882,8982,9257,9080,9078,9127,9021,9155,8996,9124,9081,9102,9086,9234,9012,8931,9253,9096,9063,9140,8680,8864,9274,8976,9194,9148,9183,8938,8817,9093,9109,9150,9207,9083,9329,8898,9211,9166,9133,9235,9041,9140,8478,9180,9124
2801,9104,9119,9056,8826,9304,9239,9132,9114,9198,9030,9086,8912,9149,9087,9099,9064,9118,9206,9151,9183,9283,9161,9050,9195,8982,9077,9063,9210,9023,9265,8808,9131,8981,9118,9056,9059,9175,9145,8907,9145,9282,9039,9174,9042,9223,9169,9053,9257,9143,8990,8602,8882,8982,9257,9080,9078,9127,9021,9155,8996,9124,9081,9102,9086,9234,9012,8931,9253,9096,9063,9140,8680,8864,9274,8976,9194,9148,9183,8938,8817,9093,9109,9150,9207,9083,9329,8898,9211,9166,9133,9235,9041,9140,8478,9180,9124
2802,9104,9119,9056,8826,9304,9239,9132,9114,9198,9030,9086,8912,9149,9087,9099,9064,9118,9206,9151,9184,9283,9161,9050,9195,8982,9077,9063,9210,9023,9265,8808,9131,8981,9118,9056,9059,9175,9145,8907,9145,9282,9039,9174,9042,9223,9169,9053,9257,9143,8990,8602,8882,8982,9257,9080,9078,9127,9021,9155,8996,9124,9081,9102,9086,9234,9012,8931,9253,9096,9063,9140,8680,8864,9274,8976,9194,9148,9183,8938,8817,9093,9109,9150,9207,9083,9329,8898,9211,9166,9133,9235,9041,9140,8478,9180,9125
2803,9104,9119,9056,8826,9304,9239,9132,9114,9198,9030,9086,8912,9149,9087,9099,9064,9118,9206,9151,9184,9283,9161,9050,9195,8982,9077,9063,9210,9023,9265,8808,9131,8981,9118,9056,9059,9175,9145,8907,9145,9282,9039,9174,9042,9223,9169,9053,9257,9143,8990,8602,8882,8982,9257,9080,9078,9127,9021,9155,8996,9124,9081,9102,9086,9234,9012,8931,9253,9096,9063,9140,8680,8864,9274,8976,9194,9148,9183,8938,8817,9093,9109,9150,9207,9083,9329,8898,9211,9166,9133,9235,9041,9140,8478,9180,9125
2804,9104,9119,9056,8826,9304,9239,9132,9114,9198,9030,9086,8912,9149,9087,9099,9064,9118,9206,9151,9184,9283,9161,9050,9195,8982,9077,9063,9210,9023,9265,8808,9131,8981,9118,9056,9059,9175,9145,8907,9145,9282,9039,9174,9042,9223,9169,9053,9257,9143,8990,8602,8882,8982,9257,9080,9078,9127,9021,9155,8996,9124,9081,9102,9086,9234,9012,8931,9253,9096,9063,9140,8680,8864,9274,8976,9194,9148,9183,8938,8817,9093,9109,9150,9207,9083,9329,8898,9211,9166,9133,9235,9041,9140,8478,9180,9125
2805,9104,9119,9056,8826,9304,9239,9132,9114,9198,9030,9086,8912,9149,9087,9099,9064,9118,9206,9151,9184,9283,9161,9050,9195,8982,9077,9063,9210,9023,9265,8808,9131,8981,9118,9056,9059,9175,9145,8907,9145,9282,9039,9174,9042,9223,9169,9053,9257,9143,8990,8602,8882,8982,9257,9080,9078,9127,9021,9155,8996,9124,9081,9102,9086,9234,9012,8931,9253,9096,9063,9140,8680,8864,9274,8976,9194,9148,9183,8938,8817,9093,9109,9150,9207,9083,9329,8898,9211,9166,9133,9235,9041,9140,8478,9180,9125
2806,9104,9119,9056,8826,9304,9239,9132,9114,9198,9030,9086,8912,9149,9087,9099,9064,9118,9206,9151,9184,9283,9161,9050,9195,8982,9077,9063,9210,9023,9265,8808,9131,8981,9118,9056,9059,9175,9145,8907,9145,9282,9039,9174,9042,9223,9169,9053,9257,9143,8990,8602,8882,8982,9257,9080,9078,9127,9021,9155,8996,9124,9081,9102,9086,9234,9012,8931,9253,9096,9063,9140,8680,8864,9274,8976,9194,9148,9183,8938,8817,9093,9109,9150,9207,9083,9329,8898,9211,9166,9133,9235,9041,9140,8478,9180,9125
2807,9104,9119,9056,8826,9304,9239,9132,9114,9198,9030,9086,8912,9149,9087,9099,9064,9118,9206,9151,9184,9283,9161,9050,9195,8982,9077,9063,9210,9023,9265,8808,9131,8981,9118,9056,9059,9175,9145,8907,9145,9282,9040,9174,9042,9223,9169,9053,9257,9143,8990,8602,8882,8982,9257,9080,9078,9127,9021,9155,8996,9124,9081,9102,9086,9234,9012,8931,9253,9096,9063,9140,8680,8864,9274,8976,9194,9148,9183,8938,8817,9093,9109,9150,9207,9083,9329,8898,9211,9166,9133,9235,9041,9140,8478,9180,9125
2808,9104,9119,9056,8826,9304,9239,9132,9114,9198,9030,9086,8912,9149,9087,9099,9064,9118,9206,9151,9184,9283,9161,9050,9195,8982,9077,9063,9210,9023,9265,8808,9131,8981,9118,9056,9059,9175,9145,8907,9145,9282,9040,9174,9042,9223,9169,9053,9257,9143,8990,8602,8882,8982,9257,9080,9078,9127,9021,9155,8996,9124,9081,9102,9086,9234,9012,8931,9253,9096,9063,9140,8680,8864,9274,8976,9194,9148,9183,8938,8817,9093,9109,9150,9207,9083,9329,8898,9211,9166,9133,9235,9041,9140,8478,9180,9125
2809,9104,9119,9056,8826,9304,9239,9132,9114,9198,9030,9086,8912,9149,9087,9099,9064,9118,9206,9151,9184,9283,9161,9050,9195,8982,9077,9063,9210,9023,9265,8808,9131,8981,9118,9056,9059,9175,9145,8907,9145,9282,9040,9174,9042,9223,9169,9053,9257,9143,8990,8602,8882,8982,9257,9080,9078,9127,9021,9155,8996,9124,9081,9102,9086,9234,9012,8931,9253,9096,9063,9140,8680,8864,9274,8976,9194,9148,9183,8938,8817,9093,9109,9150,9207,9083,9329,8898,9211,9166,9133,9235,9041,9140,8478,9180,9125
2810,9104,9119,9056,8826,9304,9239,9132,9114,9198,9030,9086,8912,9149,9087,9099,9064,9118,9206,9151,9184,9283,9161,9050,9195,8982,9077,9063,9210,9023,9265,8808,9131,8981,9118,9056,9059,9175,9145,8907,9145,9282,9040,9174,9042,9223,9169,9053,9257,9143,8990,8602,8882,8982,9257,9080,9078,9127,9021,9155,8996,9124,9081,9102,9086,9234,9012,8931,9253,9096,9063,9140,8680,8864,9274,8976,9194,9148,9183,8938,8817,9093,9109,9150,9207,9083,9329,8898,9211,9166,9133,9235,9041,9140,8478,9180,9125
2811,9104,9119,9056,8826,9304,9239,9132,9114,9198,9030,9086,8912,9149,9087,9099,9064,9118,9206,9151,9184,9283,9161,9050,9195,8982,9077,9063,9210,9023,9266,8808,9131,8981,9118,9056,9059,9175,9145,8907,9145,9282,9040,9174,9042,9223,9169,9053,9257,9143,8990,8602,8882,8982,9257,9080,9078,9127,9021,9155,8996,9124,9081,9102,9086,9234,9012,8931,9253,9096,9063,9140,8680,8864,9274,8976,9194,9148,9183,8938,8817,9093,9109,9150,9207,9083,9329,8898,9211,9166,9133,9235,9041,9140,8478,9180,9125
2812,9104,9119,9056,8826,9304,9239,9132,9114,9198,9030,9086,8912,9149,9087,9099,9064,9118,9206,9151,9184,9283,9161,9050,9195,8982,9077,9063,9210,9023,9266,8808,9131,8981,9118,9056,9059,9175,9145,8907,9145,9282,9040,9174,9042,9223,9169,9053,9257,9143,8990,8602,8882,8982,9257,9080,9078,9127,9021,9155,8996,9124,9081,9102,9086,9234,9012,8931,9253,9096,9063,9140,8680,8864,9274,8976,9194,9148,9183,8938,8817,9093,9109,9150,9207,9083,9329,8898,9211,9166,9133,9235,9041,9140,8478,9180,9125
2813,9104,9119,9056,8826,9304,9239,9132,9114,9198,9030,9086,8912,9149,9087,9099,9064,9118,9206,9151,9184,9283,9161,9050,9195,8982,9077,9063,9210,9023,9266,8808,9131,8981,9118,9056,9059,9175,9145,8907,9145,9282,9040,9174,9042,9223,9169,9053,9257,9143,8990,8602,8882,8982,9257,9080,9078,9127,9021,9155,8996,9124,9081,9102,9086,9234,9012,8931,9253,9096,9063,9140,8681,8864,9274,8976,9194,9148,9183,8938,8817,9093,9109,9150,9207,9083,9329,8898,9211,9166,9133,9235,9041,9140,8478,9180,9125
2814,9104,9119,9056,8826,9304,9239,9132,9114,9198,9030,9086,8912,9149,9087,9099,9064,9118,9206,9151,9184,9283,9161,9050,9195,8982,9077,9063,9210,9023,9266,8808,9131,8981,9118,9056,9059,9175,9145,8907,9145,9282,9040,9174,9042,9223,9169,9053,9257,9143,8990,8602,8882,8982,9257,9080,9078,9127,9021,9155,8996,9124,9082,9102,9086,9234,9012,8931,9253,9096,9063,9140,8681,8864,9274,8976,9194,9148,9183,8938,8817,9093,9109,9150,9207,9083,9329,8898,9211,9166,9133,9235,9041,9140,8478,9180,9125
2815,9104,9119,9056,8826,9304,9239,9132,9114,9198,9030,9086,8912,9149,9087,9099,9064,9118,9206,9151,9184,9283,9161,9050,9195,8982,9077,9063,9210,9023,9266,8808,9131,8981,9118,9056,9059,9175,9145,8907,9145,9282,9040,9174,9042,9223,9169,9053,9257,9143,8990,8602,8882,8982,9257,9080,9078,9127,9021,9155,8996,9124,9082,9102,9086,9234,9012,8931,9253,9096,9063,9140,8681,8864,9274,8976,9194,9148,9183,8938,8817,9093,9109,9150,9207,9083,9329,8898,9211,9166,9133,9235,9041,9140,8478,9180,9125
2816,9104,9119,9056,8826,9304,9239,9132,9114,9198,9030,9086,8912,9149,9087,9099,9064,9118,9206,9151,9184,9283,9161,9050,9195,8982,9077,9063,9210,9023,9266,8808,9131,8981,9118,9056,9059,9175,9145,8907,9145,9282,9040,9174,9042,9223,9169,9053,9257,9143,8990,8602,8882,8982,9257,9080,9078,9127,9021,9155,8996,9124,9082,9102,9086,9234,9012,8931,9253,9096,9063,9140,8681,8864,9274,8976,9194,9148,9183,8938,8817,9093,9109,9150,9207,9083,9329,8898,9211,9166,9133,9235,9041,9140,8478,9180,9125
2817,9104,9119,9056,8826,9304,9239,9132,9114,9198,9030,9086,8912,9149,9087,9099,9064,9118,9206,9151,9184,9283,9161,9050,9195,8982,9077,9063,9210,9023,9266,8808,9131,8981,9118,9056,9059,9175,9145,8907,9145,9282,9040,9174,9042,9223,9169,9053,9257,9143,8990,8602,8882,8982,9257,9080,9078,9127,9021,9155,8996,9124,9082,9102,9086,9234,9012,8931,9253,9096,9063,9140,8681,8864,9274,8976,9194,9148,9183,8938,8817,9093,9109,9150,9207,9083,9329,8898,9211,9166,9133,9235,9041,9140,8478,9180,9125
2818,9104,9119,9056,8826,9304,9239,9132,9114,9198,9030,9086,8912,9149,9087,9099,9064,9118,9206,9151,9184,9283,9161,9050,9195,8982,9077,9063,9210,9023,9266,8808,9131,8981,9118,9056,9059,9175,9145,8907,9145,9282,9040,9174,9042,9223,9169,9053,9257,9143,8990,8602,8882,8982,9257,9080,9078,9127,9021,9155,8996,9124,9082,9102,9086,9234,9012,8931,9253,9096,9063,9140,8681,8864,9274,8977,9194,9148,9183,8938,8817,9093,9109,9150,9207,9083,9329,8898,9211,9166,9133,9235,9041,9140,8478,9180,9125
2819,9104,9119,9056,8826,9304,9239,9132,9114,9198,9030,9086,8912,9149,9087,9099,9064,9118,9206,9151,9184,9283,9161,9050,9195,8982,9077,9063,9210,9023,9266,8808,9131,8981,9118,9056,9059,9175,9145,8907,9145,9282,9040,9174,9042,9223,9169,9053,9257,9143,8990,8602,8882,8982,9257,9080,9078,9127,9021,9155,8996,9124,9082,9102,9086,9234,9012,8931,9253,9096,9063,9140,8681,8864,9274,8977,9194,9148,9183,8938,8817,9093,9109,9150,9207,9083,9329,8898,9211,9166,9133,9235,9041,9140,8478,9180,9125
2820,9104,9119,9056,8826,9304,9239,9132,9114,9198,9030,9086,8912,9149,9087,9099,9064,9118,9206,9151,9184,9283,9161,9050,9195,8982,9077,9063,9210,9023,9266,8808,9131,8981,9118,9056,9059,9175,9145,8907,9145,9282,9040,9174,9042,9223,9169,9053,9257,9143,8990,8602,8882,8982,9257,9080,9078,9127,9021,9155,8996,9124,9082,9102,9086,9234,9012,8931,9253,9096,9063,9140,8681,8864,9274,8977,9194,9148,9183,8938,8817,9093,9109,9150,9207,9083,9329,8898,9211,9166,9133,9235,9041,9140,8478,9180,9125
2821,9104,9119,9056,8826,9304,9239,9132,9114,9198,9030,9086,8912,9149,9087,9099,9064,9118,9206,9151,9184,9283,9161,9050,9195,8982,9077,9063,9210,9023,9266,8808,9131,8981,9118,9056,9059,9175,9145,8907,9145,9282,9040,9174,9042,9223,9169,9053,9257,9143,8990,8602,8882,8982,9257,9080,9078,9127,9021,9155,8996,9124,9082,9102,9086,9234,9012,8931,9253,9096,9063,9140,8681,8864,9274,8977,9194,9148,9183,8938,8817,9093,9109,9150,9207,9083,9329,8898,9211,9166,9133,9235,9041,9140,8478,9180,9125
2822,9104,9119,9056,8826,9304,9239,9132,9114,9198,9030,9086,8912,9149,9087,9099,9064,9118,9206,9151,9184,9283,9161,9050,9195,8982,9077,9063,9210,9023,9266,8808,9131,8981,9118,9056,9059,9175,9145,8907,9145,9282,9040,9174,9042,9223,9169,9053,9257,9143,8990,8602,8882,8982,9257,9080,9078,9127,9021,9155,8996,9124,9082,9102,9086,9234,9012,8931,9253,9096,9063,9140,8681,8865,9274,8977,9194,9148,9183,8938,8817,9093,9109,9150,9207,9083,9329,8898,9211,9166,9133,9235,9041,9140,8478,9180,9125
2823,9104,9119,9056,8826,9304,9239,9132,9114,9198,9030,9086,8912,9149,9087,9099,9064,9118,9206,9151,9184,9283,9161,9050,9195,8982,9077,9063,9210,9023,9266,8808,9131,8981,9118,9056,9059,9175,9145,8907,9145,9282,9040,9174,9042,9223,9169,9053,9257,9143,8990,8602,8882,8982,9257,9080,9078,9127,9021,9155,8996,9124,9082,9102,9086,9234,9012,8931,9253,9096,9063,9140,8681,8865,9274,8977,9194,9148,9183,8938,8817,9093,9109,9150,9207,9083,9329,8898,9211,9166,9133,9235,9041,9140,8478,9180,9125
2824,9104,9119,9056,8826,9304,9239,9132,9114,9198,9030,9086,8912,9149,9087,9099,9064,9118,9206,9151,9184,9283,9161,9050,9195,8982,9077,9063,9210,9023,9266,8808,9131,8981,9118,9056,9059,9175,9145,8907,9145,9282,9040,9174,9042,9223,9169,9053,9257,9143,8990,8602,8882,8982,9257,9080,9078,9127,9021,9155,8996,9124,9082,9102,9086,9234,9012,8931,9253,9096,9063,9140,8681,8865,9274,8977,9194,9148,9183,8938,8817,9093,9109,9150,9207,9083,9329,8898,9211,9166,9133,9235,9041,9140,8478,9180,9125
2825,9104,9119,9056,8826,9304,9239,9132,9114,9198,9030,9086,8912,9149,9087,9099,9064,9118,9206,9151,9184,9283,9161,9050,9195,8982,9077,9063,9210,9023,9266,8808,9131,8981,9118,9056,9059,9175,9145,8907,9145,9282,9040,9174,9042,9223,9169,9053,9257,9143,8990,8602,8882,8982,9257,9080,9078,9127,9021,9155,8996,9124,9082,9102,9086,9234,9012,8931,9253,9096,9063,9140,8681,8865,9274,8977,9194,9148,9183,8938,8817,9093,9109,9150,9207,9083,9329,8898,9211,9166,9133,9235,9041,9140,8478,9180,9125
2826,9104,9119,9056,8826,9304,9239,9132,9114,9198,9030,9086,8912,9149,9087,9099,9064,9118,9206,9151,9184,9283,9161,9050,9195,8982,9077,9063,9210,9023,9266,8808,9131,8981,9118,9056,9059,9175,9145,8907,9145,9282,9040,9174,9042,9223,9169,9053,9257,9143,8990,8602,8882,8982,9257,9080,9078,9127,9021,9155,8996,9124,9082,9102,9086,9234,9012,8931,9253,9096,9063,9140,8681,8865,9274,8977,9194,9148,9183,8938,8817,9093,9109,9150,9207,9083,9329,8898,9211,9166,9133,9235,9041,9140,8478,9180,9125
2827,9104,9119,9056,8826,9304,9239,9132,9114,9198,9030,9086,8912,9149,9087,9099,9064,9118,9206,9151,9184,9283,9161,9050,9195,8982,9077,9063,9210,9023,9266,8808,9131,8981,9118,9056,9059,9175,9145,8907,9145,9282,9040,9174,9042,9223,9169,9053,9257,9143,8990,8602,8882,8982,9257,9080,9078,9127,9021,9155,8996,9124,9082,9102,9086,9234,9012,8931,9253,9096,9063,9140,8681,8865,9274,8977,9194,9148,9183,8938,8817,9093,9109,9150,9207,9083,9329,8898,9211,9166,9133,9235,9041,9140,8478,9180,9125
2828,9104,9119,9056,8826,9304,9239,9132,9114,9198,9030,9086,8912,9149,9087,9099,9064,9118,9206,9151,9184,9283,9161,9050,9195,8982,9077,9063,9210,9023,9266,8808,9131,8981,9118,9056,9059,9175,9145,8907,9145,9282,9040,9174,9042,9223,9169,9053,9257,9143,8990,8602,8882,8982,9257,9080,9078,9127,9021,9155,8996,9124,9082,9102,9086,9234,9012,8931,9253,9096,9063,9140,8681,8865,9274,8977,9194,9148,9183,8938,8817,9094,9109,9150,9207,9083,9329,8898,9211,9166,9133,9235,9041,9140,8478,9180,9125
2829,9104,9119,9056,8826,9304,9239,9132,9114,9198,9030,9086,8912,9149,9087,9099,9064,9118,9206,9151,9184,9283,9161,9050,9195,8982,9077,9063,9210,9023,9266,8808,9131,8981,9118,9056,9059,9175,9145,8907,9145,9282,9040,9174,9042,9223,9169,9053,9257,9143,8990,8602,8882,8982,9257,9080,9078,9127,9021,9155,8996,9124,9082,9102,9086,9234,9012,8931,9253,9096,9063,9140,8681,8865,9274,8977,9194,9148,9183,8938,8817,9094,9109,9150,9207,9083,9329,8898,9211,9166,9133,9235,9041,9140,8478,9180,9125
2830,9104,9119,9056,8826,9304,9239,9132,9114,9198,9030,9086,8912,9149,9087,9099,9064,9118,9206,9151,9184,9283,9161,9050,9195,8982,9077,9063,9210,9023,9266,8808,9131,8981,9118,9056,9059,9175,9145,8907,9145,9282,9040,9174,9042,9223,9169,9053,9257,9143,8990,8602,8882,8982,9257,9080,9078,9127,9021,9155,8996,9124,9082,9102,9086,9234,9012,8931,9253,9096,9063,9140,8681,8865,9274,8977,9194,9148,9183,8938,8817,9094,9109,9150,9207,9083,9329,8898,9211,9166,9133,9235,9041,9140,8478,9180,9125
2831,9104,9119,9056,8826,9304,9239,9132,9114,9198,9030,9086,8912,9149,9087,9099,9064,9118,9206,9151,9184,9283,9161,9050,9195,8982,9077,9063,9210,9023,9266,8808,9131,8981,9118,9056,9059,9175,9145,8907,9145,9282,9040,9174,9042,9223,9169,9053,9257,9143,8990,8602,8882,8982,9257,9080,9078,9127,9021,9155,8996,9124,9082,9102,9086,9234,9012,8931,9253,9096,9063,9140,8681,8865,9274,8977,9194,9148,9183,8938,8817,9094,9109,9150,9207,9083,9329,8898,9211,9166,9133,9235,9041,9140,8478,9180,9125
2832,9104,9119,9056,8826,9304,9239,9132,9114,9198,9030,9086,8912,9149,9087,9099,9064,9118,9206,9151,9184,9283,9161,9050,9195,8982,9077,9063,9210,9023,9266,8808,9131,8981,9118,9056,9059,9175,9145,8907,9145,9282,9040,9174,9042,9223,9169,9053,9257,9143,8990,8602,8882,8982,9257,9080,9078,9127,9021,9155,8996,9124,9082,9102,9086,9234,9012,8931,9253,9096,9063,9140,8681,8865,9274,8977,9194,9148,9183,8938,8817,9094,9109,9150,9207,9083,9329,8898,9211,9166,9133,9235,9041,9140,8478,9180,9125
2833,9104,9119,9056,8826,9304,9239,9132,9114,9198,9030,9086,8912,9149,9087,9099,9064,9118,9206,9151,9184,9283,9161,9050,9195,8982,9077,9063,9210,9023,9266,8808,9131,8981,9118,9056,9059,9175,9145,8907,9145,9282,9040,9174,9042,9223,9169,9053,9257,9143,8990,8602,8882,8982,9257,9080,9078,9127,9021,9155,8996,9124,9082,9102,9086,9234,9012,8931,9253,9096,9063,9140,8681,8865,9274,8977,9194,9148,9183,8938,8817,9094,9109,9150,9207,9083,9329,8898,9211,9166,9133,9235,9041,9140,8479,9180,9125
2834,9104,9119,9056,8826,9304,9239,9132,9114,9198,9030,9086,8912,9149,9087,9099,9064,9118,9206,9151,9184,9283,9161,9050,9195,8982,9077,9063,9210,9023,9266,8808,9131,8981,9118,9056,9059,9175,9145,8907,9145,9282,9040,9174,9042,9223,9169,9053,9257,9143,8990,8602,8882,8982,9257,9080,9078,9127,9021,9155,8996,9124,9082,9102,9086,9234,9012,8931,9253,9096,9063,9140,8681,8865,9274,8977,9194,9148,9183,8938,8817,9094,9109,9150,9207,9083,9329,8898,9211,9166,9133,9235,9041,9140,8479,9180,9125
2835,9104,9119,9056,8826,9304,9239,9132,9114,9198,9030,9086,8912,9149,9087,9099,9064,9118,9206,9151,9184,9283,9161,9050,9195,8982,9077,9063,9210,9023,9266,8808,9131,8981,9118,9056,9059,9175,9145,8907,9145,9282,9040,9174,9042,9223,9169,9053,9257,9143,8990,8602,8882,8982,9257,9080,9078,9127,9021,9155,8996,9124,9082,9102,9086,9234,9012,8931,9253,9096,9063,9140,8681,8865,9274,8977,9194,9148,9183,8938,8817,9094,9109,9150,9207,9083,9329,8898,9211,9166,9133,9235,9041,9140,8479,9180,9125
2836,9104,9119,9056,8826,9304,9239,9132,9114,9198,9030,9086,8912,9149,9087,9099,9064,9118,9206,9151,9184,9283,9161,9050,9195,8982,9077,9063,9210,9023,9266,8808,9131,8981,9118,9056,9059,9175,9145,8907,9145,9282,9040,9174,9042,9223,9169,9053,9257,9143,8990,8602,8882,8982,9257,9080,9078,9127,9021,9155,8996,9124,9082,9102,9086,9234,9012,8931,9253,9096,9063,9140,8681,8865,9274,8977,9194,9148,9183,8938,8817,9094,9109,9150,9207,9083,9329,8898,9211,9166,9133,9235,9041,9140,8479,9180,9125
2837,9104,9119,9056,8826,9304,9239,9132,9114,9198,9030,9086,8912,9149,9087,9099,9064,9118,9206,9151,9184,9283,9161,9050,9195,8982,9077,9063,9210,9023,9266,8808,9131,8981,9118,9056,9059,9175,9145,8907,9145,9282,9040,9174,9042,9223,9169,9053,9257,9143,8990,8602,8882,8982,9257,9080,9078,9127,9021,9155,8996,9124,9082,9102,9086,9234,9012,8931,9253,9096,9063,9140,8681,8865,9275,8977,9194,9148,9183,8938,8817,9094,9109,9150,9207,9083,9329,8898,9211,9166,9133,9235,9041,9140,8479,9180,9125
2838,9104,9119,9056,8826,9304,9239,9132,9114,9198,9030,9086,8912,9149,9087,9099,9064,9118,9206,9151,9184,9283,9161,9050,9195,8982,9077,9063,9210,9023,9266,8808,9131,8981,9118,9056,9059,9175,9145,8907,9145,9282,9040,9174,9042,9223,9169,9053,9257,9143,8990,8602,8882,8982,9257,9080,9078,9127,9021,9155,8996,9124,9082,9102,9086,9234,9012,8931,9253,9096,9063,9140,8681,8865,9275,8977,9194,9148,9183,8938,8817,9094,9109,9150,9207,9083,9329,8898,9211,9166,9133,9235,9041,9140,8479,9180,9125
2839,9104,9119,9056,8826,9304,9239,9132,9114,9198,9030,9086,8912,9149,9087,9099,9064,9118,9206,9151,9184,9283,9161,9050,9195,8982,9077,9063,9210,9023,9266,8808,9131,8981,9118,9056,9059,9175,9145,8907,9145,9282,9040,9174,9042,9223,9169,9053,9257,9143,8990,8602,8882,8982,9257,9080,9078,9127,9021,9155,8996,9124,9082,9102,9086,9234,9012,8931,9253,9096,9063,9140,8681,8865,9275,8977,9194,9148,9183,8938,8817,9094,9109,9150,9207,9083,9329,8898,9211,9166,9133,9235,9041,9140,8479,9180,9125
2840,9104,9119,9056,8826,9304,9239,9132,9114,9198,9030,9086,8912,9149,9087,9099,9064,9118,9206,9151,9184,9283,9161,9050,9195,8982,9077,9063,9210,9023,9266,8808,9131,8981,9118,9056,9059,9175,9145,8907,9145,9282,9040,9174,9042,9223,9169,9053,9257,9143,8990,8602,8882,8982,9257,9080,9078,9127,9021,9155,8996,9124,9082,9102,9086,9234,9012,8931,9253,9096,9063,9140,8681,8865,9275,8977,9194,9148,9183,8938,8817,9094,9109,9150,9207,9083,9329,8898,9211,9166,9133,9235,9041,9140,8479,9180,9125
2841,9104,9119,9056,8826,9304,9239,9132,9114,9198,9030,9086,8912,9149,9087,9099,9064,9118,9206,9151,9184,9283,9161,9050,9195,8982,9077,9063,9210,9023,9266,8808,9131,8981,9118,9056,9059,9175,9145,8907,9145,9282,9040,9174,9042,9223,9169,9053,9257,9143,8990,8602,8882,8982,9257,9080,9078,9127,9021,9155,8996,9124,9082,9102,9086,9234,9012,8931,9253,9096,9063,9140,8681,8865,9275,8977,9194,9148,9183,8938,8817,9094,9109,9150,9207,9083,9329,8898,9211,9166,9133,9235,9041,9140,8479,9180,9125
2842,9104,9119,9056,8826,9304,9239,9132,9114,9198,9030,9086,8912,9149,9087,9099,9064,9118,9206,9151,9184,9283,9161,9050,9195,8982,9077,9063,9210,9023,9266,8808,9131,8981,9118,9056,9059,9175,9145,8907,9145,9282,9040,9174,9042,9223,9169,9053,9257,9143,8990,8602,8882,8982,9257,9080,9078,9127,9021,9155,8996,9124,9082,9102,9086,9234,9012,8931,9253,9096,9063,9140,8681,8865,9275,8977,9194,9148,9183,8938,8817,9094,9109,9150,9207,9083,9329,8898,9211,9166,9133,9235,9041,9140,8479,9180,9125
2843,9104,9119,9056,8826,9304,9239,9132,9114,9198,9030,9086,8912,9149,9087,9099,9064,9118,9206,9151,9184,9283,9161,9050,9195,8982,9077,9063,9210,9023,9266,8808,9131,8981,9118,9056,9059,9175,9145,8907,9145,9283,9040,9174,9042,9223,9169,9053,9257,9143,8990,8602,8882,8982,9257,9080,9078,9127,9021,9155,8996,9124,9082,9102,9086,9234,9012,8931,9253,9096,9063,9140,8681,8865,9275,8977,9194,9148,9183,8938,8817,9094,9109,9150,9207,9083,9329,8898,9211,9166,9133,9235,9041,9140,8479,9180,9125
2844,9104,9119,9056,8826,9304,9239,9132,9114,9198,9030,9086,8912,9149,9087,9099,9064,9118,9206,9151,9184,9283,9161,9050,9195,8982,9077,9063,9210,9023,9266,8808,9131,8981,9118,9056,9059,9175,9145,8907,9145,9283,9040,9174,9042,9223,9169,9053,9257,9143,8990,8602,8882,8982,9257,9080,9078,9127,9021,9155,8996,9124,9082,9102,9086,9234,9012,8931,9253,9096,9063,9140,8681,8865,9275,8977,9194,9148,9183,8938,8817,9094,9109,9150,9207,9083,9329,8898,9211,9166,9133,9235,9041,9140,8479,9180,9125
2845,9104,9119,9056,8826,9304,9239,9132,9114,9198,9030,9086,8912,9149,9087,9099,9064,9118,9206,9151,9184,9283,9161,9050,9195,8982,9077,9063,9210,9023,9266,8808,9131,8981,9118,9056,9059,9175,9145,8907,9145,9283,9040,9174,9042,9223,9169,9053,9257,9143,8990,8602,8882,8982,9257,9080,9078,9127,9021,9155,8996,9124,9082,9102,9086,9234,9012,8931,9253,9096,9063,9140,8681,8865,9275,8977,9194,9148,9183,8938,8817,9094,9109,9150,9207,9083,9329,8898,9211,9166,9133,9235,9041,9140,8479,9180,9125
2846,9104,9119,9056,8826,9304,9239,9132,9114,9198,9030,9086,8912,9149,9087,9099,9064,9118,9206,9151,9184,9283,9161,9050,9195,8982,9077,9063,9210,9023,9266,8808,9131,8981,9118,9056,9059,9175,9145,8907,9145,9283,9040,9174,9042,9223,9169,9053,9257,9143,8990,8602,8882,8982,9257,9080,9078,9127,9021,9155,8996,9124,9082,9102,9086,9234,9012,8931,9253,9096,9063,9140,8681,8865,9275,8977,9194,9148,9183,8938,8817,9094,9109,9150,9207,9083,9330,8898,9211,9166,9133,9235,9041,9140,8479,9180,9125
2847,9104,9119,9056,8826,9304,9239,9132,9114,9198,9030,9086,8912,9149,9087,9099,9064,9118,9206,9151,9184,9283,9161,9050,9195,8982,9077,9063,9210,9023,9266,8808,9131,8981,9118,9056,9059,9175,9145,8907,9145,9283,9040,9174,9042,9223,9169,9053,9257,9143,8990,8602,8882,8982,9257,9080,9078,9127,9021,9155,8996,9124,9082,9102,9086,9234,9012,8931,9253,9096,9063,9140,8681,8865,9275,8977,9194,9148,9183,8938,8817,9094,9109,9150,9207,9083,9330,8898,9211,9166,9133,9235,9041,9140,8479,9180,9125
2848,9104,9119,9056,8826,9304,9239,9132,9114,9198,9030,9086,8912,9149,9087,9099,9064,9118,9206,9151,9184,9283,9161,9050,9195,8982,9077,9063,9210,9023,9266,8808,9131,8981,9118,9056,9059,9175,9145,8907,9145,9283,9040,9174,9042,9224,9169,9053,9257,9143,8990,8602,8882,8982,9257,9080,9078,9127,9021,9155,8996,9124,9082,9102,9086,9234,9012,8931,9253,9096,9063,9140,8681,8865,9275,8977,9194,9148,9183,8938,8817,9094,9109,9150,9207,9083,9330,8898,9211,9166,9133,9235,9041,9140,8479,9180,9125
2849,9104,9119,9056,8826,9304,9239,9132,9114,9198,9030,9086,8912,9149,9087,9099,9064,9118,9206,9151,9184,9283,9161,9050,9195,8982,9077,9063,9210,9023,9266,8808,9131,8981,9118,9056,9059,9175,9145,8907,9145,9283,9040,9174,9042,9224,9169,9053,9257,9143,8990,8602,8882,8982,9257,9080,9078,9127,9021,9155,8996,9124,9082,9102,9086,9234,9012,8931,9253,9096,9063,9140,8681,8865,9275,8977,9194,9148,9183,8938,8817,9094,9109,9150,9207,9083,9330,8898,9211,9166,9133,9235,9041,9140,8479,9180,9125
2850,9104,9119,9056,8826,9304,9239,9132,9114,9198,9030,9086,8912,9149,9087,9099,9064,9118,9206,9151,9184,9283,9161,9050,9195,8982,9077,9063,9210,9023,9266,8808,9131,8981,9118,9056,9059,9175,9145,8907,9145,9283,9040,9174,9042,9224,9169,9053,9257,9143,8990,8602,8882,8982,9257,9080,9078,9127,9021,9155,8996,9124,9082,9102,9086,9234,9012,8931,9253,9096,9063,9140,8681,8865,9275,8977,9194,9148,9183,8938,8817,9094,9109,9150,9207,9083,9330,8898,9211,9166,9133,9235,9041,9140,8479,9180,9125
2851,9104,9119,9056,8826,9304,9239,9132,9114,9198,9030,9086,8912,9149,9087,9099,9064,9118,9206,9151,9184,9283,9161,9050,9195,8982,9077,9063,9210,9023,9266,8808,9131,8981,9118,9056,9059,9175,9145,8907,9145,9283,9040,9174,9042,9224,9169,9053,9257,9143,8990,8602,8882,8982,9257,9080,9078,9127,9021,9155,8996,9124,9082,9102,9086,9234,9012,8931,9253,9096,9063,9140,8681,8865,9275,8977,9194,9148,9183,8938,8817,9094,9109,9150,9207,9083,9330,8898,9211,9166,9133,9235,9041,9140,8479,9180,9125
2852,9104,9119,9056,8826,9304,9239,9132,9114,9198,9030,9086,8912,9149,9087,9099,9064,9118,9206,9151,9184,9283,9161,9050,9195,8982,9077,9063,9210,9023,9266,8808,9131,8981,9118,9056,9059,9175,9145,8907,9145,9283,9040,9174,9042,9224,9169,9053,9257,9143,8990,8602,8882,8982,9257,9080,9078,9127,9021,9155,8996,9124,9082,9102,9086,9234,9012,8931,9253,9096,9063,9140,8681,8865,9275,8977,9194,9148,9183,8938,8817,9094,9109,9150,9207,9083,9330,8898,9211,9166,9133,9235,9041,9140,8479,9180,9125
2853,9104,9119,9056,8826,9304,9239,9132,9114,9198,9030,9086,8912,9149,9087,9099,9064,9118,9206,9151,9184,9283,9161,9050,9195,8982,9077,9063,9210,9023,9266,8808,9131,8981,9118,9056,9059,9175,9145,8907,9145,9283,9040,9174,9042,9224,9169,9053,9257,9143,8990,8602,8882,8982,9257,9080,9078,9127,9021,9155,8996,9124,9082,9102,9086,9234,9012,8931,9253,9096,9063,9140,8681,8865,9275,8977,9194,9148,9183,8938,8817,9094,9109,9150,9207,9083,9330,8898,9211,9166,9133,9235,9041,9140,8479,9180,9125
2854,9104,9119,9056,8826,9304,9239,9132,9114,9198,9030,9086,8912,9149,9087,9099,9064,9118,9206,9151,9184,9283,9161,9050,9195,8982,9077,9063,9210,9023,9266,8808,9131,8981,9118,9056,9059,9175,9145,8907,9145,9283,9040,9174,9042,9224,9169,9053,9257,9143,8990,8602,8882,8982,9257,9080,9078,9127,9021,9155,8996,9124,9082,9102,9086,9234,9012,8931,9253,9096,9063,9140,8681,8865,9275,8977,9194,9148,9183,8938,8817,9094,9109,9150,9207,9083,9330,8898,9211,9166,9133,9235,9041,9140,8479,9180,9125
2855,9104,9119,9056,8826,9304,9239,9132,9114,9198,9030,9086,8912,9149,9087,9099,9064,9118,9206,9151,9184,9283,9161,9050,9195,8982,9077,9063,9210,9023,9266,8808,9131,8981,9118,9056,9059,9175,9145,8907,9145,9283,9040,9174,9042,9224,9169,9053,9257,9143,8990,8602,8882,8982,9257,9080,9078,9127,9021,9155,8996,9124,9082,9102,9086,9234,9012,8931,9253,9096,9063,9140,8681,8865,9275,8977,9194,9148,9183,8938,8817,9094,9109,9150,9207,9083,9330,8898,9211,9166,9133,9235,9041,9140,8479,9180,9125
2856,9104,9119,9056,8826,9304,9239,9132,9114,9198,9030,9086,8912,9149,9087,9099,9064,9118,9206,9151,9184,9283,9161,9050,9195,8982,9077,9063,9210,9023,9266,8808,9131,8981,9118,9056,9059,9175,9145,8907,9145,9283,9040,9174,9042,9224,9169,9053,9257,9143,8990,8602,8882,8982,9257,9080,9078,9127,9021,9155,8996,9124,9082,9102,9086,9234,9012,8931,9253,9096,9063,9140,8681,8865,9275,8977,9194,9148,9183,8938,8817,9094,9109,9150,9207,9083,9330,8898,9211,9166,9133,9235,9041,9140,8479,9180,9125
2857,9104,9119,9056,8826,9304,9239,9132,9114,9198,9030,9086,8912,9149,9087,9099,9064,9118,9206,9151,9184,9283,9161,9050,9195,8982,9077,9063,9210,9023,9266,8808,9131,8981,9118,9056,9059,9175,9145,8907,9145,9283,9040,9174,9042,9224,9169,9053,9257,9143,8990,8602,8882,8982,9257,9080,9078,9127,9021,9155,8996,9124,9082,9102,9086,9234,9012,8931,9253,9096,9063,9140,8681,8865,9275,8977,9194,9148,9183,8938,8817,9094,9109,9150,9207,9083,9330,8898,9211,9166,9133,9235,9041,9140,8479,9180,9125
2858,9104,9119,9056,8826,9304,9239,9132,9114,9198,9030,9086,8912,9149,9087,9099,9064,9118,9206,9151,9184,9283,9161,9050,9195,8982,9077,9063,9210,9023,9266,8808,9131,8981,9118,9056,9059,9175,9145,8907,9145,9283,9040,9174,9042,9224,9169,9053,9257,9143,8990,8602,8882,8982,9257,9080,9078,9127,9021,9155,8996,9124,9082,9102,9086,9234,9012,8931,9253,9096,9063,9140,8681,8865,9275,8977,9194,9148,9183,8938,8817,9094,9109,9150,9207,9083,9330,8898,9211,9166,9133,9235,9041,9140,8479,9180,9125
2859,9104,9119,9056,8826,9304,9239,9132,9114,9198,9030,9086,8912,9149,9087,9099,9064,9118,9206,9151,9184,9283,9161,9050,9195,8982,9077,9063,9210,9023,9266,8808,9131,8981,9118,9056,9059,9175,9145,8907,9145,9283,9040,9174,9042,9224,9169,9053,9257,9143,8990,8602,8882,8982,9257,9080,9078,9127,9021,9155,8996,9124,9082,9102,9086,9234,9012,8931,9253,9096,9063,9140,8681,8865,9275,8977,9194,9148,9183,8938,8817,9094,9109,9150,9207,9083,9330,8898,9211,9166,9133,9235,9041,9140,8479,9180,9125
2860,9104,9119,9056,8826,9304,9239,9132,9114,9198,9030,9086,8912,9149,9087,9099,9064,9118,9206,9151,9184,9283,9161,9050,9195,8982,9077,9063,9210,9023,9266,8808,9131,8981,9118,9056,9059,9175,9145,8907,9145,9283,9040,9174,9042,9224,9169,9053,9257,9143,8990,8602,8882,8982,9257,9080,9078,9127,9021,9155,8996,9124,9082,9102,9086,9234,9012,8931,9253,9096,9063,9140,8681,8865,9275,8977,9194,9148,9183,8938,8817,9094,9109,9150,9207,9083,9330,8898,9211,9166,9133,9235,9041,9140,8479,9180,9125
2861,9104,9119,9056,8826,9304,9239,9132,9114,9198,9030,9086,8912,9149,9087,9099,9064,9118,9206,9151,9184,9283,9161,9050,9195,8982,9077,9063,9210,9023,9266,8808,9131,8981,9118,9056,9059,9175,9145,8907,9145,9283,9040,9174,9042,9224,9169,9053,9257,9143,8990,8602,8882,8982,9257,9080,9078,9127,9021,9155,8996,9124,9082,9102,9086,9234,9012,8931,9253,9096,9063,9140,8681,8865,9275,8977,9194,9148,9183,8938,8817,9094,9109,9150,9207,9083,9330,8898,9211,9166,9133,9235,9041,9140,8479,9180,9125
2862,9104,9119,9056,8826,9304,9239,9132,9114,9198,9030,9086,8912,9149,9087,9099,9064,9118,9206,9151,9184,9283,9161,9050,9195,8982,9077,9063,9210,9023,9266,8808,9131,8981,9118,9056,9059,9175,9145,8907,9145,9283,9040,9174,9042,9224,9169,9053,9257,9143,8990,8602,8882,8982,9257,9080,9078,9127,9021,9155,8996,9124,9082,9102,9086,9234,9012,8931,9253,9096,9063,9140,8681,8865,9275,8977,9194,9148,9183,8938,8817,9094,9109,9150,9207,9083,9330,8898,9211,9166,9133,9235,9041,9140,8479,9180,9125
2863,9104,9119,9056,8826,9304,9239,9132,9114,9198,9030,9086,8912,9149,9087,9099,9064,9118,9206,9151,9184,9283,9161,9050,9195,8982,9077,9063,9210,9023,9266,8808,9131,8981,9118,9056,9059,9175,9145,8907,9145,9283,9040,9174,9042,9224,9169,9053,9257,9143,8990,8602,8882,8982,9257,9080,9078,9127,9021,9155,8996,9124,9082,9102,9086,9234,9012,8931,9253,9096,9063,9140,8681,8865,9275,8977,9194,9148,9183,8938,8817,9094,9109,9150,9207,9083,9330,8898,9211,9166,9133,9235,9041,9140,8479,9180,9125
2864,9104,9119,9056,8826,9304,9239,9132,9114,9198,9030,9086,8912,9149,9087,9099,9064,9118,9206,9151,9184,9283,9161,9050,9195,8982,9077,9063,9210,9023,9266,8808,9131,8981,9118,9056,9059,9175,9145,8907,9145,9283,9040,9174,9042,9224,9169,9053,9257,9143,8990,8602,8882,8982,9257,9080,9078,9127,9021,9155,8996,9124,9082,9102,9086,9234,9012,8931,9253,9096,9063,9140,8681,8865,9275,8977,9194,9148,9183,8938,8817,9094,9109,9150,9207,9083,9330,8898,9211,9166,9133,9235,9041,9140,8479,9180,9125
2865,9104,9119,9056,8826,9304,9239,9132,9114,9198,9030,9086,8912,9149,9087,9099,9064,9118,9206,9151,9184,9283,9161,9050,9195,8982,9077,9063,9210,9023,9266,8808,9131,8981,9118,9056,9059,9175,9145,8907,9145,9283,9040,9174,9042,9224,9169,9053,9257,9143,8990,8602,8882,8982,9257,9080,9078,9127,9021,9155,8996,9124,9082,9102,9086,9234,9012,8931,9253,9096,9063,9140,8681,8865,9275,8977,9194,9148,9183,8938,8817,9094,9109,9150,9207,9083,9330,8898,9211,9166,9133,9235,9041,9140,8479,9180,9125
2866,9104,9119,9056,8826,9304,9239,9132,9114,9198,9030,9086,8912,9149,9087,9099,9064,9118,9206,9151,9184,9283,9161,9050,9195,8982,9077,9063,9210,9023,9266,8808,9131,8981,9118,9056,9059,9175,9145,8907,9145,9283,9040,9174,9042,9224,9169,9053,9257,9143,8990,8602,8882,8982,9257,9080,9078,9127,9021,9155,8996,9124,9082,9102,9086,9234,9012,8931,9253,9096,9063,9140,8681,8865,9275,8977,9194,9148,9183,8938,8817,9094,9109,9150,9207,9083,9330,8898,9211,9166,9133,9235,9041,9140,8479,9180,9125
2867,9104,9119,9056,8826,9304,9239,9132,9114,9198,9030,9086,8912,9149,9087,9099,9064,9118,9206,9151,9184,9283,9161,9050,9195,8982,9077,9063,9210,9023,9266,8808,9131,8981,9118,9056,9059,9175,9145,8907,9145,9283,9040,9174,9042,9224,9169,9053,9257,9143,8990,8602,8882,8982,9257,9080,9078,9127,9021,9155,8996,9124,9082,9102,9086,9234,9012,8931,9253,9096,9063,9140,8681,8865,9275,8977,9194,9148,9183,8938,8817,9094,9109,9150,9207,9083,9330,8898,9211,9166,9133,9235,9041,9140,8479,9180,9125
2868,9104,9119,9056,8826,9304,9239,9132,9114,9198,9030,9086,8912,9149,9087,9099,9064,9118,9206,9151,9184,9283,9161,9050,9195,8982,9077,9063,9210,9023,9266,8808,9131,8981,9118,9056,9059,9175,9145,8907,9145,9283,9040,9174,9042,9224,9169,9053,9257,9143,8990,8602,8882,8982,9257,9080,9078,9127,9021,9155,8996,9124,9082,9102,9086,9234,9012,8931,9253,9096,9063,9140,8681,8865,9275,8977,9194,9148,9183,8938,8817,9094,9109,9150,9207,9083,9330,8898,9211,9166,9133,9235,9041,9140,8479,9180,9125
2869,9104,9119,9056,8826,9304,9239,9132,9114,9198,9030,9086,8912,9149,9087,9099,9064,9118,9206,9151,9184,9283,9161,9050,9195,8982,9077,9063,9210,9023,9266,8808,9131,8981,9118,9056,9059,9175,9145,8907,9145,9283,9040,9174,9042,9224,9169,9053,9257,9143,8990,8602,8882,8982,9257,9080,9078,9127,9021,9155,8996,9124,9082,9102,9086,9234,9012,8931,9253,9096,9063,9140,8681,8865,9275,8977,9194,9148,9183,8938,8817,9094,9109,9150,9207,9083,9330,8898,9211,9166,9133,9235,9041,9140,8479,9180,9125
2870,9104,9119,9056,8826,9304,9239,9132,9114,9198,9030,9086,8912,9149,9087,9099,9064,9118,9206,9151,9184,9283,9161,9050,9195,8982,9077,9063,9210,9023,9266,8808,9131,8981,9118,9056,9059,9175,9145,8907,9145,9283,9040,9174,9042,9224,9169,9053,9257,9143,8990,8602,8882,8982,9257,9080,9078,9127,9021,9155,8996,9124,9082,9102,9086,9234,9012,8931,9253,9096,9063,9140,8681,8865,9275,8977,9194,9148,9183,8938,8817,9094,9109,9150,9207,9083,9330,8898,9211,9166,9133,9235,9041,9140,8479,9180,9125
2871,9104,9119,9056,8826,9304,9239,9132,9114,9198,9030,9086,8912,9149,9087,9099,9064,9118,9206,9151,9184,9283,9161,9050,9195,8982,9077,9063,9210,9023,9266,8808,9131,8981,9118,9056,9059,9175,9145,8907,9145,9283,9040,9174,9042,9224,9169,9053,9257,9143,8990,8602,8882,8982,9258,9080,9078,9127,9021,9155,8996,9124,9082,9102,9086,9234,9012,8931,9253,9096,9063,9140,8681,8865,9275,8977,9194,9148,9183,8938,8817,9094,9109,9150,9207,9083,9330,8898,9211,9166,9133,9235,9041,9140,8479,9180,9125
2872,9104,9119,9056,8826,9304,9239,9132,9114,9198,9030,9086,8912,9149,9087,9099,9064,9118,9206,9151,9184,9283,9161,9050,9195,8982,9077,9063,9210,9023,9266,8808,9131,8981,9118,9056,9059,9175,9145,8907,9145,9283,9040,9174,9042,9224,9169,9053,9257,9143,8990,8602,8882,8982,9258,9080,9078,9127,9021,9155,8996,9124,9082,9102,9086,9234,9012,8931,9253,9096,9063,9140,8681,8865,9275,8977,9194,9148,9183,8938,8817,9094,9109,9150,9207,9083,9330,8898,9211,9166,9133,9235,9041,9140,8479,9180,9125
2873,9104,9119,9056,8826,9304,9239,9132,9114,9198,9030,9086,8912,9149,9087,9099,9064,9118,9206,9151,9184,9283,9161,9050,9195,8982,9077,9063,9210,9023,9266,8808,9131,8981,9118,9056,9059,9175,9145,8907,9145,9283,9040,9174,9042,9224,9169,9053,9257,9143,8990,8602,8882,8982,9258,9080,9078,9127,9021,9155,8996,9124,9082,9102,9086,9234,9012,8931,9253,9096,9063,9140,8681,8865,9275,8977,9194,9148,9183,8939,8817,9094,9109,9150,9207,9083,9330,8898,9211,9166,9133,9235,9041,9140,8479,9180,9125
2874,9104,9119,9056,8826,9304,9239,9132,9114,9198,9030,9086,8912,9149,9087,9099,9064,9118,9206,9151,9184,9283,9161,9050,9195,8982,9077,9063,9210,9023,9266,8808,9131,8981,9118,9056,9059,9175,9145,8907,9145,9283,9040,9174,9042,9224,9169,9053,9257,9143,8990,8602,8882,8982,9258,9080,9078,9127,9021,9155,8996,9124,9082,9102,9086,9234,9012,8931,9253,9096,9063,9140,8681,8865,9275,8977,9194,9148,9183,8939,8817,9094,9109,9150,9207,9083,9330,8898,9211,9166,9133,9235,9041,9140,8479,9180,9125
2875,9104,9119,9056,8826,9304,9239,9132,9114,9198,9030,9086,8912,9149,9087,9099,9064,9118,9206,9151,9184,9283,9161,9050,9195,8982,9077,9063,9210,9023,9266,8808,9131,8981,9118,9056,9059,9175,9145,8907,9145,9283,9040,9174,9042,9224,9169,9053,9257,9143,8990,8602,8882,8982,9258,9080,9078,9127,9021,9155,8996,9124,9082,9102,9086,9234,9012,8931,9253,9096,9063,9140,8681,8865,9275,8977,9194,9148,9183,8939,8817,9094,9109,9150,9207,9083,9330,8898,9211,9166,9133,9235,9041,9140,8479,9180,9125
2876,9104,9119,9056,8826,9304,9239,9132,9114,9198,9030,9086,8912,9149,9087,9099,9064,9118,9206,9151,9184,9283,9161,9050,9195,8982,9077,9063,9210,9023,9266,8808,9131,8981,9118,9056,9059,9175,9145,8907,9145,9283,9040,9174,9042,9224,9169,9053,9257,9143,8990,8602,8882,8982,9258,9080,9078,9127,9021,9155,8996,9124,9082,9102,9086,9234,9012,8931,9253,9096,9063,9140,8681,8865,9275,8977,9194,9148,9183,8939,8817,9094,9109,9150,9207,9083,9330,8898,9211,9166,9133,9235,9041,9140,8479,9180,9125
2877,9104,9119,9056,8826,9304,9239,9132,9114,9198,9030,9086,8912,9149,9087,9099,9064,9118,9206,9151,9184,9283,9161,9050,9195,8982,9077,9063,9210,9023,9266,8808,9131,8981,9118,9056,9059,9175,9145,8907,9145,9283,9040,9174,9042,9224,9169,9053,9257,9143,8990,8602,8882,8982,9258,9080,9078,9127,9021,9155,8996,9124,9082,9102,9086,9234,9012,8931,9253,9096,9063,9140,8681,8865,9275,8977,9194,9148,9183,8939,8817,9094,9109,9150,9207,9083,9330,8898,9211,9166,9133,9235,9041,9140,8479,9180,9125
2878,9104,9119,9056,8826,9304,9239,9132,9114,9198,9030,9086,8912,9149,9087,9099,9064,9118,9206,9151,9184,9283,9161,9050,9195,8982,9077,9063,9210,9023,9266,8808,9131,8981,9118,9056,9059,9175,9145,8907,9145,9283,9040,9174,9042,9224,9169,9053,9257,9143,8990,8602,8882,8982,9258,9080,9078,9127,9021,9155,8996,9124,9082,9102,9086,9234,9012,8931,9253,9096,9063,9140,8681,8865,9275,8977,9194,9148,9183,8939,8817,9094,9109,9150,9207,9083,9330,8898,9211,9166,9133,9235,9041,9140,8479,9180,9125
2879,9104,9119,9056,8826,9304,9239,9132,9114,9198,9030,9086,8912,9149,9087,9099,9064,9118,9206,9151,9184,9283,9161,9050,9195,8982,9077,9063,9210,9023,9266,8808,9131,8981,9118,9056,9059,9175,9145,8907,9145,9283,9040,9174,9042,9224,9169,9053,9257,9143,8990,8602,8882,8982,9258,9080,9078,9127,9021,9155,8996,9124,9082,9102,9086,9234,9012,8931,9253,9096,9063,9140,8681,8865,9275,8977,9194,9148,9183,8939,8817,9094,9109,9150,9207,9083,9330,8898,9211,9166,9133,9235,9041,9140,8479,9180,9125
2880,9104,9119,9056,8826,9304,9239,9132,9114,9198,9030,9086,8912,9149,9087,9099,9064,9118,9206,9151,9184,9283,9161,9050,9195,8982,9077,9063,9210,9023,9266,8808,9131,8981,9118,9056,9059,9175,9145,8907,9145,9283,9040,9174,9042,9224,9169,9053,9257,9143,8990,8602,8882,8982,9258,9080,9078,9127,9021,9155,8996,9124,9082,9102,9086,9234,9012,8931,9253,9096,9063,9140,8681,8865,9275,8977,9194,9148,9183,8939,8817,9094,9109,9150,9207,9083,9330,8898,9211,9166,9133,9235,9041,9140,8479,9180,9125
2881,9104,9119,9056,8826,9304,9239,9132,9114,9198,9030,9086,8912,9149,9087,9099,9064,9118,9206,9151,9184,9283,9161,9050,9195,8982,9077,9063,9210,9023,9266,8808,9131,8981,9118,9056,9059,9175,9145,8907,9145,9283,9040,9174,9042,9224,9169,9053,9257,9143,8990,8602,8882,8982,9258,9080,9078,9127,9021,9155,8996,9124,9082,9102,9086,9234,9012,8931,9253,9096,9063,9140,8681,8865,9275,8977,9194,9148,9183,8939,8817,9094,9109,9150,9207,9083,9330,8898,9211,9166,9133,9235,9041,9140,8479,9180,9125
2882,9104,9119,9056,8826,9304,9239,9132,9114,9198,9030,9086,8912,9149,9087,9099,9064,9118,9206,9151,9184,9283,9161,9050,9195,8982,9077,9063,9210,9023,9266,8808,9131,8981,9118,9056,9059,9175,9145,8907,9145,9283,9040,9174,9042,9224,9169,9053,9257,9143,8990,8602,8882,8982,9258,9080,9078,9127,9021,9155,8996,9124,9082,9102,9086,9234,9012,8931,9253,9096,9063,9140,8681,8865,9275,8977,9194,9148,9183,8939,8817,9094,9109,9150,9207,9083,9330,8898,9211,9166,9133,9235,9041,9140,8479,9180,9125
2883,9104,9119,9056,8826,9304,9239,9132,9114,9198,9030,9086,8912,9149,9087,9099,9064,9118,9206,9151,9184,9283,9161,9050,9195,8982,9077,9063,9210,9023,9266,8808,9131,8981,9118,9056,9059,9175,9145,8907,9145,9283,9040,9174,9042,9224,9169,9053,9257,9143,8990,8602,8882,8982,9258,9080,9078,9127,9021,9155,8996,9124,9082,9102,9086,9234,9012,8931,9253,9096,9063,9140,8681,8865,9275,8977,9194,9148,9183,8939,8817,9094,9109,9150,9207,9083,9330,8898,9211,9166,9133,9235,9041,9140,8479,9180,9125
2884,9104,9119,9056,8826,9304,9239,9132,9114,9198,9030,9086,8912,9149,9087,9099,9064,9118,9206,9151,9184,9283,9161,9050,9195,8982,9077,9063,9210,9023,9266,8808,9131,8981,9118,9056,9059,9175,9145,8907,9145,9283,9040,9174,9042,9224,9169,9053,9257,9143,8990,8602,8882,8982,9258,9080,9078,9127,9021,9155,8996,9124,9082,9102,9086,9234,9012,8931,9253,9096,9063,9140,8681,8865,9275,8977,9194,9148,9183,8939,8817,9094,9109,9150,9207,9083,9330,8898,9211,9166,9133,9235,9041,9140,8479,9180,9125
2885,9104,9119,9056,8826,9304,9239,9132,9114,9198,9030,9086,8912,9149,9087,9099,9064,9118,9206,9151,9184,9283,9161,9050,9195,8982,9077,9063,9210,9023,9266,8808,9131,8981,9118,9056,9059,9175,9145,8907,9145,9283,9040,9174,9042,9224,9169,9053,9257,9143,8990,8602,8882,8982,9258,9080,9078,9127,9021,9155,8996,9124,9082,9102,9086,9234,9012,8931,9253,9096,9063,9140,8681,8865,9275,8977,9194,9148,9183,8939,8817,9094,9109,9150,9207,9083,9330,8898,9211,9166,9133,9235,9041,9140,8479,9180,9125
2886,9104,9119,9056,8826,9304,9239,9132,9114,9198,9030,9086,8912,9149,9087,9099,9064,9118,9206,9151,9184,9283,9161,9050,9195,8982,9077,9063,9210,9023,9266,8808,9131,8981,9118,9056,9059,9175,9145,8907,9145,9283,9040,9174,9042,9224,9169,9053,9257,9143,8990,8602,8882,8982,9258,9080,9078,9127,9021,9155,8996,9124,9082,9102,9086,9234,9012,8931,9253,9096,9063,9140,8681,8865,9275,8977,9194,9148,9183,8939,8817,9094,9109,9150,9207,9083,9330,8898,9211,9166,9133,9235,9041,9140,8479,9180,9125
2887,9104,9119,9056,8826,9304,9239,9132,9114,9198,9030,9086,8912,9149,9087,9099,9064,9118,9206,9151,9184,9283,9161,9050,9195,8982,9077,9063,9210,9023,9266,8808,9131,8981,9118,9056,9059,9175,9145,8907,9145,9283,9040,9174,9042,9224,9169,9053,9257,9143,8990,8602,8882,8982,9258,9080,9078,9127,9021,9155,8996,9124,9082,9102,9086,9234,9012,8931,9253,9096,9063,9140,8681,8865,9275,8977,9194,9148,9183,8939,8817,9094,9109,9150,9207,9083,9330,8898,9211,9166,9133,9235,9041,9140,8479,9180,9125
2888,9104,9119,9056,8826,9304,9239,9132,9114,9198,9030,9086,8912,9149,9087,9099,9064,9118,9206,9151,9184,9283,9161,9050,9195,8982,9077,9063,9210,9023,9266,8808,9131,8981,9118,9056,9059,9175,9145,8907,9145,9283,9040,9174,9042,9224,9169,9053,9257,9143,8990,8602,8882,8982,9258,9080,9078,9127,9021,9155,8996,9124,9082,9102,9086,9234,9012,8931,9253,9096,9063,9140,8681,8865,9275,8977,9194,9148,9183,8939,8817,9094,9109,9150,9207,9083,9330,8898,9211,9166,9133,9235,9041,9140,8479,9180,9125
2889,9104,9119,9056,8826,9304,9239,9132,9114,9198,9030,9086,8912,9149,9087,9099,9064,9118,9206,9151,9184,9283,9161,9050,9195,8982,9077,9063,9210,9023,9266,8808,9131,8981,9118,9056,9059,9175,9145,8907,9145,9283,9040,9174,9042,9224,9169,9053,9257,9143,8990,8602,8882,8982,9258,9080,9078,9127,9021,9155,8996,9124,9082,9102,9086,9234,9012,8931,9253,9096,9063,9140,8681,8865,9275,8977,9194,9148,9183,8939,8817,9094,9109,9150,9207,9083,9330,8898,9211,9166,9133,9235,9041,9140,8479,9180,9125
2890,9104,9119,9056,8826,9304,9239,9132,9114,9198,9031,9086,8912,9149,9087,9099,9064,9118,9206,9151,9184,9283,9161,9050,9195,8982,9077,9063,9210,9023,9266,8808,9131,8981,9118,9056,9059,9175,9145,8907,9145,9283,9040,9174,9042,9224,9169,9053,9257,9143,8990,8602,8882,8982,9258,9080,9078,9127,9021,9155,8996,9124,9082,9102,9086,9234,9012,8931,9253,9096,9063,9140,8681,8865,9275,8977,9194,9148,9183,8939,8817,9094,9109,9150,9207,9083,9330,8898,9211,9166,9133,9235,9041,9140,8479,9180,9125
2891,9104,9119,9056,8826,9304,9239,9132,9114,9198,9031,9086,8912,9149,9087,9099,9064,9118,9206,9151,9184,9283,9161,9050,9195,8982,9077,9063,9210,9023,9266,8808,9131,8981,9118,9056,9059,9175,9145,8907,9145,9283,9040,9174,9042,9224,9169,9053,9257,9143,8990,8602,8882,8982,9258,9080,9078,9127,9021,9155,8996,9124,9082,9102,9086,9234,9012,8931,9253,9096,9063,9140,8681,8865,9275,8977,9194,9148,9183,8939,8817,9094,9109,9150,9207,9083,9330,8898,9211,9166,9133,9235,9041,9140,8479,9180,9125
2892,9104,9119,9056,8826,9304,9239,9132,9114,9198,9031,9086,8912,9149,9087,9099,9064,9118,9206,9151,9184,9283,9161,9050,9195,8982,9077,9063,9210,9023,9266,8808,9131,8981,9118,9056,9059,9175,9145,8907,9145,9283,9040,9174,9042,9224,9169,9053,9257,9143,8990,8602,8882,8982,9258,9080,9078,9127,9021,9155,8996,9124,9082,9102,9086,9234,9012,8931,9253,9096,9063,9140,8681,8865,9275,8977,9194,9148,9183,8939,8817,9094,9109,9150,9207,9083,9330,8898,9211,9166,9133,9235,9041,9140,8479,9180,9125
2893,9104,9119,9056,8826,9304,9239,9132,9114,9198,9031,9086,8912,9149,9087,9099,9064,9118,9206,9151,9184,9283,9161,9050,9195,8982,9077,9063,9210,9023,9266,8808,9131,8981,9118,9056,9059,9175,9145,8907,9145,9283,9040,9174,9042,9224,9169,9053,9257,9143,8990,8602,8882,8982,9258,9080,9078,9127,9021,9155,8996,9124,9082,9102,9086,9234,9012,8931,9253,9096,9063,9140,8681,8865,9275,8977,9194,9148,9183,8939,8817,9094,9109,9150,9207,9083,9330,8898,9211,9166,9133,9235,9041,9140,8479,9180,9125
2894,9104,9119,9056,8826,9304,9239,9132,9114,9198,9031,9086,8912,9149,9087,9099,9064,9118,9206,9151,9184,9283,9161,9050,9195,8982,9077,9063,9210,9023,9266,8808,9131,8981,9118,9056,9059,9175,9145,8907,9145,9283,9040,9174,9042,9224,9169,9053,9257,9143,8990,8602,8882,8982,9258,9080,9078,9127,9021,9155,8996,9124,9082,9102,9086,9234,9012,8931,9253,9096,9063,9140,8681,8865,9275,8977,9194,9148,9183,8939,8817,9094,9109,9150,9207,9083,9330,8898,9211,9166,9133,9235,9041,9140,8479,9180,9125
2895,9104,9119,9056,8826,9304,9239,9132,9114,9198,9031,9086,8912,9149,9087,9099,9064,9118,9206,9151,9184,9283,9161,9050,9195,8982,9077,9063,9210,9023,9266,8808,9131,8981,9118,9056,9059,9175,9145,8907,9145,9283,9040,9174,9042,9224,9169,9053,9257,9143,8990,8602,8882,8982,9258,9080,9078,9127,9021,9155,8996,9124,9082,9102,9086,9234,9012,8931,9253,9096,9063,9140,8681,8865,9275,8977,9194,9148,9183,8939,8817,9094,9109,9150,9207,9083,9330,8898,9211,9166,9133,9235,9041,9140,8479,9180,9125
2896,9104,9119,9056,8826,9304,9239,9132,9114,9198,9031,9086,8912,9149,9087,9099,9064,9118,9206,9151,9184,9283,9161,9050,9195,8982,9077,9063,9210,9023,9266,8808,9131,8981,9118,9056,9059,9175,9145,8907,9145,9283,9040,9174,9042,9224,9169,9053,9257,9143,8990,8602,8882,8982,9258,9080,9078,9127,9021,9155,8996,9124,9082,9102,9086,9234,9012,8931,9253,9096,9063,9140,8681,8865,9275,8977,9194,9148,9183,8939,8817,9094,9109,9150,9207,9083,9330,8898,9211,9166,9133,9235,9041,9140,8479,9180,9125
2897,9104,9119,9056,8826,9304,9239,9132,9114,9198,9031,9086,8912,9149,9087,9099,9064,9118,9206,9151,9184,9283,9161,9050,9195,8982,9077,9063,9210,9023,9266,8808,9131,8981,9118,9056,9059,9175,9145,8907,9145,9283,9040,9174,9042,9224,9169,9053,9257,9143,8990,8602,8882,8982,9258,9080,9078,9127,9021,9155,8996,9124,9082,9102,9086,9234,9012,8931,9253,9096,9063,9140,8681,8865,9275,8977,9194,9148,9183,8939,8817,9094,9109,9150,9207,9083,9330,8898,9211,9166,9133,9235,9041,9140,8479,9180,9125
2898,9104,9119,9056,8826,9304,9239,9132,9114,9198,9031,9086,8912,9149,9087,9099,9064,9118,9206,9151,9184,9283,9161,9050,9195,8982,9077,9063,9210,9023,9266,8808,9131,8981,9118,9056,9059,9175,9145,8907,9145,9283,9040,9174,9042,9224,9169,9053,9257,9143,8990,8602,8882,8982,9258,9080,9078,9127,9021,9155,8996,9124,9082,9102,9086,9234,9012,8931,9253,9096,9063,9140,8681,8865,9275,8977,9194,9148,9183,8939,8817,9094,9110,9150,9207,9083,9330,8898,9211,9166,9133,9235,9041,9140,8479,9180,9125
2899,9104,9119,9056,8826,9304,9239,9132,9114,9198,9031,9086,8912,9149,9087,9099,9064,9118,9206,9151,9184,9283,9161,9050,9195,8982,9077,9063,9210,9023,9266,8808,9131,8981,9118,9056,9059,9175,9145,8907,9145,9283,9040,9174,9042,9224,9169,9053,9257,9143,8990,8602,8882,8982,9258,9080,9078,9127,9021,9155,8996,9124,9082,9102,9086,9234,9012,8931,9253,9096,9063,9140,8681,8865,9275,8977,9194,9148,9183,8939,8817,9094,9110,9150,9207,9083,9330,8898,9211,9166,9133,9235,9041,9140,8479,9180,9125
2900,9104,9119,9056,8826,9304,9239,9132,9114,9198,9031,9086,8912,9149,9087,9099,9064,9118,9206,9151,9184,9283,9161,9050,9195,8982,9077,9063,9210,9023,9266,8808,9131,8981,9118,9056,9059,9175,9145,8907,9145,9283,9040,9174,9042,9224,9169,9053,9257,9143,8990,8602,8882,8982,9258,9080,9078,9127,9021,9155,8996,9124,9082,9102,9086,9234,9012,8931,9253,9096,9063,9140,8681,8865,9275,8977,9194,9148,9183,8939,8817,9094,9110,9150,9207,9083,9330,8898,9211,9166,9133,9235,9041,9140,8479,9180,9125
2901,9104,9119,9056,8826,9304,9239,9132,9114,9198,9031,9086,8912,9149,9087,9099,9064,9118,9206,9151,9184,9283,9161,9050,9195,8982,9077,9063,9210,9023,9266,8808,9131,8981,9118,9056,9059,9175,9145,8907,9145,9283,9040,9174,9042,9224,9169,9053,9257,9143,8990,8602,8882,8982,9258,9080,9078,9127,9021,9155,8996,9124,9082,9102,9086,9234,9012,8931,9253,9096,9063,9140,8681,8865,9275,8977,9194,9148,9183,8939,8817,9094,9110,9150,9207,9083,9330,8898,9211,9166,9133,9235,9041,9140,8479,9180,9125
2902,9104,9119,9056,8826,9304,9239,9132,9114,9198,9031,9086,8912,9149,9087,9099,9064,9118,9206,9151,9184,9283,9161,9050,9195,8982,9077,9063,9210,9023,9266,8808,9131,8981,9118,9056,9059,9175,9145,8907,9145,9283,9040,9174,9042,9224,9169,9053,9257,9143,8990,8602,8882,8982,9258,9080,9078,9127,9021,9155,8996,9124,9082,9102,9086,9234,9012,8931,9253,9096,9063,9140,8681,8865,9275,8977,9194,9148,9183,8939,8817,9094,9110,9150,9207,9083,9330,8898,9211,9166,9133,9235,9041,9140,8479,9180,9125
2903,9104,9119,9056,8826,9304,9239,9132,9114,9198,9031,9086,8912,9149,9087,9099,9064,9118,9206,9151,9184,9283,9161,9050,9195,8982,9077,9063,9210,9023,9266,8808,9131,8981,9118,9056,9059,9175,9145,8907,9145,9283,9040,9174,9042,9224,9169,9053,9257,9143,8990,8602,8882,8982,9258,9080,9078,9127,9021,9155,8996,9124,9082,9102,9086,9234,9012,8931,9253,9096,9063,9140,8681,8865,9275,8977,9194,9148,9183,8939,8817,9094,9110,9150,9207,9083,9330,8898,9211,9166,9133,9235,9041,9140,8479,9180,9125
2904,9104,9119,9056,8826,9304,9239,9132,9114,9198,9031,9086,8912,9149,9087,9099,9064,9118,9206,9151,9184,9283,9161,9050,9195,8982,9077,9063,9210,9023,9266,8808,9131,8981,9118,9056,9059,9175,9145,8907,9145,9283,9040,9174,9042,9224,9169,9053,9257,9143,8990,8602,8882,8982,9258,9080,9078,9127,9021,9155,8996,9124,9082,9102,9086,9234,9012,8931,9253,9096,9063,9140,8681,8865,9275,8977,9194,9148,9183,8939,8817,9094,9110,9150,9207,9083,9330,8898,9211,9166,9133,9235,9041,9140,8479,9180,9125
2905,9104,9119,9056,8826,9304,9239,9132,9114,9198,9031,9086,8912,9149,9087,9099,9064,9118,9206,9151,9184,9283,9161,9050,9195,8982,9077,9063,9210,9023,9266,8808,9131,8981,9118,9056,9059,9175,9145,8907,9145,9283,9040,9174,9042,9224,9169,9053,9257,9143,8990,8602,8882,8982,9258,9080,9078,9127,9021,9155,8996,9124,9082,9102,9086,9234,9012,8931,9253,9096,9063,9140,8681,8865,9275,8977,9194,9148,9183,8939,8817,9094,9110,9150,9207,9083,9330,8898,9211,9166,9133,9235,9041,9140,8479,9180,9125
2906,9104,9119,9056,8826,9304,9239,9132,9114,9198,9031,9086,8912,9149,9087,9099,9064,9118,9206,9151,9184,9283,9161,9050,9195,8982,9077,9063,9210,9023,9266,8808,9131,8981,9118,9056,9059,9175,9145,8907,9145,9283,9040,9174,9042,9224,9169,9053,9257,9143,8990,8602,8882,8982,9258,9080,9078,9127,9021,9155,8996,9124,9082,9102,9086,9234,9012,8931,9253,9096,9063,9140,8681,8865,9275,8977,9194,9148,9183,8939,8817,9094,9110,9150,9207,9083,9330,8898,9211,9166,9133,9235,9041,9140,8479,9180,9125
2907,9104,9119,9056,8826,9304,9239,9132,9114,9198,9031,9086,8912,9149,9087,9099,9064,9118,9206,9151,9184,9283,9161,9050,9195,8982,9077,9063,9210,9023,9266,8808,9131,8981,9118,9056,9059,9175,9145,8907,9145,9283,9040,9174,9042,9224,9169,9053,9257,9143,8990,8602,8882,8982,9258,9080,9078,9127,9021,9155,8996,9124,9082,9102,9086,9234,9012,8931,9253,9096,9063,9140,8681,8865,9275,8977,9194,9148,9183,8939,8817,9094,9110,9150,9207,9083,9330,8898,9211,9166,9133,9235,9041,9140,8479,9180,9125
2908,9104,9119,9056,8826,9304,9239,9132,9114,9198,9031,9086,8912,9149,9087,9099,9064,9118,9206,9151,9184,9283,9161,9050,9195,8982,9077,9063,9210,9023,9266,8808,9131,8981,9118,9056,9059,9175,9145,8907,9145,9283,9040,9174,9042,9224,9169,9053,9257,9143,8990,8602,8882,8982,9258,9080,9078,9127,9021,9155,8996,9124,9082,9102,9086,9234,9012,8931,9253,9096,9063,9140,8681,8865,9275,8977,9194,9148,9183,8939,8817,9094,9110,9150,9207,9083,9330,8898,9211,9166,9133,9235,9041,9140,8479,9180,9125
2909,9104,9119,9056,8826,9304,9239,9132,9114,9198,9031,9086,8912,9149,9087,9099,9064,9118,9206,9151,9184,9283,9161,9050,9195,8982,9077,9063,9210,9023,9266,8808,9131,8981,9118,9056,9059,9175,9145,8907,9145,9283,9040,9174,9042,9224,9169,9053,9257,9143,8990,8602,8882,8982,9258,9080,9078,9127,9021,9155,8996,9124,9082,9102,9086,9234,9012,8931,9253,9096,9063,9140,8681,8865,9275,8977,9194,9148,9183,8939,8817,9094,9110,9150,9207,9083,9330,8898,9211,9166,9133,9235,9041,9140,8479,9180,9125
2910,9104,9119,9056,8826,9304,9239,9132,9114,9198,9031,9086,8912,9149,9087,9099,9064,9118,9206,9151,9184,9283,9161,9050,9195,8982,9077,9063,9210,9023,9266,8808,9131,8981,9118,9056,9059,9175,9145,8907,9145,9283,9040,9174,9042,9224,9169,9053,9257,9143,8990,8602,8882,8982,9258,9080,9078,9127,9021,9155,8996,9124,9082,9102,9086,9234,9012,8931,9253,9096,9063,9140,8681,8865,9275,8977,9194,9148,9183,8939,8817,9094,9110,9150,9207,9083,9330,8898,9211,9166,9133,9235,9041,9140,8479,9180,9125
2911,9104,9119,9056,8826,9304,9239,9132,9114,9198,9031,9086,8912,9149,9087,9099,9064,9118,9206,9151,9184,9283,9161,9050,9195,8982,9077,9063,9210,9023,9266,8808,9131,8981,9118,9056,9059,9175,9145,8907,9145,9283,9040,9174,9042,9224,9169,9053,9257,9143,8990,8602,8882,8982,9258,9080,9078,9127,9021,9155,8996,9124,9082,9102,9086,9234,9012,8931,9253,9096,9063,9140,8681,8865,9275,8977,9194,9148,9183,8939,8817,9094,9110,9150,9207,9083,9330,8898,9211,9166,9133,9235,9041,9140,8479,9180,9125
2912,9104,9119,9056,8826,9304,9239,9132,9114,9198,9031,9086,8912,9149,9087,9099,9064,9118,9206,9151,9184,9283,9161,9050,9195,8982,9077,9063,9210,9023,9266,8808,9131,8981,9118,9056,9059,9175,9145,8907,9145,9283,9040,9174,9042,9224,9169,9053,9257,9143,8990,8602,8882,8982,9258,9080,9078,9127,9021,9155,8996,9124,9082,9102,9086,9234,9012,8931,9253,9096,9063,9140,8681,8865,9275,8977,9194,9148,9183,8939,8817,9094,9110,9150,9207,9083,9330,8898,9211,9166,9133,9235,9041,9140,8479,9180,9125
2913,9104,9119,9056,8826,9304,9239,9132,9114,9198,9031,9086,8912,9149,9087,9099,9064,9118,9206,9151,9184,9283,9161,9050,9195,8982,9077,9063,9210,9023,9266,8808,9131,8981,9118,9056,9059,9175,9145,8907,9145,9283,9040,9174,9042,9224,9169,9053,9257,9143,8990,8602,8882,8982,9258,9080,9078,9127,9021,9155,8996,9124,9082,9102,9086,9234,9012,8931,9253,9096,9063,9140,8681,8865,9275,8977,9194,9148,9183,8939,8817,9094,9110,9150,9207,9083,9330,8898,9212,9166,9133,9235,9041,9140,8479,9180,9125
2914,9104,9119,9056,8826,9304,9239,9132,9114,9198,9031,9086,8912,9149,9087,9099,9064,9118,9206,9151,9184,9283,9161,9050,9195,8982,9077,9063,9210,9023,9266,8808,9131,8981,9118,9056,9059,9175,9145,8907,9145,9283,9040,9174,9042,9224,9169,9053,9257,9143,8990,8602,8882,8982,9258,9080,9078,9127,9021,9155,8996,9124,9082,9102,9086,9234,9012,8931,9253,9096,9063,9140,8681,8865,9276,8977,9194,9148,9183,8939,8817,9094,9110,9150,9207,9083,9330,8898,9212,9166,9133,9235,9041,9140,8479,9180,9125
2915,9104,9119,9056,8826,9304,9239,9132,9114,9198,9031,9086,8912,9149,9087,9099,9064,9118,9206,9151,9184,9283,9161,9050,9195,8982,9077,9063,9210,9023,9266,8808,9131,8981,9118,9056,9059,9175,9145,8907,9145,9283,9040,9174,9042,9224,9169,9053,9257,9143,8990,8602,8882,8982,9258,9080,9078,9127,9021,9155,8996,9124,9082,9102,9086,9234,9012,8931,9253,9096,9063,9140,8681,8865,9276,8977,9194,9148,9183,8939,8817,9094,9110,9150,9207,9083,9330,8898,9212,9166,9133,9235,9041,9140,8479,9180,9125
2916,9104,9119,9056,8826,9304,9239,9132,9114,9198,9031,9086,8912,9149,9087,9099,9064,9118,9206,9151,9184,9283,9161,9050,9195,8982,9077,9063,9210,9023,9266,8808,9131,8981,9118,9056,9059,9175,9145,8907,9145,9283,9040,9174,9042,9224,9169,9053,9257,9143,8990,8602,8882,8982,9258,9080,9078,9127,9021,9155,8996,9124,9082,9102,9086,9234,9012,8931,9253,9096,9063,9140,8681,8865,9276,8977,9194,9148,9183,8939,8817,9094,9110,9150,9207,9083,9330,8898,9212,9166,9133,9235,9041,9140,8479,9180,9125
2917,9104,9119,9056,8826,9304,9239,9132,9114,9198,9031,9086,8912,9149,9087,9099,9064,9118,9206,9151,9184,9283,9161,9050,9195,8982,9077,9063,9210,9023,9266,8808,9131,8981,9118,9056,9059,9175,9145,8907,9145,9283,9040,9174,9042,9224,9169,9053,9257,9143,8990,8602,8882,8982,9258,9080,9078,9127,9021,9155,8996,9124,9082,9102,9086,9234,9012,8931,9253,9096,9063,9140,8681,8865,9276,8977,9194,9148,9183,8939,8817,9094,9110,9150,9207,9083,9330,8898,9212,9166,9133,9235,9041,9140,8479,9180,9125
2918,9104,9119,9056,8826,9304,9239,9132,9114,9198,9031,9086,8912,9149,9087,9099,9064,9118,9206,9151,9184,9283,9161,9050,9195,8982,9077,9063,9210,9023,9266,8808,9131,8981,9118,9056,9059,9175,9145,8907,9145,9283,9040,9174,9042,9224,9169,9053,9257,9143,8990,8602,8882,8982,9258,9080,9078,9127,9021,9155,8996,9124,9082,9102,9086,9234,9012,8931,9253,9096,9063,9140,8681,8865,9276,8977,9194,9148,9183,8939,8817,9094,9110,9150,9207,9083,9330,8898,9212,9166,9133,9235,9041,9140,8479,9180,9125
2919,9104,9119,9056,8826,9304,9239,9132,9114,9198,9031,9086,8912,9149,9087,9099,9064,9118,9206,9151,9184,9283,9161,9050,9195,8982,9077,9063,9210,9023,9266,8808,9131,8981,9118,9056,9059,9175,9145,8907,9145,9283,9040,9174,9042,9224,9169,9053,9257,9143,8990,8602,8882,8982,9258,9080,9078,9127,9021,9155,8996,9124,9082,9102,9086,9234,9012,8931,9253,9096,9063,9140,8681,8865,9276,8977,9194,9148,9183,8939,8817,9094,9110,9150,9207,9083,9330,8898,9212,9166,9133,9235,9041,9140,8479,9180,9125
2920,9104,9119,9056,8826,9304,9239,9132,9114,9198,9031,9086,8912,9149,9087,9099,9064,9118,9206,9151,9184,9283,9161,9050,9195,8982,9077,9063,9210,9023,9266,8808,9131,8981,9118,9056,9059,9175,9145,8907,9145,9283,9040,9174,9042,9224,9169,9053,9257,9143,8990,8602,8882,8982,9258,9080,9078,9127,9021,9155,8996,9124,9082,9102,9086,9234,9012,8931,9253,9096,9063,9140,8681,8865,9276,8977,9194,9148,9183,8939,8817,9094,9110,9150,9207,9083,9330,8898,9212,9166,9133,9235,9041,9140,8479,9180,9125
2921,9104,9119,9056,8826,9304,9239,9132,9114,9198,9031,9086,8912,9149,9087,9099,9064,9118,9206,9151,9184,9283,9161,9050,9195,8982,9077,9063,9210,9023,9266,8808,9131,8981,9118,9056,9059,9175,9145,8907,9145,9283,9040,9174,9042,9224,9169,9053,9257,9143,8990,8602,8882,8982,9258,9080,9078,9127,9021,9155,8996,9124,9082,9102,9086,9234,9012,8931,9253,9096,9063,9140,8681,8865,9276,8977,9194,9148,9183,8939,8817,9094,9110,9150,9207,9083,9330,8898,9212,9166,9133,9235,9041,9140,8479,9180,9125
2922,9104,9119,9056,8826,9304,9239,9132,9114,9198,9031,9086,8912,9149,9087,9099,9064,9118,9206,9151,9184,9283,9161,9050,9195,8982,9077,9063,9210,9023,9266,8808,9131,8981,9118,9056,9059,9175,9145,8907,9145,9283,9040,9174,9042,9224,9169,9053,9257,9143,8990,8602,8882,8982,9258,9080,9078,9127,9021,9155,8996,9124,9082,9102,9086,9234,9012,8931,9253,9096,9063,9140,8681,8865,9276,8977,9194,9148,9183,8939,8817,9094,9110,9150,9207,9083,9330,8898,9212,9166,9133,9235,9041,9140,8479,9180,9125
2923,9104,9119,9056,8826,9304,9239,9132,9114,9198,9031,9086,8912,9149,9087,9099,9064,9118,9206,9151,9184,9283,9161,9050,9195,8982,9077,9063,9210,9023,9266,8808,9131,8981,9118,9056,9059,9175,9145,8907,9145,9283,9040,9174,9042,9224,9169,9053,9257,9143,8990,8602,8882,8982,9258,9080,9078,9127,9021,9155,8996,9124,9082,9102,9086,9234,9012,8931,9253,9096,9063,9140,8681,8865,9276,8977,9194,9148,9183,8939,8817,9094,9110,9150,9207,9083,9330,8898,9212,9166,9133,9235,9041,9140,8479,9180,9125
2924,9104,9119,9056,8826,9304,9239,9132,9114,9198,9031,9086,8912,9149,9087,9099,9064,9118,9206,9151,9184,9283,9161,9050,9195,8982,9077,9063,9210,9023,9266,8808,9131,8981,9118,9056,9059,9175,9145,8907,9145,9283,9040,9174,9042,9224,9169,9053,9257,9143,8990,8602,8882,8982,9258,9080,9078,9127,9021,9155,8996,9124,9082,9102,9086,9234,9012,8931,9253,9096,9063,9140,8681,8865,9276,8977,9194,9148,9183,8939,8817,9094,9110,9150,9207,9083,9330,8898,9212,9166,9133,9235,9041,9140,8479,9180,9125
2925,9104,9119,9056,8826,9304,9239,9132,9114,9198,9031,9086,8912,9149,9087,9100,9064,9118,9206,9151,9184,9283,9161,9050,9195,8982,9077,9063,9210,9023,9266,8808,9131,8981,9118,9056,9059,9175,9145,8907,9145,9283,9040,9174,9042,9224,9169,9053,9257,9143,8990,8602,8882,8982,9258,9080,9078,9127,9021,9155,8996,9124,9082,9102,9086,9234,9012,8931,9253,9096,9063,9140,8681,8865,9276,8977,9194,9148,9183,8939,8817,9094,9110,9150,9207,9083,9330,8898,9212,9166,9133,9235,9041,9140,8479,9180,9125
2926,9104,9119,9056,8826,9304,9239,9132,9114,9198,9031,9086,8912,9149,9087,9100,9064,9118,9206,9151,9184,9283,9161,9050,9195,8982,9077,9063,9210,9023,9266,8808,9131,8981,9118,9056,9059,9175,9145,8907,9145,9283,9040,9174,9042,9224,9169,9053,9257,9143,8990,8602,8882,8982,9258,9080,9078,9127,9021,9155,8996,9124,9082,9102,9086,9234,9012,8931,9253,9096,9063,9140,8681,8865,9276,8977,9194,9148,9183,8939,8817,9094,9110,9150,9207,9083,9330,8898,9212,9166,9133,9235,9041,9140,8479,9180,9125
2927,9104,9119,9056,8826,9304,9239,9132,9114,9198,9031,9086,8912,9149,9087,9100,9064,9118,9206,9151,9184,9283,9161,9050,9195,8982,9077,9063,9210,9023,9266,8808,9131,8981,9118,9056,9059,9175,9145,8907,9145,9283,9040,9174,9042,9224,9169,9053,9257,9143,8990,8602,8882,8982,9258,9080,9078,9127,9021,9155,8996,9124,9082,9102,9086,9234,9012,8931,9253,9096,9063,9140,8681,8865,9276,8977,9194,9148,9183,8939,8817,9094,9110,9150,9207,9083,9330,8898,9212,9166,9133,9235,9041,9140,8479,9180,9125
2928,9104,9119,9056,8826,9304,9239,9132,9114,9198,9031,9086,8912,9149,9087,9100,9064,9118,9206,9151,9184,9283,9161,9050,9195,8982,9077,9063,9210,9023,9266,8808,9131,8981,9118,9056,9059,9175,9145,8907,9145,9283,9040,9174,9042,9224,9169,9053,9257,9143,8990,8602,8882,8982,9258,9080,9078,9127,9021,9155,8996,9124,9082,9102,9086,9234,9012,8931,9253,9096,9063,9140,8681,8865,9276,8977,9194,9148,9183,8939,8817,9094,9110,9150,9207,9083,9330,8898,9212,9166,9133,9235,9041,9140,8479,9180,9125
2929,9104,9119,9056,8826,9304,9239,9132,9114,9198,9031,9086,8912,9149,9087,9100,9064,9118,9206,9151,9184,9283,9161,9050,9195,8982,9077,9063,9210,9023,9266,8808,9131,8981,9118,9056,9059,9175,9145,8907,9145,9283,9040,9174,9042,9224,9169,9053,9257,9143,8990,8602,8882,8982,9258,9080,9078,9127,9021,9155,8996,9124,9082,9102,9086,9234,9012,8931,9253,9096,9063,9140,8681,8865,9276,8977,9194,9148,9183,8939,8817,9094,9110,9150,9207,9083,9330,8898,9212,9166,9133,9235,9041,9140,8479,9180,9125
2930,9104,9119,9056,8826,9304,9239,9132,9114,9198,9031,9086,8912,9149,9087,9100,9064,9118,9206,9151,9184,9283,9161,9050,9195,8982,9077,9063,9210,9023,9266,8808,9131,8981,9118,9056,9059,9175,9145,8907,9145,9283,9040,9174,9042,9224,9169,9053,9257,9143,8990,8602,8882,8982,9258,9080,9078,9127,9021,9155,8996,9124,9082,9102,9086,9234,9012,8931,9253,9096,9063,9140,8681,8865,9276,8977,9194,9148,9183,8939,8817,9094,9110,9150,9207,9083,9330,8898,9212,9166,9133,9235,9041,9140,8479,9180,9125
2931,9104,9119,9056,8826,9304,9239,9132,9114,9198,9031,9086,8912,9149,9087,9100,9064,9118,9206,9151,9184,9283,9161,9050,9195,8982,9077,9063,9210,9023,9266,8808,9131,8981,9118,9056,9059,9175,9145,8907,9145,9283,9040,9174,9042,9224,9169,9053,9257,9143,8990,8602,8882,8982,9258,9080,9078,9127,9021,9155,8996,9124,9082,9102,9086,9234,9012,8931,9253,9096,9063,9140,8681,8865,9276,8977,9194,9148,9183,8939,8817,9094,9110,9150,9207,9083,9330,8898,9212,9166,9133,9235,9041,9140,8479,9180,9125
2932,9104,9119,9056,8826,9304,9239,9132,9114,9198,9031,9086,8912,9149,9087,9100,9064,9118,9206,9151,9184,9283,9161,9050,9195,8982,9077,9063,9210,9023,9266,8808,9131,8981,9118,9056,9059,9175,9145,8907,9145,9283,9040,9174,9042,9224,9169,9053,9257,9143,8990,8602,8882,8982,9258,9080,9078,9127,9021,9155,8996,9124,9082,9102,9086,9234,9012,8931,9253,9096,9063,9140,8681,8865,9276,8977,9194,9148,9183,8939,8817,9094,9110,9150,9207,9083,9330,8898,9212,9166,9133,9235,9041,9140,8479,9180,9125
2933,9104,9119,9056,8826,9304,9239,9132,9114,9198,9031,9086,8912,9149,9087,9100,9064,9118,9206,9151,9184,9283,9161,9050,9195,8982,9077,9063,9210,9023,9266,8808,9131,8981,9118,9056,9059,9175,9145,8907,9145,9283,9040,9174,9042,9224,9169,9053,9257,9143,8990,8602,8882,8982,9258,9080,9078,9127,9021,9155,8996,9124,9082,9102,9086,9234,9012,8931,9253,9096,9063,9140,8681,8865,9276,8977,9194,9148,9183,8939,8817,9094,9110,9150,9207,9083,9330,8898,9212,9166,9133,9235,9041,9140,8479,9180,9125
2934,9104,9119,9056,8826,9304,9239,9132,9114,9198,9031,9086,8912,9149,9087,9100,9064,9118,9206,9151,9184,9283,9161,9050,9195,8982,9077,9063,9210,9023,9266,8808,9131,8981,9118,9056,9059,9175,9145,8907,9145,9283,9040,9174,9042,9224,9169,9053,9257,9143,8990,8602,8882,8982,9258,9080,9078,9127,9021,9155,8996,9124,9082,9102,9086,9234,9012,8931,9253,9096,9063,9140,8681,8865,9276,8977,9194,9148,9183,8939,8817,9094,9110,9150,9207,9083,9330,8898,9212,9166,9133,9235,9041,9140,8479,9180,9125
2935,9104,9119,9056,8826,9304,9239,9132,9114,9198,9031,9086,8912,9149,9087,9100,9064,9118,9206,9151,9184,9283,9161,9050,9195,8982,9077,9063,9210,9023,9266,8808,9131,8981,9118,9056,9059,9175,9145,8907,9145,9283,9040,9174,9042,9224,9169,9053,9257,9143,8990,8602,8882,8982,9258,9080,9078,9127,9021,9155,8996,9124,9082,9102,9086,9234,9012,8931,9253,9096,9063,9140,8681,8865,9276,8977,9194,9148,9183,8939,8817,9094,9110,9150,9207,9083,9330,8898,9212,9166,9133,9235,9041,9140,8479,9180,9125
2936,9104,9119,9056,8826,9304,9239,9132,9114,9198,9031,9086,8912,9149,9087,9100,9064,9118,9206,9151,9184,9283,9161,9050,9195,8982,9077,9063,9210,9023,9266,8808,9131,8981,9118,9056,9059,9175,9145,8907,9145,9283,9040,9174,9042,9224,9169,9053,9257,9143,8990,8602,8882,8982,9258,9080,9078,9127,9021,9155,8996,9124,9082,9102,9086,9234,9012,8931,9253,9096,9063,9140,8681,8865,9276,8977,9194,9148,9183,8939,8817,9094,9110,9150,9207,9083,9330,8898,9212,9166,9133,9235,9041,9140,8479,9180,9125
2937,9104,9119,9056,8826,9304,9239,9132,9114,9198,9031,9086,8912,9149,9087,9100,9064,9118,9206,9151,9184,9283,9161,9050,9195,8982,9077,9063,9210,9023,9266,8808,9131,8981,9118,9056,9059,9175,9145,8907,9145,9283,9040,9174,9042,9224,9169,9053,9257,9143,8990,8602,8882,8982,9258,9080,9078,9127,9021,9155,8996,9124,9082,9102,9086,9234,9012,8931,9253,9096,9063,9140,8681,8865,9276,8977,9194,9148,9183,8939,8817,9094,9110,9150,9207,9083,9330,8898,9212,9166,9133,9235,9041,9140,8479,9180,9125
2938,9104,9119,9056,8826,9304,9239,9132,9114,9198,9031,9086,8912,9149,9087,9100,9064,9118,9206,9151,9184,9283,9161,9050,9195,8982,9077,9063,9210,9023,9266,8808,9131,8981,9118,9056,9059,9175,9145,8907,9145,9283,9040,9174,9042,9224,9169,9053,9257,9143,8990,8602,8882,8982,9258,9080,9078,9127,9021,9155,8996,9124,9082,9102,9086,9234,9012,8931,9253,9096,9063,9140,8681,8865,9276,8977,9194,9148,9183,8939,8817,9094,9110,9150,9207,9083,9330,8898,9212,9166,9133,9235,9041,9140,8479,9180,9125
2939,9104,9119,9056,8826,9304,9239,9132,9114,9198,9031,9086,8912,9149,9087,9100,9064,9118,9206,9151,9184,9283,9161,9050,9195,8982,9077,9063,9210,9023,9266,8808,9131,8981,9118,9056,9059,9175,9145,8907,9145,9283,9040,9174,9042,9224,9169,9053,9257,9143,8990,8602,8882,8982,9258,9080,9078,9127,9021,9155,8996,9124,9082,9102,9086,9234,9012,8931,9253,9096,9063,9140,8681,8865,9276,8977,9194,9148,9183,8939,8817,9094,9110,9150,9207,9083,9330,8898,9212,9166,9133,9235,9041,9140,8479,9180,9125
2940,9104,9119,9056,8826,9304,9239,9132,9114,9198,9031,9086,8912,9149,9087,9100,9064,9118,9206,9151,9184,9283,9161,9050,9195,8982,9077,9063,9210,9023,9266,8808,9131,8981,9118,9056,9059,9175,9145,8907,9145,9283,9040,9174,9042,9224,9169,9053,9257,9143,8990,8602,8882,8982,9258,9080,9078,9127,9021,9155,8996,9124,9082,9102,9086,9234,9012,8931,9253,9096,9063,9140,8681,8865,9276,8977,9194,9148,9183,8939,8817,9094,9110,9150,9207,9083,9330,8898,9212,9166,9133,9235,9041,9140,8479,9180,9125
2941,9104,9119,9056,8826,9304,9239,9132,9114,9198,9031,9086,8912,9149,9087,9100,9064,9118,9206,9151,9184,9283,9161,9050,9195,8982,9077,9063,9210,9023,9266,8808,9131,8981,9118,9056,9059,9175,9145,8907,9145,9283,9040,9174,9042,9224,9169,9053,9257,9143,8990,8602,8882,8982,9258,9080,9078,9127,9021,9155,8996,9124,9082,9102,9086,9234,9012,8931,9253,9096,9063,9140,8681,8865,9276,8977,9194,9148,9183,8939,8817,9094,9110,9150,9207,9083,9330,8898,9212,9166,9133,9235,9041,9140,8479,9180,9125
2942,9104,9119,9056,8826,9304,9239,9132,9114,9198,9031,9086,8912,9149,9087,9100,9064,9118,9206,9151,9184,9283,9161,9050,9195,8982,9077,9063,9210,9023,9266,8808,9131,8981,9118,9056,9059,9175,9145,8907,9145,9283,9040,9174,9042,9224,9169,9053,9257,9143,8990,8602,8882,8982,9258,9080,9078,9127,9021,9155,8996,9124,9082,9102,9086,9234,9012,8931,9253,9096,9063,9140,8681,8865,9276,8977,9194,9148,9183,8939,8817,9094,9110,9150,9207,9083,9330,8898,9212,9166,9133,9235,9041,9140,8479,9180,9125
2943,9104,9119,9056,8826,9304,9239,9132,9114,9198,9031,9086,8912,9149,9087,9100,9064,9118,9206,9151,9184,9283,9161,9050,9195,8982,9077,9063,9210,9023,9266,8808,9131,8981,9118,9056,9059,9175,9145,8907,9145,9283,9040,9174,9042,9224,9169,9053,9257,9143,8990,8602,8882,8982,9258,9080,9078,9127,9021,9155,8996,9124,9082,9102,9086,9234,9012,8931,9253,9096,9063,9140,8681,8865,9276,8977,9194,9148,9183,8939,8817,9094,9110,9150,9207,9083,9330,8898,9212,9166,9133,9235,9041,9140,8479,9180,9125
2944,9104,9119,9056,8826,9304,9239,9132,9114,9198,9031,9086,8912,9149,9087,9100,9064,9118,9206,9151,9184,9283,9161,9050,9195,8982,9077,9063,9210,9023,9266,8808,9131,8981,9118,9056,9059,9175,9145,8907,9145,9283,9040,9174,9042,9224,9169,9053,9257,9143,8990,8602,8882,8982,9258,9080,9078,9127,9021,9155,8996,9124,9082,9102,9086,9234,9012,8931,9253,9096,9063,9140,8681,8865,9276,8977,9194,9148,9183,8939,8817,9094,9110,9150,9207,9083,9330,8898,9212,9166,9133,9235,9041,9140,8479,9180,9125
2945,9104,9119,9056,8826,9304,9239,9132,9114,9198,9031,9086,8912,9149,9087,9100,9064,9118,9206,9151,9184,9283,9161,9050,9195,8982,9077,9063,9210,9023,9266,8808,9131,8981,9118,9056,9059,9175,9145,8907,9145,9283,9040,9174,9042,9224,9169,9053,9257,9143,8990,8602,8882,8982,9258,9080,9078,9127,9021,9155,8996,9124,9082,9102,9086,9234,9012,8931,9253,9096,9063,9140,8681,8865,9276,8977,9194,9148,9183,8939,8817,9094,9110,9150,9207,9083,9330,8898,9212,9166,9133,9235,9041,9140,8479,9180,9125
2946,9104,9119,9056,8826,9304,9239,9132,9114,9198,9031,9086,8912,9149,9087,9100,9064,9118,9206,9151,9184,9283,9161,9050,9195,8982,9077,9063,9210,9023,9266,8808,9131,8981,9118,9056,9059,9175,9145,8907,9145,9283,9040,9174,9042,9224,9169,9053,9257,9143,8990,8602,8882,8982,9258,9080,9078,9127,9021,9155,8996,9124,9082,9102,9086,9234,9012,8931,9253,9096,9063,9140,8681,8865,9276,8977,9194,9148,9183,8939,8817,9094,9110,9150,9207,9083,9330,8898,9212,9166,9133,9235,9041,9140,8479,9180,9125
2947,9104,9119,9056,8826,9304,9239,9132,9114,9198,9031,9086,8912,9149,9087,9100,9064,9118,9206,9151,9184,9283,9161,9050,9195,8982,9077,9063,9210,9023,9266,8808,9131,8981,9118,9056,9059,9175,9145,8907,9145,9283,9040,9174,9042,9224,9169,9053,9257,9143,8990,8602,8882,8982,9258,9080,9078,9127,9021,9155,8996,9124,9082,9102,9086,9234,9012,8931,9253,9096,9063,9140,8681,8865,9276,8977,9194,9148,9183,8939,8817,9094,9110,9150,9207,9083,9330,8898,9212,9166,9133,9235,9041,9140,8479,9180,9125
2948,9104,9119,9056,8826,9304,9239,9132,9114,9198,9031,9086,8912,9149,9087,9100,9064,9118,9206,9151,9184,9283,9161,9050,9195,8982,9077,9063,9210,9023,9266,8808,9131,8981,9118,9056,9059,9175,9145,8907,9145,9283,9040,9174,9042,9224,9169,9053,9257,9143,8990,8602,8882,8982,9258,9080,9078,9127,9021,9155,8996,9124,9082,9102,9086,9234,9012,8931,9253,9096,9063,9140,8681,8865,9276,8977,9194,9148,9183,8939,8817,9094,9110,9150,9207,9083,9330,8898,9212,9166,9133,9235,9041,9140,8479,9180,9125
2949,9104,9119,9056,8826,9304,9239,9132,9114,9198,9031,9086,8912,9149,9087,9100,9064,9118,9206,9151,9184,9283,9161,9050,9195,8982,9077,9063,9210,9023,9266,8808,9131,8981,9118,9056,9059,9175,9145,8907,9145,9283,9040,9174,9042,9224,9169,9053,9257,9143,8990,8602,8882,8982,9258,9080,9078,9127,9021,9155,8996,9124,9082,9102,9086,9234,9012,8931,9253,9096,9063,9140,8681,8865,9276,8977,9194,9148,9183,8939,8817,9094,9110,9150,9207,9083,9330,8898,9212,9166,9133,9235,9041,9140,8479,9180,9125
2950,9104,9119,9056,8826,9304,9239,9132,9114,9198,9031,9086,8912,9149,9087,9100,9064,9118,9206,9151,9184,9283,9161,9050,9195,8982,9077,9063,9210,9023,9266,8808,9131,8981,9118,9056,9059,9175,9145,8907,9145,9283,9040,9174,9042,9224,9169,9053,9257,9143,8990,8602,8882,8982,9258,9080,9078,9127,9021,9155,8996,9124,9082,9102,9086,9234,9012,8931,9253,9096,9063,9140,8681,8865,9276,8977,9194,9148,9183,8939,8817,9094,9110,9150,9207,9083,9330,8898,9212,9166,9133,9235,9041,9140,8479,9180,9125
2951,9104,9119,9056,8826,9304,9239,9132,9114,9198,9031,9086,8912,9149,9087,9100,9064,9118,9206,9151,9184,9283,9161,9050,9195,8982,9077,9063,9210,9023,9266,8808,9131,8981,9118,9056,9059,9175,9145,8907,9145,9283,9040,9174,9042,9224,9169,9053,9257,9143,8990,8602,8882,8982,9258,9080,9078,9127,9021,9155,8996,9124,9082,9102,9086,9234,9012,8931,9253,9096,9063,9140,8681,8865,9276,8977,9194,9148,9183,8939,8817,9094,9110,9150,9207,9083,9330,8898,9212,9166,9133,9235,9041,9140,8479,9180,9125
2952,9104,9119,9056,8826,9304,9239,9132,9114,9198,9031,9086,8912,9149,9087,9100,9064,9118,9206,9151,9184,9283,9161,9050,9195,8982,9077,9063,9210,9023,9266,8808,9131,8981,9118,9056,9059,9175,9145,8907,9145,9283,9040,9174,9042,9224,9169,9053,9257,9143,8990,8602,8882,8982,9258,9080,9078,9127,9021,9155,8996,9124,9082,9102,9086,9234,9012,8931,9253,9096,9063,9140,8681,8865,9276,8977,9194,9148,9183,8939,8817,9094,9110,9150,9207,9083,9330,8898,9212,9166,9133,9235,9041,9140,8479,9180,9125
2953,9104,9119,9056,8826,9304,9239,9132,9114,9198,9031,9086,8912,9149,9087,9100,9064,9118,9206,9151,9184,9283,9161,9050,9195,8982,9077,9063,9210,9023,9266,8808,9131,8981,9118,9056,9059,9175,9145,8907,9145,9283,9040,9174,9042,9224,9169,9053,9257,9143,8990,8602,8882,8982,9258,9080,9078,9127,9021,9155,8996,9124,9082,9102,9086,9234,9012,8931,9253,9096,9063,9140,8681,8865,9276,8977,9194,9148,9183,8939,8817,9094,9110,9150,9207,9083,9330,8898,9212,9166,9133,9235,9041,9140,8479,9180,9125
2954,9104,9119,9056,8826,9304,9239,9132,9114,9198,9031,9086,8912,9149,9087,9100,9064,9118,9206,9151,9184,9283,9161,9050,9195,8982,9077,9063,9210,9023,9266,8808,9131,8981,9118,9056,9059,9175,9145,8907,9145,9283,9040,9174,9042,9224,9169,9053,9257,9143,8990,8602,8882,8982,9258,9080,9078,9127,9021,9155,8996,9124,9082,9102,9086,9234,9012,8931,9253,9096,9063,9140,8681,8865,9276,8977,9194,9148,9183,8939,8817,9094,9110,9150,9207,9083,9330,8898,9212,9166,9133,9235,9041,9140,8479,9180,9125
2955,9104,9119,9056,8826,9304,9239,9132,9114,9198,9031,9086,8912,9149,9087,9100,9064,9118,9206,9151,9184,9283,9161,9050,9195,8982,9077,9063,9210,9023,9266,8808,9131,8981,9118,9056,9059,9175,9145,8907,9145,9283,9040,9174,9042,9224,9169,9053,9257,9143,8990,8602,8882,8982,9258,9080,9078,9127,9021,9155,8996,9124,9082,9102,9086,9234,9012,8931,9253,9096,9063,9140,8681,8865,9276,8977,9194,9148,9183,8939,8817,9094,9110,9150,9207,9083,9330,8898,9212,9166,9133,9235,9041,9140,8479,9180,9125
2956,9104,9119,9056,8826,9304,9239,9132,9114,9198,9031,9086,8912,9149,9087,9100,9064,9118,9206,9151,9184,9283,9161,9050,9195,8982,9077,9063,9210,9023,9266,8808,9131,8981,9118,9056,9059,9175,9145,8907,9145,9283,9040,9174,9042,9224,9169,9053,9257,9143,8990,8602,8882,8982,9258,9080,9078,9127,9021,9155,8996,9124,9082,9102,9086,9234,9012,8931,9253,9096,9063,9140,8681,8865,9276,8977,9194,9148,9183,8939,8817,9094,9110,9150,9207,9083,9330,8898,9212,9166,9133,9235,9041,9140,8479,9180,9125
2957,9104,9119,9056,8826,9304,9239,9132,9114,9198,9031,9086,8912,9149,9087,9100,9064,9118,9206,9151,9184,9283,9161,9050,9195,8982,9077,9063,9210,9023,9266,8808,9131,8981,9118,9056,9059,9175,9145,8907,9145,9283,9040,9174,9042,9224,9169,9053,9257,9143,8990,8602,8882,8982,9258,9080,9078,9127,9021,9155,8996,9124,9082,9102,9086,9234,9012,8931,9253,9096,9063,9140,8681,8865,9276,8977,9194,9148,9183,8939,8817,9094,9110,9150,9207,9083,9330,8898,9212,9166,9133,9235,9041,9140,8479,9180,9125
2958,9104,9119,9056,8826,9304,9239,9132,9114,9198,9031,9086,8912,9149,9087,9100,9064,9118,9206,9151,9184,9283,9161,9050,9195,8982,9077,9063,9210,9023,9266,8808,9131,8981,9118,9056,9059,9175,9145,8907,9145,9283,9040,9174,9042,9224,9169,9053,9257,9143,8990,8602,8882,8982,9258,9080,9078,9127,9021,9155,8996,9124,9082,9102,9086,9234,9012,8931,9253,9096,9063,9140,8681,8865,9276,8977,9194,9148,9183,8939,8817,9094,9110,9150,9207,9083,9330,8898,9212,9166,9133,9235,9041,9140,8479,9180,9125
2959,9104,9119,9056,8826,9304,9239,9132,9114,9198,9031,9086,8912,9149,9087,9100,9064,9118,9206,9151,9184,9283,9161,9050,9195,8982,9077,9063,9210,9023,9266,8808,9131,8981,9118,9056,9059,9175,9145,8907,9145,9284,9040,9174,9042,9224,9169,9053,9257,9143,8990,8602,8882,8982,9258,9080,9078,9127,9021,9155,8996,9124,9082,9102,9086,9234,9012,8931,9253,9096,9063,9140,8681,8865,9276,8977,9194,9148,9183,8939,8817,9094,9110,9150,9207,9083,9330,8898,9212,9166,9133,9235,9041,9140,8479,9180,9125
2960,9104,9119,9056,8826,9304,9239,9132,9114,9198,9031,9086,8912,9149,9087,9100,9064,9118,9206,9151,9184,9283,9161,9050,9195,8982,9077,9063,9210,9023,9266,8808,9131,8981,9118,9056,9059,9175,9145,8907,9145,9284,9040,9174,9042,9224,9169,9053,9257,9143,8990,8602,8882,8982,9258,9080,9078,9127,9021,9155,8996,9124,9082,9102,9086,9234,9012,8931,9253,9096,9063,9140,8681,8865,9276,8977,9194,9148,9183,8939,8817,9094,9110,9150,9207,9083,9330,8898,9212,9166,9133,9235,9041,9140,8479,9180,9125
2961,9104,9119,9056,8826,9304,9239,9132,9114,9198,9031,9086,8912,9149,9087,9100,9064,9118,9206,9151,9184,9283,9161,9050,9195,8982,9077,9063,9210,9023,9266,8808,9131,8981,9118,9056,9059,9175,9145,8907,9145,9284,9040,9174,9042,9224,9169,9053,9257,9143,8990,8602,8882,8982,9258,9080,9078,9127,9021,9155,8996,9124,9082,9102,9086,9234,9012,8931,9253,9096,9063,9140,8681,8865,9276,8977,9194,9148,9183,8939,8817,9094,9110,9150,9207,9083,9330,8898,9212,9166,9133,9235,9041,9140,8479,9180,9125
2962,9104,9119,9056,8826,9304,9239,9132,9114,9198,9031,9086,8913,9149,9087,9100,9064,9118,9206,9151,9184,9283,9161,9050,9195,8982,9077,9063,9210,9023,9266,8808,9131,8981,9118,9056,9059,9175,9145,8907,9145,9284,9040,9174,9042,9224,9169,9053,9257,9143,8990,8602,8882,8982,9258,9080,9078,9127,9021,9155,8996,9124,9082,9102,9086,9234,9012,8931,9253,9096,9063,9140,8681,8865,9276,8977,9194,9148,9183,8939,8817,9094,9110,9150,9207,9083,9330,8898,9212,9166,9133,9235,9041,9140,8479,9180,9125
2963,9104,9119,9056,8826,9304,9239,9132,9114,9198,9031,9086,8913,9149,9087,9100,9064,9118,9206,9151,9184,9283,9161,9050,9195,8982,9077,9063,9210,9023,9266,8808,9131,8981,9118,9056,9059,9175,9145,8907,9145,9284,9040,9174,9042,9224,9169,9053,9257,9143,8990,8602,8882,8982,9258,9080,9078,9127,9021,9155,8996,9124,9082,9102,9086,9234,9012,8931,9253,9096,9063,9140,8681,8865,9276,8977,9194,9148,9183,8939,8817,9094,9110,9150,9207,9083,9330,8898,9212,9166,9133,9235,9041,9140,8479,9180,9125
2964,9104,9119,9056,8826,9304,9239,9132,9114,9198,9031,9086,8913,9149,9087,9100,9064,9118,9206,9151,9184,9283,9161,9050,9195,8982,9077,9063,9210,9023,9266,8808,9131,8981,9118,9056,9059,9175,9145,8907,9145,9284,9040,9174,9042,9224,9169,9053,9257,9143,8990,8602,8882,8982,9258,9080,9078,9127,9021,9155,8996,9124,9082,9102,9086,9234,9012,8931,9253,9096,9063,9140,8681,8865,9276,8977,9194,9148,9183,8939,8817,9094,9110,9150,9207,9083,9330,8898,9212,9166,9133,9235,9041,9140,8479,9180,9125
2965,9104,9119,9056,8826,9304,9239,9132,9114,9198,9031,9086,8913,9149,9087,9100,9064,9118,9206,9151,9184,9283,9161,9050,9195,8982,9077,9063,9210,9023,9266,8808,9131,8981,9118,9056,9059,9175,9145,8907,9145,9284,9040,9174,9042,9224,9169,9053,9257,9143,8990,8602,8882,8982,9258,9080,9078,9127,9021,9155,8996,9124,9082,9102,9086,9234,9012,8931,9253,9096,9063,9140,8681,8865,9276,8977,9194,9148,9183,8939,8817,9094,9110,9150,9207,9083,9330,8898,9212,9166,9133,9235,9041,9140,8479,9180,9125
2966,9104,9119,9056,8826,9304,9239,9132,9114,9198,9031,9086,8913,9149,9087,9100,9064,9118,9206,9151,9184,9283,9161,9050,9195,8982,9077,9063,9210,9023,9266,8808,9131,8981,9118,9056,9059,9175,9145,8907,9145,9284,9040,9174,9042,9224,9169,9053,9257,9143,8990,8602,8882,8982,9258,9080,9078,9127,9021,9155,8996,9124,9082,9102,9086,9234,9012,8931,9253,9096,9063,9140,8681,8865,9276,8977,9194,9148,9183,8939,8817,9094,9110,9150,9207,9083,9330,8898,9212,9166,9133,9235,9041,9140,8479,9180,9125
2967,9104,9119,9056,8826,9304,9239,9132,9114,9198,9031,9086,8913,9149,9087,9100,9064,9118,9206,9151,9184,9283,9161,9050,9195,8982,9077,9063,9210,9023,9266,8808,9131,8981,9118,9056,9059,9175,9145,8907,9145,9284,9040,9174,9042,9224,9169,9053,9257,9143,8990,8602,8882,8982,9258,9080,9078,9127,9021,9155,8996,9124,9082,9102,9086,9234,9012,8931,9253,9096,9063,9140,8681,8865,9276,8977,9194,9148,9183,8939,8817,9094,9110,9150,9207,9083,9330,8898,9212,9166,9133,9235,9041,9140,8479,9180,9125
2968,9104,9119,9056,8826,9304,9239,9132,9114,9198,9031,9086,8913,9149,9087,9100,9064,9118,9206,9151,9184,9283,9161,9050,9195,8982,9077,9063,9210,9023,9266,8808,9131,8981,9118,9056,9059,9175,9145,8907,9145,9284,9040,9174,9042,9224,9169,9053,9257,9143,8990,8602,8882,8982,9258,9080,9078,9127,9021,9155,8996,9124,9082,9102,9086,9234,9012,8931,9253,9096,9063,9140,8681,8865,9276,8977,9194,9148,9183,8939,8817,9094,9110,9150,9207,9083,9330,8898,9212,9166,9133,9235,9041,9140,8479,9180,9125
2969,9104,9119,9056,8826,9304,9239,9132,9114,9198,9031,9086,8913,9149,9087,9100,9064,9118,9206,9151,9184,9283,9161,9050,9195,8982,9077,9063,9210,9023,9266,8808,9131,8981,9118,9056,9059,9175,9145,8907,9145,9284,9040,9174,9042,9224,9169,9053,9257,9143,8990,8602,8882,8982,9259,9080,9078,9127,9021,9155,8996,9124,9082,9102,9086,9234,9012,8931,9253,9096,9063,9140,8681,8865,9276,8977,9194,9148,9183,8939,8817,9094,9110,9150,9207,9083,9330,8898,9212,9166,9133,9235,9041,9140,8479,9180,9125
2970,9104,9119,9056,8826,9304,9239,9132,9114,9198,9031,9086,8913,9149,9087,9100,9064,9118,9206,9151,9184,9283,9161,9050,9195,8982,9077,9063,9210,9023,9266,8808,9131,8981,9118,9056,9059,9175,9145,8907,9145,9284,9040,9174,9042,9224,9169,9053,9257,9143,8990,8602,8882,8982,9259,9080,9078,9127,9021,9155,8996,9124,9082,9102,9086,9234,9012,8931,9253,9096,9063,9140,8681,8865,9276,8977,9194,9148,9183,8939,8817,9094,9110,9150,9207,9083,9330,8898,9212,9166,9133,9235,9041,9140,8479,9180,9125
2971,9104,9119,9056,8826,9304,9239,9132,9114,9198,9031,9086,8913,9149,9087,9100,9064,9118,9206,9151,9184,9283,9161,9050,9195,8982,9077,9063,9210,9023,9266,8808,9131,8981,9118,9056,9059,9175,9145,8907,9145,9284,9040,9174,9042,9224,9169,9053,9257,9143,8990,8602,8882,8982,9259,9080,9078,9127,9021,9155,8996,9124,9082,9102,9086,9234,9012,8931,9253,9096,9063,9140,8681,8865,9276,8977,9194,9148,9183,8939,8817,9094,9110,9150,9207,9083,9330,8898,9212,9166,9133,9235,9041,9140,8479,9180,9125
2972,9104,9119,9056,8826,9304,9239,9132,9114,9198,9031,9086,8913,9149,9087,9100,9064,9118,9206,9151,9184,9283,9161,9050,9195,8982,9077,9063,9210,9023,9266,8808,9131,8981,9118,9056,9059,9175,9145,8907,9145,9284,9040,9174,9042,9224,9169,9053,9257,9143,8990,8602,8882,8982,9259,9080,9078,9127,9021,9155,8996,9124,9082,9102,9086,9234,9012,8931,9253,9096,9063,9140,8681,8865,9276,8977,9194,9148,9183,8939,8817,9094,9110,9150,9207,9083,9330,8898,9212,9166,9133,9235,9041,9140,8479,9180,9125
2973,9104,9119,9056,8826,9304,9239,9132,9114,9198,9031,9086,8913,9149,9087,9100,9064,9118,9206,9151,9184,9283,9161,9050,9195,8982,9077,9063,9210,9023,9266,8808,9131,8981,9118,9056,9059,9175,9145,8907,9145,9284,9040,9174,9042,9224,9169,9053,9257,9143,8990,8602,8882,8982,9259,9080,9078,9127,9021,9155,8996,9124,9082,9102,9086,9234,9012,8931,9253,9096,9063,9140,8681,8865,9276,8977,9194,9148,9183,8939,8817,9094,9110,9150,9207,9083,9330,8898,9212,9166,9133,9235,9041,9140,8479,9180,9125
2974,9104,9119,9056,8826,9304,9239,9132,9114,9198,9031,9086,8913,9149,9087,9100,9064,9118,9206,9151,9184,9283,9161,9050,9195,8982,9077,9063,9210,9023,9266,8808,9131,8981,9118,9056,9059,9175,9145,8907,9145,9284,9040,9174,9042,9224,9169,9053,9257,9143,8990,8602,8882,8982,9259,9080,9078,9127,9021,9155,8996,9124,9082,9102,9086,9234,9012,8931,9253,9096,9063,9140,8681,8865,9276,8977,9194,9148,9183,8939,8817,9094,9110,9150,9207,9083,9330,8898,9212,9166,9133,9235,9041,9140,8479,9180,9125
2975,9104,9119,9056,8826,9304,9239,9132,9114,9198,9031,9086,8913,9149,9087,9100,9064,9118,9206,9151,9184,9283,9161,9050,9195,8982,9077,9063,9210,9023,9266,8808,9131,8981,9118,9056,9059,9175,9145,8907,9145,9284,9040,9174,9042,9224,9169,9053,9257,9143,8990,8602,8882,8982,9259,9080,9078,9127,9021,9155,8996,9124,9082,9102,9086,9234,9012,8931,9253,9096,9063,9140,8681,8865,9276,8977,9194,9148,9183,8939,8817,9094,9110,9150,9207,9083,9330,8898,9212,9166,9133,9235,9041,9140,8479,9180,9125
2976,9104,9119,9056,8826,9304,9239,9132,9114,9198,9031,9086,8913,9149,9087,9100,9064,9118,9206,9151,9184,9283,9161,9050,9195,8982,9077,9063,9210,9023,9266,8808,9131,8981,9118,9056,9059,9175,9145,8907,9145,9284,9040,9174,9042,9224,9169,9053,9257,9143,8990,8602,8882,8982,9259,9080,9078,9127,9021,9155,8996,9124,9082,9102,9086,9234,9012,8931,9253,9096,9063,9140,8681,8865,9276,8977,9194,9148,9183,8939,8817,9094,9110,9150,9207,9083,9330,8898,9212,9166,9133,9235,9041,9140,8479,9180,9125
2977,9104,9119,9056,8826,9304,9239,9132,9114,9198,9031,9086,8913,9149,9087,9100,9064,9118,9206,9151,9184,9283,9161,9050,9195,8982,9077,9063,9210,9023,9266,8808,9131,8981,9118,9056,9059,9175,9145,8907,9145,9284,9040,9174,9042,9224,9169,9053,9257,9143,8990,8602,8882,8982,9259,9080,9078,9127,9021,9155,8996,9124,9082,9102,9086,9234,9012,8931,9253,9096,9063,9140,8681,8865,9276,8977,9194,9148,9183,8939,8817,9094,9110,9150,9207,9083,9330,8898,9212,9166,9133,9235,9041,9140,8479,9180,9125
2978,9104,9119,9056,8826,9304,9239,9132,9114,9198,9031,9086,8913,9149,9087,9100,9064,9118,9206,9151,9184,9283,9161,9050,9195,8982,9077,9063,9210,9023,9266,8808,9131,8981,9118,9056,9059,9175,9145,8907,9145,9284,9040,9174,9042,9224,9169,9053,9257,9143,8990,8602,8882,8982,9259,9080,9078,9127,9021,9155,8996,9124,9082,9102,9086,9234,9012,8931,9253,9096,9063,9140,8681,8865,9276,8977,9194,9148,9183,8939,8817,9094,9110,9150,9207,9083,9330,8898,9212,9166,9133,9235,9041,9140,8479,9180,9125
2979,9104,9119,9056,8826,9304,9239,9132,9114,9198,9031,9086,8913,9149,9087,9100,9064,9118,9206,9151,9184,9283,9161,9050,9195,8982,9077,9063,9210,9023,9266,8808,9131,8981,9118,9056,9059,9175,9145,8907,9145,9284,9040,9174,9042,9224,9169,9053,9257,9143,8990,8602,8882,8982,9259,9080,9078,9127,9021,9155,8996,9124,9082,9102,9086,9234,9012,8931,9253,9096,9063,9140,8681,8865,9276,8977,9194,9148,9183,8939,8817,9094,9110,9150,9207,9083,9330,8898,9212,9166,9133,9235,9041,9140,8479,9180,9125
2980,9104,9119,9056,8826,9304,9239,9132,9114,9198,9031,9086,8913,9149,9087,9100,9064,9118,9206,9151,9184,9283,9161,9050,9195,8982,9077,9063,9210,9023,9266,8808,9131,8981,9118,9056,9059,9175,9145,8907,9145,9284,9040,9174,9042,9224,9169,9053,9257,9143,8990,8602,8882,8982,9259,9080,9078,9127,9021,9155,8996,9124,9082,9102,9086,9234,9012,8931,9253,9096,9063,9140,8681,8865,9276,8977,9194,9148,9183,8939,8817,9094,9110,9150,9207,9083,9330,8898,9212,9166,9133,9235,9041,9140,8479,9180,9125
2981,9104,9119,9056,8826,9304,9239,9132,9114,9198,9031,9086,8913,9149,9087,9100,9064,9118,9206,9151,9184,9283,9161,9050,9195,8982,9077,9063,9210,9023,9266,8808,9131,8981,9118,9056,9059,9175,9145,8907,9145,9284,9040,9174,9042,9224,9169,9053,9257,9143,8990,8602,8882,8982,9259,9080,9078,9127,9021,9155,8996,9124,9082,9102,9086,9234,9012,8931,9253,9096,9063,9140,8681,8865,9276,8977,9194,9148,9183,8939,8817,9094,9110,9150,9207,9083,9330,8898,9212,9166,9133,9235,9041,9140,8479,9180,9125
2982,9104,9119,9056,8826,9304,9239,9132,9114,9198,9031,9086,8913,9149,9087,9100,9064,9118,9206,9151,9184,9283,9161,9050,9195,8982,9077,9063,9210,9023,9266,8808,9131,8981,9118,9056,9059,9175,9145,8907,9145,9284,9040,9174,9042,9224,9169,9053,9257,9143,8990,8602,8882,8982,9259,9080,9078,9127,9021,9155,8996,9124,9082,9102,9086,9234,9012,8931,9253,9096,9063,9140,8681,8865,9276,8977,9194,9148,9183,8939,8817,9094,9110,9150,9207,9083,9330,8898,9212,9166,9133,9235,9041,9140,8479,9180,9125
2983,9104,9119,9056,8826,9304,9239,9132,9114,9198,9031,9086,8913,9149,9087,9100,9064,9118,9206,9151,9184,9283,9161,9050,9195,8982,9077,9063,9210,9023,9266,8808,9131,8981,9118,9056,9059,9175,9145,8907,9145,9284,9040,9174,9042,9224,9169,9053,9257,9143,8990,8602,8882,8982,9259,9080,9078,9127,9021,9155,8996,9124,9082,9102,9086,9234,9012,8931,9253,9096,9063,9140,8681,8865,9276,8977,9194,9148,9183,8939,8817,9094,9110,9150,9207,9083,9330,8898,9212,9166,9133,9235,9041,9140,8479,9180,9125
2984,9104,9119,9056,8826,9304,9239,9132,9114,9198,9031,9086,8913,9149,9087,9100,9064,9118,9206,9151,9184,9283,9161,9050,9195,8982,9077,9063,9210,9023,9266,8808,9131,8981,9118,9056,9059,9175,9145,8907,9145,9284,9040,9174,9042,9224,9169,9053,9257,9143,8990,8602,8882,8982,9259,9080,9078,9127,9021,9155,8996,9124,9082,9102,9086,9234,9012,8931,9253,9096,9063,9140,8681,8865,9276,8977,9194,9148,9183,8939,8817,9094,9110,9150,9207,9083,9330,8898,9212,9166,9133,9235,9041,9140,8479,9180,9125
2985,9104,9119,9056,8826,9304,9239,9132,9114,9198,9031,9086,8914,9149,9087,9100,9064,9118,9206,9151,9184,9283,9161,9050,9195,8982,9077,9063,9210,9023,9266,8808,9131,8981,9118,9056,9059,9175,9145,8907,9145,9284,9040,9174,9042,9224,9169,9053,9257,9143,8990,8602,8882,8982,9259,9080,9078,9127,9021,9155,8996,9124,9082,9102,9086,9234,9012,8931,9253,9096,9063,9140,8681,8865,9276,8977,9194,9148,9183,8939,8817,9094,9110,9150,9207,9083,9330,8898,9212,9166,9133,9235,9041,9140,8479,9180,9125
2986,9104,9119,9056,8826,9304,9239,9132,9114,9198,9031,9086,8914,9149,9087,9100,9064,9118,9206,9151,9184,9284,9161,9050,9195,8982,9077,9063,9210,9023,9266,8808,9131,8981,9118,9056,9059,9175,9145,8907,9145,9284,9040,9174,9042,9224,9169,9053,9257,9143,8990,8602,8882,8982,9259,9080,9078,9127,9021,9155,8996,9124,9082,9102,9086,9234,9012,8931,9253,9096,9063,9140,8681,8865,9276,8977,9194,9148,9183,8939,8817,9094,9110,9150,9207,9083,9330,8898,9212,9166,9133,9235,9041,9140,8479,9180,9125
2987,9104,9119,9056,8826,9304,9239,9132,9114,9198,9031,9086,8914,9149,9087,9100,9064,9118,9206,9151,9184,9284,9161,9050,9195,8982,9077,9063,9210,9023,9266,8808,9131,8981,9118,9056,9059,9175,9145,8907,9145,9284,9040,9174,9042,9224,9169,9053,9257,9143,8990,8602,8882,8982,9259,9080,9078,9127,9021,9155,8996,9124,9082,9102,9086,9234,9012,8931,9253,9096,9063,9140,8681,8865,9276,8977,9194,9148,9183,8939,8817,9094,9110,9150,9207,9083,9330,8898,9212,9166,9133,9235,9041,9140,8479,9180,9125
2988,9104,9119,9056,8826,9304,9239,9132,9114,9198,9031,9086,8914,9149,9087,9100,9064,9118,9206,9151,9184,9284,9161,9050,9195,8982,9077,9063,9210,9023,9266,8808,9131,8981,9118,9056,9059,9175,9145,8907,9145,9284,9040,9174,9042,9224,9169,9053,9257,9143,8990,8602,8882,8982,9259,9080,9078,9127,9021,9155,8996,9124,9082,9102,9086,9234,9012,8931,9253,9096,9063,9140,8681,8865,9276,8977,9194,9148,9183,8939,8817,9094,9110,9150,9207,9083,9330,8898,9212,9166,9133,9235,9041,9140,8479,9180,9125
2989,9104,9119,9056,8826,9304,9239,9132,9114,9198,9031,9086,8914,9149,9087,9100,9064,9118,9206,9151,9184,9284,9161,9050,9195,8982,9077,9063,9210,9023,9266,8808,9131,8981,9118,9056,9059,9175,9145,8907,9145,9284,9040,9174,9042,9224,9169,9053,9257,9143,8990,8602,8882,8982,9259,9080,9078,9127,9021,9155,8996,9124,9082,9102,9086,9234,9012,8931,9253,9096,9063,9140,8681,8865,9276,8977,9194,9148,9183,8939,8817,9094,9110,9150,9207,9083,9330,8898,9212,9166,9133,9235,9041,9140,8479,9180,9125
2990,9104,9119,9056,8826,9304,9239,9132,9114,9198,9031,9086,8914,9149,9087,9100,9064,9118,9206,9151,9184,9284,9161,9050,9195,8982,9077,9063,9210,9023,9266,8808,9131,8981,9118,9056,9059,9175,9145,8907,9145,9284,9040,9174,9042,9224,9169,9053,9257,9143,8990,8602,8882,8982,9259,9080,9078,9127,9021,9155,8996,9124,9082,9102,9086,9234,9012,8931,9253,9096,9063,9140,8681,8865,9276,8977,9194,9148,9183,8939,8817,9094,9110,9150,9207,9083,9330,8898,9212,9166,9133,9235,9041,9140,8479,9180,9125
2991,9104,9119,9056,8826,9304,9239,9132,9114,9198,9031,9086,8914,9149,9087,9100,9064,9118,9206,9151,9184,9284,9161,9050,9195,8982,9077,9063,9210,9023,9266,8808,9131,8981,9118,9056,9059,9175,9145,8907,9145,9284,9040,9174,9042,9224,9169,9053,9257,9143,8990,8602,8882,8982,9259,9080,9078,9127,9021,9155,8996,9124,9082,9102,9086,9234,9012,8931,9253,9096,9063,9140,8681,8865,9276,8977,9194,9148,9183,8939,8817,9094,9110,9150,9207,9083,9330,8898,9212,9166,9133,9235,9041,9140,8479,9180,9125
2992,9104,9119,9056,8826,9304,9239,9132,9114,9198,9031,9086,8914,9149,9087,9100,9064,9118,9206,9151,9184,9284,9161,9050,9195,8982,9077,9063,9210,9023,9266,8808,9131,8981,9118,9056,9059,9175,9145,8907,9145,9284,9040,9174,9042,9224,9169,9053,9257,9143,8990,8602,8882,8982,9259,9080,9078,9127,9021,9155,8996,9124,9082,9102,9086,9234,9012,8931,9253,9096,9063,9140,8681,8865,9276,8977,9194,9148,9183,8939,8817,9094,9110,9150,9207,9083,9330,8898,9212,9166,9133,9235,9041,9140,8479,9180,9125
2993,9104,9119,9056,8826,9304,9239,9132,9114,9198,9031,9086,8914,9149,9087,9100,9064,9118,9206,9151,9184,9284,9161,9050,9195,8982,9077,9063,9210,9023,9266,8808,9131,8981,9118,9056,9059,9175,9145,8907,9145,9284,9040,9174,9042,9224,9169,9053,9257,9143,8990,8602,8882,8982,9259,9080,9078,9127,9021,9155,8996,9124,9082,9102,9086,9234,9012,8931,9253,9096,9063,9140,8681,8865,9276,8977,9194,9148,9183,8939,8817,9094,9110,9150,9207,9083,9330,8898,9212,9166,9133,9235,9041,9140,8479,9180,9125
2994,9104,9119,9056,8826,9304,9239,9132,9114,9198,9031,9086,8914,9149,9087,9100,9064,9118,9206,9151,9184,9284,9161,9050,9195,8982,9077,9063,9210,9023,9266,8808,9131,8981,9118,9056,9059,9175,9145,8907,9145,9284,9040,9174,9042,9224,9169,9053,9257,9143,8990,8602,8882,8982,9259,9080,9078,9127,9021,9155,8996,9124,9082,9102,9086,9234,9012,8931,9253,9096,9063,9140,8681,8865,9276,8977,9194,9148,9183,8939,8817,9094,9110,9150,9207,9083,9330,8898,9212,9166,9133,9235,9041,9140,8479,9180,9125
2995,9104,9119,9056,8826,9304,9239,9132,9114,9198,9031,9086,8914,9149,9087,9100,9064,9118,9206,9151,9184,9284,9161,9050,9195,8982,9077,9063,9210,9023,9266,8808,9131,8981,9118,9056,9059,9175,9145,8907,9145,9284,9040,9174,9042,9224,9169,9053,9257,9143,8990,8602,8882,8982,9259,9080,9078,9127,9021,9155,8996,9124,9082,9102,9086,9234,9012,8931,9253,9096,9063,9140,8681,8865,9276,8977,9194,9148,9183,8939,8817,9094,9110,9150,9207,9083,9330,8898,9212,9166,9133,9235,9041,9140,8479,9180,9125
2996,9104,9119,9056,8826,9304,9239,9132,9114,9198,9031,9086,8914,9149,9087,9100,9064,9118,9206,9151,9184,9284,9161,9050,9195,8982,9077,9063,9210,9023,9266,8808,9131,8981,9118,9056,9059,9175,9145,8907,9145,9284,9040,9174,9042,9224,9169,9053,9257,9143,8990,8602,8882,8982,9259,9080,9078,9127,9021,9155,8996,9124,9082,9102,9086,9234,9012,8931,9253,9096,9063,9140,8681,8865,9276,8977,9194,9148,9183,8939,8817,9094,9110,9150,9207,9083,9330,8898,9212,9166,9133,9235,9041,9140,8479,9180,9125
2997,9104,9119,9056,8826,9304,9239,9132,9114,9198,9031,9086,8914,9149,9087,9100,9064,9118,9206,9151,9184,9284,9161,9050,9195,8982,9077,9063,9210,9023,9266,8808,9131,8981,9118,9056,9059,9175,9145,8907,9145,9284,9040,9174,9042,9224,9169,9053,9257,9143,8990,8602,8882,8982,9259,9080,9078,9127,9021,9155,8996,9124,9082,9102,9086,9234,9012,8931,9253,9096,9063,9140,8681,8865,9276,8977,9194,9148,9183,8939,8817,9094,9110,9150,9207,9083,9330,8898,9212,9166,9133,9235,9041,9140,8479,9180,9125
2998,9104,9119,9056,8826,9304,9239,9132,9114,9198,9031,9086,8914,9149,9087,9100,9064,9118,9206,9151,9184,9284,9161,9050,9195,8982,9077,9063,9210,9023,9266,8808,9131,8981,9118,9056,9059,9175,9145,8907,9145,9284,9040,9174,9042,9224,9169,9053,9257,9143,8990,8602,8882,8982,9259,9080,9078,9127,9021,9155,8996,9124,9082,9102,9086,9234,9012,8931,9253,9096,9063,9140,8681,8865,9276,8977,9194,9148,9183,8939,8817,9094,9110,9150,9207,9083,9330,8898,9212,9166,9133,9235,9041,9140,8479,9180,9125
2999,9104,9119,9056,8826,9304,9239,9132,9114,9198,9031,9086,8914,9149,9087,9100,9064,9118,9206,9151,9184,9284,9161,9050,9195,8982,9077,9063,9210,9023,9266,8808,9131,8981,9118,9056,9059,9175,9145,8907,9145,9284,9040,9174,9042,9224,9169,9053,9257,9143,8990,8602,8882,8982,9259,9080,9078,9127,9021,9155,8996,9124,9082,9102,9086,9234,9012,8931,9253,9096,9063,9140,8681,8865,9276,8977,9194,9148,9183,8939,8817,9094,9110,9150,9207,9083,9330,8898,9212,9166,9133,9235,9041,9140,8479,9180,9125
3000,9104,9119,9056,8826,9304,9239,9132,9114,9198,9031,9086,8914,9149,9087,9100,9064,9118,9206,9151,9184,9284,9161,9050,9195,8982,9077,9063,9210,9023,9266,8808,9131,8981,9118,9056,9059,9175,9145,8907,9145,9284,9040,9174,9042,9224,9169,9053,9257,9143,8990,8602,8882,8982,9259,9080,9078,9127,9021,9155,8996,9124,9082,9102,9086,9234,9012,8931,9253,9096,9063,9140,8681,8865,9276,8977,9194,9148,9183,8939,8817,9094,9110,9150,9207,9083,9330,8898,9212,9166,9133,9235,9041,9140,8479,9180,9125
3001,9104,9119,9056,8826,9304,9239,9132,9114,9198,9031,9086,8914,9149,9087,9100,9064,9118,9206,9151,9184,9284,9161,9050,9195,8982,9077,9063,9210,9023,9266,8808,9131,8981,9118,9056,9059,9175,9145,8907,9145,9284,9040,9174,9042,9224,9169,9053,9257,9143,8990,8602,8882,8982,9259,9080,9078,9127,9021,9155,8996,9124,9082,9102,9086,9234,9012,8931,9253,9096,9063,9140,8681,8865,9276,8977,9194,9148,9183,8939,8817,9094,9110,9150,9207,9083,9330,8898,9212,9166,9133,9235,9041,9140,8479,9180,9125
3002,9104,9119,9056,8826,9304,9239,9132,9114,9198,9031,9086,8914,9149,9087,9100,9064,9118,9206,9151,9184,9284,9161,9050,9195,8982,9077,9063,9210,9023,9266,8808,9131,8981,9118,9056,9059,9175,9145,8907,9145,9284,9040,9174,9042,9224,9169,9053,9257,9143,8990,8602,8882,8982,9259,9080,9078,9127,9021,9155,8996,9124,9082,9102,9086,9234,9012,8931,9253,9096,9063,9140,8681,8865,9276,8977,9194,9148,9183,8939,8817,9094,9110,9150,9207,9083,9330,8898,9212,9166,9133,9235,9041,9140,8479,9180,9125
3003,9104,9119,9056,8826,9304,9239,9132,9114,9198,9031,9086,8914,9149,9087,9100,9064,9118,9206,9151,9184,9284,9161,9050,9195,8982,9077,9063,9210,9023,9266,8808,9131,8981,9118,9056,9059,9175,9145,8907,9145,9284,9040,9174,9042,9224,9169,9053,9257,9143,8990,8602,8882,8982,9259,9080,9078,9127,9021,9155,8996,9124,9082,9102,9086,9234,9012,8931,9253,9096,9063,9140,8681,8865,9276,8977,9194,9148,9183,8939,8817,9094,9110,9150,9207,9083,9330,8898,9212,9166,9133,9235,9041,9140,8479,9180,9125
3004,9104,9119,9056,8826,9304,9239,9132,9114,9198,9031,9086,8914,9149,9087,9100,9064,9118,9206,9151,9184,9284,9161,9050,9195,8982,9077,9063,9210,9023,9266,8808,9131,8981,9118,9056,9059,9175,9145,8907,9145,9284,9040,9174,9042,9224,9169,9053,9257,9143,8990,8602,8882,8982,9259,9080,9078,9127,9021,9155,8996,9124,9082,9102,9086,9234,9012,8931,9253,9096,9063,9140,8681,8865,9276,8977,9194,9148,9183,8939,8817,9094,9110,9150,9207,9083,9330,8898,9212,9166,9133,9235,9041,9140,8479,9180,9125
3005,9104,9119,9056,8826,9304,9239,9132,9114,9198,9031,9086,8914,9149,9087,9100,9064,9118,9206,9151,9184,9284,9161,9050,9195,8982,9077,9063,9210,9023,9266,8808,9131,8981,9118,9056,9059,9175,9145,8907,9145,9284,9040,9174,9042,9224,9169,9053,9257,9143,8990,8602,8882,8982,9259,9080,9078,9127,9021,9155,8996,9124,9082,9102,9086,9234,9012,8931,9253,9096,9063,9140,8681,8865,9276,8977,9194,9148,9183,8939,8817,9094,9110,9150,9207,9083,9330,8898,9212,9166,9133,9235,9041,9140,8479,9180,9125
3006,9104,9119,9056,8826,9304,9239,9132,9114,9198,9031,9086,8914,9149,9087,9100,9064,9118,9206,9151,9184,9284,9161,9050,9195,8982,9077,9063,9210,9023,9266,8808,9131,8981,9118,9056,9059,9175,9145,8907,9145,9284,9040,9174,9042,9224,9169,9053,9257,9143,8990,8602,8882,8982,9259,9080,9078,9127,9021,9155,8996,9124,9082,9102,9086,9234,9012,8931,9253,9096,9063,9140,8681,8865,9276,8977,9194,9148,9183,8939,8817,9094,9110,9150,9207,9083,9330,8898,9212,9166,9133,9235,9041,9140,8479,9180,9125
3007,9104,9119,9056,8826,9304,9239,9132,9114,9198,9031,9086,8914,9149,9087,9100,9064,9118,9206,9151,9184,9284,9161,9050,9195,8982,9077,9063,9210,9023,9266,8808,9131,8981,9118,9056,9059,9175,9145,8907,9145,9284,9040,9174,9042,9224,9169,9053,9257,9143,8990,8602,8882,8982,9259,9080,9078,9127,9021,9155,8996,9124,9082,9102,9086,9234,9012,8931,9253,9096,9063,9140,8681,8865,9276,8977,9194,9148,9183,8939,8817,9094,9110,9150,9207,9083,9330,8898,9212,9166,9133,9235,9041,9140,8479,9180,9125
3008,9104,9119,9056,8826,9304,9239,9132,9114,9198,9031,9086,8914,9149,9087,9100,9064,9118,9206,9151,9184,9284,9161,9050,9195,8982,9077,9063,9210,9023,9266,8808,9131,8981,9118,9056,9059,9175,9145,8907,9145,9284,9040,9174,9042,9224,9169,9053,9257,9143,8990,8602,8882,8982,9259,9080,9078,9127,9021,9155,8996,9124,9082,9102,9086,9234,9012,8931,9253,9096,9063,9140,8681,8865,9276,8977,9194,9148,9183,8939,8817,9094,9110,9150,9207,9083,9330,8898,9212,9166,9133,9235,9041,9140,8479,9180,9125
3009,9104,9119,9056,8826,9304,9239,9132,9114,9198,9031,9086,8914,9149,9087,9100,9064,9118,9206,9151,9184,9284,9161,9050,9195,8982,9077,9063,9210,9023,9266,8808,9131,8981,9118,9056,9059,9175,9145,8907,9145,9284,9040,9174,9042,9224,9169,9053,9257,9143,8990,8602,8882,8982,9259,9080,9078,9127,9021,9155,8996,9124,9082,9102,9086,9234,9012,8931,9253,9096,9063,9140,8681,8865,9276,8977,9194,9148,9183,8939,8817,9094,9110,9150,9207,9083,9330,8898,9212,9166,9133,9235,9041,9140,8479,9180,9125
3010,9104,9119,9056,8826,9304,9239,9132,9114,9198,9031,9086,8914,9149,9087,9100,9064,9118,9206,9151,9184,9284,9161,9050,9195,8982,9077,9063,9210,9023,9266,8808,9131,8981,9118,9056,9059,9175,9145,8907,9145,9284,9040,9174,9042,9224,9169,9053,9257,9143,8990,8602,8882,8982,9259,9080,9078,9127,9021,9155,8996,9124,9082,9102,9086,9234,9012,8931,9253,9096,9063,9140,8681,8865,9276,8977,9194,9148,9183,8939,8817,9094,9110,9150,9207,9083,9330,8898,9212,9166,9133,9235,9041,9140,8479,9180,9125
3011,9104,9119,9056,8826,9304,9239,9132,9114,9198,9031,9086,8914,9149,9087,9100,9064,9118,9206,9151,9184,9284,9161,9050,9195,8982,9077,9063,9210,9023,9266,8808,9131,8981,9118,9056,9059,9175,9145,8907,9145,9284,9040,9174,9042,9224,9169,9053,9257,9143,8990,8602,8882,8982,9259,9080,9078,9127,9021,9155,8996,9124,9082,9102,9086,9234,9012,8931,9253,9096,9063,9140,8681,8865,9276,8977,9194,9148,9183,8939,8817,9094,9110,9150,9207,9083,9330,8898,9212,9166,9133,9235,9041,9140,8479,9180,9125
3012,9104,9119,9056,8826,9304,9239,9132,9114,9198,9031,9086,8914,9149,9087,9100,9064,9118,9206,9151,9184,9284,9161,9050,9195,8982,9077,9063,9210,9023,9266,8808,9131,8981,9118,9056,9059,9175,9145,8907,9145,9284,9040,9174,9042,9224,9169,9053,9257,9143,8990,8602,8882,8982,9259,9080,9078,9127,9021,9155,8996,9124,9082,9102,9086,9234,9012,8931,9253,9096,9063,9140,8681,8865,9276,8977,9194,9148,9183,8939,8817,9094,9110,9150,9207,9083,9330,8898,9212,9166,9133,9235,9041,9140,8479,9180,9125
3013,9104,9119,9056,8826,9304,9239,9132,9114,9198,9031,9086,8914,9149,9087,9100,9064,9118,9206,9151,9184,9284,9161,9050,9195,8982,9077,9063,9210,9023,9266,8808,9131,8981,9118,9056,9059,9175,9145,8907,9145,9284,9040,9174,9042,9224,9169,9053,9257,9143,8990,8602,8882,8982,9259,9080,9078,9127,9021,9155,8996,9124,9082,9102,9086,9234,9012,8931,9253,9096,9063,9140,8681,8865,9276,8977,9194,9148,9183,8939,8817,9094,9110,9150,9207,9083,9330,8898,9212,9166,9133,9235,9041,9140,8479,9180,9125
3014,9104,9119,9056,8826,9304,9239,9132,9114,9198,9031,9086,8914,9149,9087,9100,9064,9118,9206,9151,9184,9284,9161,9050,9195,8982,9077,9063,9210,9023,9266,8808,9131,8981,9118,9056,9059,9175,9145,8907,9145,9284,9040,9174,9042,9224,9169,9053,9257,9143,8990,8602,8882,8982,9259,9080,9078,9127,9021,9155,8996,9124,9082,9102,9086,9234,9012,8931,9253,9096,9063,9140,8681,8865,9276,8977,9194,9148,9183,8939,8817,9094,9110,9150,9207,9083,9330,8898,9212,9166,9133,9235,9041,9140,8479,9180,9125
3015,9104,9119,9056,8826,9304,9239,9132,9114,9198,9031,9086,8914,9149,9087,9100,9064,9118,9206,9151,9184,9284,9161,9050,9195,8982,9077,9063,9210,9023,9266,8808,9131,8981,9118,9056,9059,9175,9145,8907,9145,9284,9040,9174,9042,9224,9169,9053,9257,9143,8990,8602,8882,8982,9259,9080,9078,9127,9021,9155,8996,9124,9082,9102,9086,9234,9012,8931,9253,9096,9063,9140,8681,8865,9276,8977,9194,9148,9183,8939,8817,9094,9110,9150,9207,9083,9330,8898,9212,9166,9133,9235,9041,9140,8479,9180,9125
3016,9104,9119,9056,8826,9304,9239,9132,9114,9198,9031,9086,8914,9149,9087,9100,9064,9118,9206,9151,9184,9284,9161,9050,9195,8982,9077,9063,9210,9023,9266,8808,9131,8981,9118,9056,9059,9175,9145,8907,9145,9284,9040,9174,9042,9224,9169,9053,9257,9143,8990,8602,8882,8982,9259,9080,9078,9127,9021,9155,8996,9124,9082,9102,9086,9234,9012,8931,9253,9096,9063,9140,8681,8865,9276,8977,9194,9148,9183,8939,8817,9094,9110,9150,9207,9083,9331,8898,9212,9166,9133,9235,9041,9140,8479,9180,9125
3017,9104,9119,9056,8826,9304,9239,9132,9114,9198,9031,9086,8914,9149,9087,9101,9064,9118,9206,9151,9184,9284,9161,9050,9195,8982,9077,9063,9210,9023,9266,8808,9131,8981,9118,9056,9059,9175,9145,8907,9145,9284,9040,9174,9042,9224,9169,9053,9257,9143,8990,8602,8882,8982,9259,9080,9078,9127,9021,9155,8996,9124,9082,9102,9086,9234,9012,8931,9253,9096,9063,9140,8681,8865,9276,8977,9194,9148,9183,8939,8817,9094,9110,9150,9207,9083,9331,8898,9212,9166,9133,9235,9041,9140,8479,9180,9125
3018,9104,9119,9056,8826,9304,9239,9132,9114,9198,9031,9086,8914,9149,9087,9101,9064,9118,9206,9151,9184,9284,9161,9050,9195,8982,9077,9063,9210,9023,9266,8808,9131,8981,9118,9056,9059,9175,9145,8907,9145,9284,9040,9174,9042,9224,9169,9053,9257,9143,8990,8602,8882,8982,9259,9080,9078,9127,9021,9155,8996,9124,9082,9102,9086,9234,9012,8931,9253,9096,9063,9140,8681,8865,9276,8977,9194,9148,9183,8939,8817,9094,9110,9150,9207,9083,9331,8898,9212,9166,9133,9235,9041,9140,8479,9180,9125
3019,9104,9119,9056,8826,9304,9239,9132,9114,9198,9031,9086,8914,9149,9087,9101,9064,9118,9206,9151,9184,9284,9161,9050,9195,8982,9077,9063,9210,9023,9266,8808,9131,8981,9118,9056,9059,9175,9145,8907,9145,9284,9040,9174,9042,9224,9169,9053,9257,9143,8990,8602,8882,8982,9259,9080,9078,9127,9021,9155,8996,9124,9082,9102,9086,9234,9012,8931,9253,9096,9063,9140,8681,8865,9276,8977,9194,9148,9183,8939,8817,9094,9110,9150,9207,9083,9331,8898,9212,9166,9133,9235,9041,9140,8479,9180,9125
3020,9104,9119,9056,8826,9304,9239,9132,9114,9198,9031,9086,8914,9149,9087,9101,9064,9118,9206,9151,9184,9284,9161,9050,9195,8982,9077,9063,9210,9023,9266,8808,9131,8981,9118,9056,9059,9175,9145,8907,9145,9284,9040,9174,9042,9224,9169,9053,9257,9143,8990,8602,8882,8982,9259,9080,9078,9127,9021,9155,8996,9124,9082,9102,9086,9234,9012,8931,9253,9096,9063,9140,8681,8865,9276,8977,9194,9148,9183,8939,8817,9094,9110,9150,9207,9083,9331,8898,9212,9166,9133,9235,9041,9140,8479,9180,9125
3021,9104,9119,9056,8826,9304,9239,9132,9114,9198,9031,9086,8914,9149,9087,9101,9064,9118,9206,9151,9184,9284,9161,9050,9195,8982,9077,9063,9210,9023,9266,8808,9131,8981,9118,9056,9059,9175,9145,8907,9145,9284,9040,9174,9042,9224,9169,9053,9257,9143,8990,8602,8882,8982,9259,9080,9078,9127,9021,9155,8996,9124,9082,9102,9086,9234,9012,8931,9253,9096,9063,9140,8681,8865,9276,8977,9194,9148,9183,8939,8817,9094,9110,9150,9207,9083,9331,8898,9212,9166,9133,9235,9041,9140,8479,9180,9125
3022,9104,9119,9056,8826,9304,9239,9132,9114,9198,9031,9086,8914,9149,9087,9101,9064,9118,9206,9151,9184,9284,9161,9050,9195,8982,9077,9063,9210,9023,9266,8808,9131,8981,9118,9056,9059,9175,9145,8907,9145,9284,9040,9174,9042,9224,9169,9053,9257,9143,8990,8602,8882,8982,9259,9080,9078,9127,9021,9155,8996,9124,9082,9102,9086,9234,9012,8931,9253,9096,9063,9140,8681,8865,9276,8977,9194,9148,9183,8939,8817,9094,9110,9150,9207,9083,9331,8898,9212,9166,9133,9235,9041,9140,8479,9180,9125
3023,9104,9119,9056,8826,9304,9239,9132,9114,9198,9031,9086,8914,9149,9087,9101,9064,9118,9206,9151,9184,9284,9161,9050,9195,8982,9077,9063,9210,9023,9266,8808,9131,8981,9118,9056,9059,9175,9145,8907,9145,9284,9040,9174,9042,9224,9169,9053,9257,9143,8990,8602,8882,8982,9259,9080,9078,9127,9021,9155,8996,9124,9082,9102,9086,9234,9012,8931,9253,9096,9063,9140,8681,8865,9276,8977,9194,9148,9183,8939,8817,9094,9110,9150,9207,9083,9331,8898,9212,9166,9133,9235,9041,9140,8479,9180,9125
3024,9104,9119,9056,8826,9304,9239,9132,9114,9198,9031,9086,8914,9149,9087,9101,9064,9118,9206,9151,9184,9284,9161,9050,9195,8982,9077,9063,9210,9023,9266,8808,9131,8981,9118,9056,9059,9175,9145,8907,9145,9284,9040,9174,9042,9224,9169,9053,9257,9143,8990,8602,8882,8982,9259,9080,9078,9127,9021,9155,8996,9124,9082,9102,9086,9234,9012,8931,9253,9096,9063,9140,8681,8865,9276,8977,9194,9148,9183,8939,8817,9094,9110,9150,9207,9083,9331,8898,9212,9166,9133,9235,9041,9140,8479,9180,9125
